0 1
0.001 1.0015
0.002 1.003
0.003 1.0045
0.004 1.0061
0.005 1.0076
0.006 1.0091
0.007 1.0107
0.008 1.0122
0.009 1.0138
0.01 1.0154
0.011 1.017
0.012 1.0186
0.013 1.0202
0.014 1.0218
0.015 1.0234
0.016 1.025
0.017 1.0266
0.018 1.0283
0.019 1.0299
0.02 1.0316
0.021 1.0332
0.022 1.0349
0.023 1.0366
0.024 1.0383
0.025 1.04
0.026 1.0417
0.027 1.0434
0.028 1.0452
0.029 1.0469
0.03 1.0486
0.031 1.0504
0.032 1.0522
0.033 1.054
0.034 1.0557
0.035 1.0575
0.036 1.0593
0.037 1.0612
0.038 1.063
0.039 1.0648
0.04 1.0667
0.041 1.0685
0.042 1.0704
0.043 1.0723
0.044 1.0742
0.045 1.0761
0.046 1.078
0.047 1.0799
0.048 1.0818
0.049 1.0838
0.05 1.0857
0.051 1.0877
0.052 1.0897
0.053 1.0916
0.054 1.0936
0.055 1.0957
0.056 1.0977
0.057 1.0997
0.058 1.1018
0.059 1.1038
0.06 1.1059
0.061 1.108
0.062 1.1101
0.063 1.1122
0.064 1.1143
0.065 1.1164
0.066 1.1186
0.067 1.1207
0.068 1.1229
0.069 1.1251
0.07 1.1273
0.071 1.1295
0.072 1.1317
0.073 1.1339
0.074 1.1362
0.075 1.1385
0.076 1.1407
0.077 1.143
0.078 1.1453
0.079 1.1477
0.08 1.15
0.081 1.1524
0.082 1.1547
0.083 1.1571
0.084 1.1595
0.085 1.1619
0.086 1.1643
0.087 1.1668
0.088 1.1692
0.089 1.1717
0.09 1.1742
0.091 1.1767
0.092 1.1792
0.093 1.1818
0.094 1.1843
0.095 1.1869
0.096 1.1895
0.097 1.1921
0.098 1.1947
0.099 1.1973
0.1 1.2
0.101 1.2027
0.102 1.2054
0.103 1.2081
0.104 1.2108
0.105 1.2136
0.106 1.2163
0.107 1.2191
0.108 1.2219
0.109 1.2247
0.11 1.2276
0.111 1.2304
0.112 1.2333
0.113 1.2362
0.114 1.2392
0.115 1.2421
0.116 1.2451
0.117 1.2481
0.118 1.2511
0.119 1.2541
0.12 1.2571
0.121 1.2602
0.122 1.2633
0.123 1.2664
0.124 1.2696
0.125 1.2727
0.126 1.2759
0.127 1.2791
0.128 1.2824
0.129 1.2856
0.13 1.2889
0.131 1.2922
0.132 1.2955
0.133 1.2989
0.134 1.3023
0.135 1.3057
0.136 1.3091
0.137 1.3125
0.138 1.316
0.139 1.3195
0.14 1.3231
0.141 1.3266
0.142 1.3302
0.143 1.3339
0.144 1.3375
0.145 1.3412
0.146 1.3449
0.147 1.3486
0.148 1.3524
0.149 1.3562
0.15 1.36
0.151 1.3639
0.152 1.3677
0.153 1.3717
0.154 1.3756
0.155 1.3796
0.156 1.3836
0.157 1.3877
0.158 1.3917
0.159 1.3959
0.16 1.4
0.161 1.4042
0.162 1.4084
0.163 1.4127
0.164 1.4169
0.165 1.4213
0.166 1.4256
0.167 1.43
0.168 1.4345
0.169 1.439
0.17 1.4435
0.171 1.448
0.172 1.4526
0.173 1.4573
0.174 1.4619
0.175 1.4667
0.176 1.4714
0.177 1.4762
0.178 1.4811
0.179 1.486
0.18 1.4909
0.181 1.4959
0.182 1.5009
0.183 1.506
0.184 1.5111
0.185 1.5163
0.186 1.5215
0.187 1.5268
0.188 1.5321
0.189 1.5374
0.19 1.5429
0.191 1.5483
0.192 1.5538
0.193 1.5594
0.194 1.565
0.195 1.5707
0.196 1.5765
0.197 1.5823
0.198 1.5881
0.199 1.594
0.2 1.6
0.201 1.606
0.202 1.6121
0.203 1.6183
0.204 1.6245
0.205 1.6308
0.206 1.6371
0.207 1.6435
0.208 1.65
0.209 1.6565
0.21 1.6632
0.211 1.6698
0.212 1.6766
0.213 1.6834
0.214 1.6903
0.215 1.6973
0.216 1.7043
0.217 1.7115
0.218 1.7187
0.219 1.726
0.22 1.7333
0.221 1.7408
0.222 1.7483
0.223 1.7559
0.224 1.7636
0.225 1.7714
0.226 1.7793
0.227 1.7873
0.228 1.7953
0.229 1.8035
0.23 1.8118
0.231 1.8201
0.232 1.8286
0.233 1.8371
0.234 1.8458
0.235 1.8545
0.236 1.8634
0.237 1.8724
0.238 1.8815
0.239 1.8907
0.24 1.9
0.241 1.9094
0.242 1.919
0.243 1.9287
0.244 1.9385
0.245 1.9484
0.246 1.9584
0.247 1.9686
0.248 1.9789
0.249 1.9894
0.25 2
0.251 2.0107
0.252 2.0216
0.253 2.0327
0.254 2.0438
0.255 2.0552
0.256 2.0667
0.257 2.0783
0.258 2.0901
0.259 2.1021
0.26 2.1143
0.261 2.1266
0.262 2.1391
0.263 2.1518
0.264 2.1647
0.265 2.1778
0.266 2.191
0.267 2.2045
0.268 2.2182
0.269 2.2321
0.27 2.2462
0.271 2.2605
0.272 2.275
0.273 2.2898
0.274 2.3048
0.275 2.32
0.276 2.3355
0.277 2.3512
0.278 2.3672
0.279 2.3835
0.28 2.4
0.281 2.4168
0.282 2.4339
0.283 2.4513
0.284 2.469
0.285 2.487
0.286 2.5053
0.287 2.5239
0.288 2.5429
0.289 2.5622
0.29 2.5818
0.291 2.6018
0.292 2.6222
0.293 2.643
0.294 2.6642
0.295 2.6857
0.296 2.7077
0.297 2.7301
0.298 2.7529
0.299 2.7762
0.3 2.8
0.301 2.8242
0.302 2.849
0.303 2.8742
0.304 2.9
0.305 2.9263
0.306 2.9532
0.307 2.9806
0.308 3.0087
0.309 3.0374
0.31 3.0667
0.311 3.0966
0.312 3.1273
0.313 3.1586
0.314 3.1907
0.315 3.2235
0.316 3.2571
0.317 3.2916
0.318 3.3268
0.319 3.363
0.32 3.4
0.321 3.438
0.322 3.4769
0.323 3.5169
0.324 3.5579
0.325 3.6
0.326 3.6432
0.327 3.6877
0.328 3.7333
0.329 3.7803
0.33 3.8286
0.331 3.8783
0.332 3.9294
0.333 3.9821
0.334 4.0364
0.335 4.0923
0.336 4.15
0.337 4.2095
0.338 4.271
0.339 4.3344
0.34 4.4
0.341 4.4678
0.342 4.5379
0.343 4.6105
0.344 4.6857
0.345 4.7636
0.346 4.8444
0.347 4.9283
0.348 5.0154
0.349 5.1059
0.35 5.2
0.351 5.298
0.352 5.4
0.353 5.5064
0.354 5.6174
0.355 5.7333
0.356 5.8545
0.357 5.9814
0.358 6.1143
0.359 6.2537
0.36 6.4
0.361 6.5538
0.362 6.7158
0.363 6.8865
0.364 7.0667
0.365 7.2571
0.366 7.4588
0.367 7.6727
0.368 7.9
0.369 8.1419
0.37 8.4
0.371 8.6759
0.372 8.9714
0.373 9.2889
0.374 9.6308
0.375 10
0.376 10.4
0.377 10.835
0.378 11.309
0.379 11.829
0.38 12.4
0.381 13.032
0.382 13.733
0.383 14.518
0.384 15.4
0.385 16.4
0.386 17.543
0.387 18.862
0.388 20.4
0.389 22.218
0.39 24.4
0.391 27.067
0.392 30.4
0.393 34.686
0.394 40.4
0.395 48.4
0.396 60.4
0.397 80.4
0.398 120.4
0.399 240.4
0.4 Inf
0.4 Inf
0.401 1487.8
0.402 737.88
0.403 487.94
0.404 363.01
0.405 288.07
0.406 238.13
0.407 202.48
0.408 175.76
0.409 154.99
0.41 138.38
0.411 124.8
0.412 113.5
0.413 103.94
0.414 95.761
0.415 88.677
0.416 82.485
0.417 77.028
0.418 72.183
0.419 67.854
0.42 63.963
0.421 60.447
0.422 57.256
0.423 54.347
0.424 51.684
0.425 49.238
0.426 46.984
0.427 44.901
0.428 42.97
0.429 41.175
0.43 39.503
0.431 37.942
0.432 36.482
0.433 35.112
0.434 33.826
0.435 32.616
0.436 31.476
0.437 30.399
0.438 29.382
0.439 28.418
0.44 27.505
0.441 26.639
0.442 25.816
0.443 25.033
0.444 24.287
0.445 23.576
0.446 22.898
0.447 22.251
0.448 21.632
0.449 21.039
0.45 20.472
0.451 19.929
0.452 19.408
0.453 18.908
0.454 18.428
0.455 17.966
0.456 17.522
0.457 17.096
0.458 16.685
0.459 16.289
0.46 15.907
0.461 15.539
0.462 15.184
0.463 14.841
0.464 14.51
0.465 14.19
0.466 13.881
0.467 13.582
0.468 13.292
0.469 13.012
0.47 12.741
0.471 12.478
0.472 12.223
0.473 11.976
0.474 11.737
0.475 11.505
0.476 11.279
0.477 11.06
0.478 10.848
0.479 10.641
0.48 10.441
0.481 10.246
0.482 10.056
0.483 9.8715
0.484 9.6921
0.485 9.5174
0.486 9.3475
0.487 9.182
0.488 9.0208
0.489 8.8638
0.49 8.7109
0.491 8.5618
0.492 8.4165
0.493 8.2748
0.494 8.1366
0.495 8.0018
0.496 7.8703
0.497 7.742
0.498 7.6167
0.499 7.4944
0.5 7.375
0.501 7.2584
0.502 7.1445
0.503 7.0332
0.504 6.9244
0.505 6.8181
0.506 6.7142
0.507 6.6126
0.508 6.5133
0.509 6.4162
0.51 6.3211
0.511 6.2282
0.512 6.1372
0.513 6.0482
0.514 5.9611
0.515 5.8758
0.516 5.7923
0.517 5.7105
0.518 5.6304
0.519 5.552
0.52 5.4751
0.521 5.3999
0.522 5.3261
0.523 5.2538
0.524 5.183
0.525 5.1135
0.526 5.0454
0.527 4.9787
0.528 4.9132
0.529 4.849
0.53 4.786
0.531 4.7243
0.532 4.6637
0.533 4.6042
0.534 4.5459
0.535 4.4886
0.536 4.4324
0.537 4.3772
0.538 4.3231
0.539 4.2699
0.54 4.2177
0.541 4.1664
0.542 4.1161
0.543 4.0666
0.544 4.018
0.545 3.9703
0.546 3.9234
0.547 3.8773
0.548 3.832
0.549 3.7875
0.55 3.7438
0.551 3.7008
0.552 3.6586
0.553 3.617
0.554 3.5762
0.555 3.536
0.556 3.4965
0.557 3.4577
0.558 3.4194
0.559 3.3819
0.56 3.3449
0.561 3.3085
0.562 3.2727
0.563 3.2375
0.564 3.2029
0.565 3.1688
0.566 3.1353
0.567 3.1022
0.568 3.0697
0.569 3.0377
0.57 3.0062
0.571 2.9752
0.572 2.9447
0.573 2.9146
0.574 2.885
0.575 2.8558
0.576 2.8271
0.577 2.7988
0.578 2.7709
0.579 2.7435
0.58 2.7164
0.581 2.6898
0.582 2.6635
0.583 2.6376
0.584 2.6121
0.585 2.587
0.586 2.5622
0.587 2.5378
0.588 2.5138
0.589 2.4901
0.59 2.4667
0.591 2.4436
0.592 2.4209
0.593 2.3985
0.594 2.3764
0.595 2.3546
0.596 2.3331
0.597 2.3119
0.598 2.291
0.599 2.2703
0.6 2.25
0.601 2.2299
0.602 2.2101
0.603 2.1906
0.604 2.1713
0.605 2.1523
0.606 2.1335
0.607 2.115
0.608 2.0967
0.609 2.0787
0.61 2.0608
0.611 2.0433
0.612 2.0259
0.613 2.0088
0.614 1.9919
0.615 1.9752
0.616 1.9587
0.617 1.9424
0.618 1.9263
0.619 1.9104
0.62 1.8947
0.621 1.8793
0.622 1.864
0.623 1.8488
0.624 1.8339
0.625 1.8192
0.626 1.8046
0.627 1.7902
0.628 1.776
0.629 1.7619
0.63 1.748
0.631 1.7343
0.632 1.7208
0.633 1.7074
0.634 1.6941
0.635 1.681
0.636 1.6681
0.637 1.6553
0.638 1.6426
0.639 1.6301
0.64 1.6178
0.641 1.6056
0.642 1.5935
0.643 1.5815
0.644 1.5697
0.645 1.558
0.646 1.5465
0.647 1.535
0.648 1.5237
0.649 1.5125
0.65 1.5015
0.651 1.4905
0.652 1.4797
0.653 1.469
0.654 1.4584
0.655 1.4479
0.656 1.4375
0.657 1.4273
0.658 1.4171
0.659 1.4071
0.66 1.3971
0.661 1.3873
0.662 1.3775
0.663 1.3679
0.664 1.3583
0.665 1.3489
0.666 1.3395
0.667 1.3303
0.668 1.3211
0.669 1.312
0.67 1.303
0.671 1.2941
0.672 1.2853
0.673 1.2765
0.674 1.2679
0.675 1.2593
0.676 1.2508
0.677 1.2424
0.678 1.2341
0.679 1.2259
0.68 1.2177
0.681 1.2096
0.682 1.2016
0.683 1.1936
0.684 1.1858
0.685 1.178
0.686 1.1702
0.687 1.1626
0.688 1.155
0.689 1.1475
0.69 1.14
0.691 1.1326
0.692 1.1253
0.693 1.118
0.694 1.1108
0.695 1.1037
0.696 1.0966
0.697 1.0896
0.698 1.0826
0.699 1.0757
0.7 1.0689
0.701 1.0621
0.702 1.0554
0.703 1.0487
0.704 1.0421
0.705 1.0355
0.706 1.029
0.707 1.0225
0.708 1.0161
0.709 1.0098
0.71 1.0035
0.711 0.99722
0.712 0.99102
0.713 0.98486
0.714 0.97875
0.715 0.97269
0.716 0.96667
0.717 0.9607
0.718 0.95477
0.719 0.94889
0.72 0.94306
0.721 0.93726
0.722 0.93151
0.723 0.9258
0.724 0.92013
0.725 0.91451
0.726 0.90892
0.727 0.90338
0.728 0.89787
0.729 0.8924
0.73 0.88697
0.731 0.88158
0.732 0.87623
0.733 0.87091
0.734 0.86563
0.735 0.86038
0.736 0.85518
0.737 0.85
0.738 0.84486
0.739 0.83976
0.74 0.83468
0.741 0.82964
0.742 0.82464
0.743 0.81966
0.744 0.81472
0.745 0.80981
0.746 0.80493
0.747 0.80008
0.748 0.79526
0.749 0.79047
0.75 0.78571
0.751 0.78098
0.752 0.77628
0.753 0.77161
0.754 0.76696
0.755 0.76235
0.756 0.75776
0.757 0.75319
0.758 0.74865
0.759 0.74414
0.76 0.73966
0.761 0.7352
0.762 0.73076
0.763 0.72636
0.764 0.72197
0.765 0.71761
0.766 0.71327
0.767 0.70896
0.768 0.70467
0.769 0.7004
0.77 0.69616
0.771 0.69194
0.772 0.68774
0.773 0.68356
0.774 0.67941
0.775 0.67527
0.776 0.67116
0.777 0.66707
0.778 0.663
0.779 0.65894
0.78 0.65491
0.781 0.6509
0.782 0.64691
0.783 0.64294
0.784 0.63898
0.785 0.63505
0.786 0.63113
0.787 0.62723
0.788 0.62335
0.789 0.61949
0.79 0.61565
0.791 0.61182
0.792 0.60801
0.793 0.60422
0.794 0.60044
0.795 0.59668
0.796 0.59294
0.797 0.58921
0.798 0.5855
0.799 0.5818
0.8 0.57812
0.801 0.57446
0.802 0.57081
0.803 0.56718
0.804 0.56356
0.805 0.55995
0.806 0.55636
0.807 0.55279
0.808 0.54923
0.809 0.54568
0.81 0.54214
0.811 0.53862
0.812 0.53512
0.813 0.53162
0.814 0.52814
0.815 0.52467
0.816 0.52122
0.817 0.51778
0.818 0.51435
0.819 0.51093
0.82 0.50752
0.821 0.50413
0.822 0.50075
0.823 0.49738
0.824 0.49402
0.825 0.49067
0.826 0.48734
0.827 0.48401
0.828 0.4807
0.829 0.4774
0.83 0.4741
0.831 0.47082
0.832 0.46755
0.833 0.46429
0.834 0.46104
0.835 0.4578
0.836 0.45457
0.837 0.45135
0.838 0.44814
0.839 0.44494
0.84 0.44174
0.841 0.43856
0.842 0.43539
0.843 0.43222
0.844 0.42907
0.845 0.42592
0.846 0.42279
0.847 0.41966
0.848 0.41654
0.849 0.41343
0.85 0.41032
0.851 0.40723
0.852 0.40414
0.853 0.40106
0.854 0.39799
0.855 0.39493
0.856 0.39187
0.857 0.38883
0.858 0.38579
0.859 0.38276
0.86 0.37973
0.861 0.37671
0.862 0.3737
0.863 0.3707
0.864 0.3677
0.865 0.36472
0.866 0.36173
0.867 0.35876
0.868 0.35579
0.869 0.35283
0.87 0.34987
0.871 0.34692
0.872 0.34398
0.873 0.34104
0.874 0.33811
0.875 0.33519
0.876 0.33227
0.877 0.32936
0.878 0.32646
0.879 0.32356
0.88 0.32066
0.881 0.31777
0.882 0.31489
0.883 0.31201
0.884 0.30914
0.885 0.30627
0.886 0.30341
0.887 0.30056
0.888 0.29771
0.889 0.29486
0.89 0.29202
0.891 0.28919
0.892 0.28636
0.893 0.28353
0.894 0.28071
0.895 0.2779
0.896 0.27509
0.897 0.27228
0.898 0.26948
0.899 0.26668
0.9 0.26389
0.901 0.2611
0.902 0.25832
0.903 0.25554
0.904 0.25276
0.905 0.24999
0.906 0.24723
0.907 0.24446
0.908 0.24171
0.909 0.23895
0.91 0.2362
0.911 0.23345
0.912 0.23071
0.913 0.22797
0.914 0.22524
0.915 0.22251
0.916 0.21978
0.917 0.21706
0.918 0.21434
0.919 0.21162
0.92 0.20891
0.921 0.2062
0.922 0.20349
0.923 0.20079
0.924 0.19809
0.925 0.19539
0.926 0.1927
0.927 0.19001
0.928 0.18732
0.929 0.18464
0.93 0.18196
0.931 0.17928
0.932 0.17661
0.933 0.17393
0.934 0.17127
0.935 0.1686
0.936 0.16594
0.937 0.16328
0.938 0.16062
0.939 0.15796
0.94 0.15531
0.941 0.15266
0.942 0.15002
0.943 0.14737
0.944 0.14473
0.945 0.14209
0.946 0.13946
0.947 0.13682
0.948 0.13419
0.949 0.13156
0.95 0.12893
0.951 0.12631
0.952 0.12369
0.953 0.12107
0.954 0.11845
0.955 0.11584
0.956 0.11322
0.957 0.11061
0.958 0.108
0.959 0.1054
0.96 0.10279
0.961 0.10019
0.962 0.097587
0.963 0.094988
0.964 0.092391
0.965 0.089796
0.966 0.087203
0.967 0.084612
0.968 0.082023
0.969 0.079435
0.97 0.076849
0.971 0.074266
0.972 0.071683
0.973 0.069103
0.974 0.066524
0.975 0.063947
0.976 0.061372
0.977 0.058798
0.978 0.056226
0.979 0.053655
0.98 0.051086
0.981 0.048519
0.982 0.045953
0.983 0.043388
0.984 0.040825
0.985 0.038264
0.986 0.035703
0.987 0.033145
0.988 0.030587
0.989 0.028031
0.99 0.025477
0.991 0.022923
0.992 0.020371
0.993 0.017821
0.994 0.015271
0.995 0.012723
0.996 0.010176
0.997 0.0076302
0.998 0.0050856
0.999 0.0025422
1 -0
