0.000000 1.008034 1.035031
1.000000 0.516605 0.637644
2.000000 0.647666 1.125057
3.000000 0.616409 0.980011
4.000000 0.709802 1.315556
5.000000 0.846010 0.956674
6.000000 0.697822 1.057633
7.000000 0.890545 1.274529
8.000000 0.566737 0.622637
9.000000 0.114937 1.917778
10.000000 0.296133 0.375287
11.000000 0.108364 1.175802
12.000000 0.567799 1.106262
13.000000 0.232749 0.731759
14.000000 0.327009 0.803176
15.000000 0.381319 0.597641
16.000000 0.724779 1.036320
17.000000 0.745690 1.370987
18.000000 0.495152 0.775472
19.000000 0.613129 0.929296
20.000000 0.756549 1.176317
21.000000 0.666157 1.078695
22.000000 0.610261 1.270396
23.000000 0.970695 1.775353
24.000000 0.509915 0.460611
25.000000 0.676840 1.053497
26.000000 0.361679 0.651720
27.000000 0.692893 1.109225
28.000000 0.874577 1.186837
29.000000 0.665465 0.729865
30.000000 0.499908 0.620357
31.000000 0.050103 0.980391
32.000000 0.164661 1.073950
33.000000 0.701370 0.881500
34.000000 0.905578 1.984422
35.000000 0.506371 1.014440
36.000000 0.751758 0.994150
37.000000 0.923122 1.630157
38.000000 0.995514 1.584446
39.000000 0.730957 1.017922
40.000000 0.573448 1.019200
41.000000 0.813532 1.272824
42.000000 1.033858 1.676016
43.000000 0.587667 0.589308
44.000000 0.436043 1.531825
45.000000 0.634176 0.755493
46.000000 0.313556 0.502228
47.000000 0.723673 1.148177
48.000000 0.336198 0.886154
49.000000 0.437377 0.782558
50.000000 0.457253 0.818454
51.000000 0.632344 0.913528
52.000000 0.487600 0.766181
53.000000 1.125868 2.177667
54.000000 0.603839 0.903123
55.000000 0.497058 0.828940
56.000000 -0.085659 0.392619
57.000000 0.225783 0.602493
58.000000 0.175300 0.681302
59.000000 -0.113648 0.796018
60.000000 -0.060095 0.361086
61.000000 0.279268 1.018670
62.000000 0.265096 0.634400
63.000000 0.400660 0.814325
64.000000 0.442152 0.844157
65.000000 0.853739 0.927021
66.000000 0.499412 0.624883
67.000000 0.315888 1.131109
68.000000 0.305618 0.456711
69.000000 0.392617 1.141842
70.000000 0.424671 0.514285
71.000000 0.379912 0.413045
72.000000 0.286423 0.549520
73.000000 0.403266 0.728702
74.000000 0.162532 0.531912
75.000000 -0.000976 0.570604
76.000000 0.208188 0.390746
77.000000 0.491238 1.263520
78.000000 0.314800 0.659091
79.000000 0.365496 0.666601
80.000000 0.449767 0.674732
81.000000 0.525566 0.627374
82.000000 0.015228 0.757581
83.000000 0.560500 1.421239
84.000000 0.509719 1.547453
85.000000 0.458055 0.520714
86.000000 0.193535 0.323119
87.000000 0.298080 0.934517
88.000000 0.814527 0.801927
89.000000 0.278472 0.635645
90.000000 0.489016 1.211395
91.000000 0.670969 0.974215
92.000000 0.841640 0.819723
93.000000 0.940105 1.699779
94.000000 0.436675 0.899417
95.000000 0.692661 1.373058
96.000000 0.617563 0.923087
97.000000 0.609861 1.001510
98.000000 0.944234 1.535630
99.000000 0.694606 0.802325
100.000000 0.658296 1.417647
101.000000 0.445663 0.662030
102.000000 0.662743 0.867037
103.000000 0.914791 1.013099
104.000000 0.840950 1.779610
105.000000 0.542617 0.782090
106.000000 0.049346 0.522966
107.000000 0.501614 0.763524
108.000000 0.356098 0.841731
109.000000 0.481401 0.708444
110.000000 0.244980 1.019666
111.000000 0.479490 1.667225
112.000000 0.356835 0.603561
113.000000 0.324626 1.175883
114.000000 0.419952 1.403486
115.000000 0.328084 1.072322
116.000000 0.397446 1.041798
117.000000 0.088455 0.936821
118.000000 0.506433 1.276796
119.000000 0.838809 1.238229
120.000000 0.321097 0.826034
121.000000 0.224600 0.855855
122.000000 0.408857 1.381086
123.000000 0.509185 0.898677
124.000000 0.713229 1.257595
125.000000 0.231892 0.668190
126.000000 0.619491 0.990907
127.000000 0.769065 1.094409
128.000000 0.771693 1.348879
129.000000 0.921285 1.344234
130.000000 0.637093 0.530588
131.000000 0.475040 1.185368
132.000000 0.206497 0.523197
133.000000 0.302863 0.837873
134.000000 0.525042 1.004688
135.000000 0.706705 0.914894
136.000000 0.364872 0.762489
137.000000 0.101461 0.428173
138.000000 0.562637 1.014577
139.000000 0.826449 1.317754
140.000000 0.710290 1.097140
141.000000 0.497363 0.661444
142.000000 -0.095857 0.266323
143.000000 0.568537 0.643811
144.000000 0.775479 1.223064
145.000000 -0.041279 0.258333
146.000000 0.591303 0.817676
147.000000 0.585989 0.680662
148.000000 0.834093 1.576501
149.000000 0.759498 2.029701
150.000000 0.724402 1.947476
151.000000 0.500782 1.038942
152.000000 0.349789 1.093311
153.000000 0.503991 0.732191
154.000000 0.262648 0.730449
155.000000 0.238136 0.299127
156.000000 -0.079335 0.699113
157.000000 0.069231 0.491116
158.000000 0.335495 0.948511
159.000000 0.213698 0.595450
160.000000 0.040378 0.972759
161.000000 0.469821 1.104826
162.000000 0.148380 0.249515
163.000000 0.260147 0.725585
164.000000 0.414599 1.170714
165.000000 0.604348 0.657430
166.000000 0.636262 1.772108
167.000000 0.355145 1.001443
168.000000 0.544448 1.241692
169.000000 0.970930 1.136274
170.000000 0.599223 1.260542
171.000000 0.282937 0.836027
172.000000 0.320190 0.995333
173.000000 0.177495 0.766098
174.000000 0.925954 1.435806
175.000000 0.745768 1.046121
176.000000 0.755264 0.940233
177.000000 0.640805 1.082485
178.000000 0.528177 0.887067
179.000000 0.494991 1.388124
180.000000 0.118237 0.954294
181.000000 0.272503 0.908731
182.000000 0.774553 1.017992
183.000000 0.713259 1.780402
184.000000 0.435769 1.593167
185.000000 0.458786 0.403424
186.000000 0.445734 1.135860
187.000000 0.731474 1.241815
188.000000 0.586502 0.868934
189.000000 0.777566 1.519883
190.000000 0.496216 0.424583
191.000000 0.372704 0.469463
192.000000 0.771254 1.120216
193.000000 0.685217 0.837922
194.000000 0.539286 0.913130
195.000000 0.358843 0.786340
196.000000 0.283911 0.395580
197.000000 0.605997 0.932033
198.000000 0.553452 0.528246
199.000000 0.104689 0.751689
200.000000 0.249699 0.784316
201.000000 0.752984 1.307632
202.000000 0.576524 0.755313
203.000000 0.750935 1.540538
204.000000 0.801207 1.365762
205.000000 0.985561 1.564193
206.000000 0.451514 0.934562
207.000000 0.373448 0.626415
208.000000 0.239361 1.073419
209.000000 0.543112 0.950032
210.000000 -0.103033 0.588144
211.000000 0.344989 0.804171
212.000000 0.707897 1.537472
213.000000 0.561798 0.832521
214.000000 0.265805 0.853011
215.000000 0.215200 0.850660
216.000000 0.316338 1.005459
217.000000 0.913759 1.701633
218.000000 0.572650 1.003684
219.000000 0.551464 1.345167
220.000000 -0.011900 0.447111
221.000000 0.198093 0.984577
222.000000 0.693402 1.328950
223.000000 0.667521 1.225474
224.000000 0.475389 0.527630
225.000000 0.617210 0.959892
226.000000 0.137605 1.362855
227.000000 0.363911 0.798725
228.000000 0.132687 0.915676
229.000000 0.710922 1.309251
230.000000 0.407152 0.828247
231.000000 0.388310 1.154688
232.000000 0.817348 1.480366
233.000000 0.701759 1.163053
234.000000 0.791440 1.041310
235.000000 0.332021 0.728803
236.000000 0.721604 1.396637
237.000000 0.455493 0.907804
238.000000 0.811529 1.159485
239.000000 0.558706 0.675798
240.000000 0.705500 0.926486
241.000000 0.062486 0.686160
242.000000 0.384014 0.784116
243.000000 0.226328 0.431711
244.000000 0.766864 1.045781
245.000000 0.483502 0.626641
246.000000 0.669069 0.854324
247.000000 0.693491 1.198868
248.000000 0.578422 0.926307
249.000000 0.262671 1.292491
250.000000 0.251043 0.452958
251.000000 0.119810 0.727616
252.000000 0.405162 0.686497
253.000000 0.397992 0.717335
254.000000 0.370086 0.789039
255.000000 0.297331 0.709580
256.000000 -0.001382 0.315665
257.000000 -0.147489 0.429918
258.000000 0.257541 0.779366
259.000000 0.042713 1.277488
260.000000 0.110155 0.867727
261.000000 0.340588 0.693924
262.000000 0.190745 0.684445
263.000000 0.373886 0.851143
264.000000 0.242862 1.264611
265.000000 0.358225 1.540696
266.000000 0.230156 1.445652
267.000000 0.441778 1.313354
268.000000 0.149014 0.788813
269.000000 0.064795 0.582515
270.000000 -0.162834 0.900856
271.000000 0.035253 1.865185
272.000000 0.212574 0.982360
273.000000 -0.215224 1.727922
274.000000 -0.096576 0.909549
275.000000 0.067356 0.745149
276.000000 0.121982 0.755841
277.000000 0.301828 1.352712
278.000000 0.098617 0.567626
279.000000 -0.111385 0.794480
280.000000 -0.058421 0.372784
281.000000 -0.164765 0.521909
282.000000 -0.092001 0.178380
283.000000 0.022076 0.746236
284.000000 -0.154667 0.752656
285.000000 0.306683 0.773854
286.000000 0.090557 1.122285
287.000000 -0.139305 1.055959
288.000000 0.372607 0.970528
289.000000 0.032510 0.332877
290.000000 -0.067017 0.859121
291.000000 0.037836 0.367803
292.000000 0.256415 0.679737
293.000000 0.124281 0.938027
294.000000 0.612934 1.300260
295.000000 0.469848 0.827595
296.000000 0.169698 0.925350
297.000000 0.073699 1.643028
298.000000 -0.169868 0.401103
299.000000 0.232311 1.122132
300.000000 0.535340 1.061986
301.000000 -0.067407 0.634742
302.000000 0.501200 0.826487
303.000000 0.561040 0.911879
304.000000 0.234701 0.432719
305.000000 0.370422 1.166517
306.000000 0.478338 1.206238
307.000000 0.033957 0.542001
308.000000 0.293281 1.053401
309.000000 -0.039307 1.463319
310.000000 0.190025 1.012727
311.000000 0.823486 1.687877
312.000000 -0.004754 1.195431
313.000000 0.278482 0.436217
314.000000 0.481381 0.488301
315.000000 0.658842 1.087613
316.000000 0.124520 0.828024
317.000000 0.469816 0.914098
318.000000 0.111747 1.260111
319.000000 0.743698 1.642216
320.000000 0.553088 0.736261
321.000000 0.673058 0.757492
322.000000 0.644272 0.933533
323.000000 0.367231 1.010284
324.000000 0.940397 1.656415
325.000000 0.584518 1.005053
326.000000 0.422707 1.452584
327.000000 0.479187 0.444775
328.000000 0.489606 1.071164
329.000000 0.199429 1.040195
330.000000 0.443035 1.597694
331.000000 0.281145 1.352427
332.000000 0.337958 1.020540
333.000000 -0.114586 1.374366
334.000000 -0.098677 0.897310
335.000000 -0.015884 1.241732
336.000000 -0.059592 1.313251
337.000000 0.050802 1.188316
338.000000 0.184003 0.460141
339.000000 -0.173284 1.040905
340.000000 -0.040285 0.938339
341.000000 0.469006 0.871673
342.000000 0.047599 0.965315
343.000000 -0.459485 1.247961
344.000000 -0.243652 0.829251
345.000000 0.083298 1.108884
346.000000 0.385808 0.962324
347.000000 0.485222 1.108666
348.000000 0.654932 1.020333
349.000000 0.157729 1.159128
350.000000 0.385505 0.472214
351.000000 0.056400 0.533379
352.000000 0.238079 0.854254
353.000000 0.258976 1.145786
354.000000 0.605024 1.228823
355.000000 0.450055 0.781303
356.000000 0.186484 0.477694
357.000000 0.604336 1.781797
358.000000 0.926989 1.191492
359.000000 0.454716 0.736704
360.000000 0.314547 0.537181
361.000000 0.565174 1.252863
362.000000 0.505005 1.320118
363.000000 0.658541 1.297359
364.000000 0.366873 0.526752
365.000000 0.229439 0.742708
366.000000 0.161997 0.758556
367.000000 0.198066 0.886236
368.000000 0.304318 1.443495
369.000000 0.568231 0.533362
370.000000 0.491294 0.759460
371.000000 0.463344 0.767131
372.000000 0.493905 1.540849
373.000000 0.220009 0.792183
374.000000 0.454093 1.274435
375.000000 0.479181 1.251517
376.000000 0.603169 1.079948
377.000000 0.296707 0.738223
378.000000 0.398080 0.539217
379.000000 0.526311 0.860939
380.000000 0.401387 0.741734
381.000000 0.497056 1.192481
382.000000 0.346574 0.918662
383.000000 0.614522 1.852430
384.000000 0.688591 1.361141
385.000000 0.509490 1.212343
386.000000 -0.105120 1.154838
387.000000 0.004029 0.652120
388.000000 0.342927 1.394605
389.000000 0.285463 0.937550
390.000000 0.579656 1.380175
391.000000 0.279694 0.785920
392.000000 0.362432 0.729089
393.000000 0.491098 1.202525
394.000000 0.317239 0.743334
395.000000 0.522041 1.411193
396.000000 0.807871 1.061444
397.000000 0.232102 1.029826
398.000000 0.548809 0.683739
399.000000 0.614697 1.254188
400.000000 0.450071 0.718228
401.000000 0.620942 1.140832
402.000000 0.343143 0.806271
403.000000 0.538662 1.194390
404.000000 0.062166 0.745104
405.000000 0.241790 0.823033
406.000000 0.300772 0.654506
407.000000 0.193943 1.917987
408.000000 0.630465 1.321855
409.000000 0.522050 0.804344
410.000000 0.511510 1.095993
411.000000 0.087091 0.957260
412.000000 0.143456 0.807615
413.000000 0.584982 0.716360
414.000000 0.382307 0.744104
415.000000 0.386154 1.915038
416.000000 0.295532 0.970732
417.000000 0.343196 1.105741
418.000000 0.844764 1.591205
419.000000 0.546617 1.430798
420.000000 0.496460 1.192417
421.000000 0.549640 0.715594
422.000000 0.338387 0.947079
423.000000 0.554756 1.591159
424.000000 0.133637 0.518999
425.000000 0.477994 0.640976
426.000000 -0.209099 0.341268
427.000000 -0.154046 0.888447
428.000000 0.296363 0.836893
429.000000 0.066112 0.686797
430.000000 0.527724 0.669586
431.000000 0.079920 1.067865
432.000000 0.312877 1.036092
433.000000 0.578741 1.771585
434.000000 0.450728 1.599574
435.000000 0.219772 1.249034
436.000000 0.317472 1.174272
437.000000 0.246550 2.368984
438.000000 0.213448 2.071549
439.000000 0.219584 1.117718
440.000000 -0.256020 1.130722
441.000000 0.086176 1.910262
442.000000 -0.221945 0.512078
443.000000 -0.274958 0.729634
444.000000 -0.205151 1.024400
445.000000 -0.015870 1.034348
446.000000 -0.129873 1.347211
447.000000 -0.136928 0.486819
448.000000 0.407707 0.859784
449.000000 0.458436 0.935770
450.000000 0.088272 0.879862
451.000000 0.374603 0.855504
452.000000 0.163741 1.095262
453.000000 0.504646 0.878133
454.000000 0.034280 0.608761
455.000000 -0.393479 1.257910
456.000000 -0.014362 0.966476
457.000000 -0.084655 0.713471
458.000000 0.326432 1.247616
459.000000 0.030384 1.392358
460.000000 0.255306 0.686142
461.000000 -0.270400 0.922775
462.000000 -0.159380 0.982978
463.000000 -0.372366 0.480454
464.000000 -0.171049 0.978672
465.000000 0.001659 2.019799
466.000000 -0.233050 1.024837
467.000000 -0.059006 0.917250
468.000000 0.182094 1.072374
469.000000 -0.092525 1.172362
470.000000 -0.098497 0.417247
471.000000 -0.090453 0.284024
472.000000 -0.038519 0.609715
473.000000 -0.271289 1.678188
474.000000 -0.034232 1.380398
475.000000 -0.450430 1.156572
476.000000 -0.065443 0.353434
477.000000 -0.050329 0.818721
478.000000 -0.122638 0.898240
479.000000 0.118600 0.379073
480.000000 0.304642 1.406869
481.000000 0.097636 0.994799
482.000000 0.102580 1.111759
483.000000 -0.034918 0.522260
484.000000 0.028737 0.861609
485.000000 -0.232201 1.146593
486.000000 0.084452 1.102674
487.000000 0.349073 0.961952
488.000000 -0.150958 0.432224
489.000000 -0.133995 1.059106
490.000000 -0.161903 0.548387
491.000000 0.042413 0.615893
492.000000 0.475976 1.276342
493.000000 0.285030 1.353263
494.000000 0.312720 1.022892
495.000000 0.363979 0.892107
496.000000 0.354210 1.240761
497.000000 0.322647 1.169332
498.000000 -0.177101 0.871721
499.000000 -0.194563 1.054759
500.000000 0.050811 0.312122
501.000000 0.199223 0.955512
502.000000 0.130734 0.559271
503.000000 0.407521 0.961961
504.000000 -0.168965 0.577417
505.000000 0.125568 1.131474
506.000000 0.332078 0.596069
507.000000 0.195681 0.795705
508.000000 0.303252 0.614505
509.000000 0.112453 0.770690
510.000000 -0.020793 0.674036
511.000000 0.212805 0.805835
512.000000 0.308355 0.794703
513.000000 0.266142 0.947414
514.000000 0.558262 1.132980
515.000000 0.490948 1.256212
516.000000 0.340372 0.630132
517.000000 0.761638 1.170966
518.000000 0.223558 0.504031
519.000000 0.744162 1.083723
520.000000 0.433464 0.848603
521.000000 0.334439 1.587162
522.000000 0.269126 0.756271
523.000000 0.358143 0.809445
524.000000 0.502954 0.964663
525.000000 0.257721 1.210902
526.000000 0.259551 0.708386
527.000000 -0.085954 0.692615
528.000000 0.530286 1.546570
529.000000 0.369166 0.927205
530.000000 0.376500 1.085956
531.000000 -0.006352 1.263577
532.000000 0.200010 0.487088
533.000000 0.112023 0.946115
534.000000 0.200630 0.902613
535.000000 0.537418 1.154811
536.000000 0.427032 0.493178
537.000000 0.251683 0.956382
538.000000 0.290604 0.640873
539.000000 0.467668 1.564082
540.000000 0.379997 0.701900
541.000000 0.615138 1.146370
542.000000 0.204701 0.932693
543.000000 0.309898 1.334796
544.000000 0.178004 1.022172
545.000000 -0.226944 0.522398
546.000000 0.204982 1.126812
547.000000 -0.207122 1.193262
548.000000 0.582757 1.479697
549.000000 0.101657 1.328758
550.000000 -0.175654 1.042107
551.000000 0.357228 0.964099
552.000000 0.136034 1.227109
553.000000 0.310721 1.428934
554.000000 0.083943 1.064525
555.000000 -0.017712 0.805573
556.000000 0.125206 0.465889
557.000000 0.320161 0.442472
558.000000 0.007812 0.531134
559.000000 -0.038618 0.907553
560.000000 0.233447 0.638436
561.000000 -0.358822 1.516888
562.000000 0.223687 1.276611
563.000000 0.045659 0.515894
564.000000 -0.240454 0.739193
565.000000 0.145444 1.246826
566.000000 0.213975 1.285258
567.000000 0.547682 0.742180
568.000000 0.089365 0.586722
569.000000 0.187966 0.807915
570.000000 -0.083256 0.714941
571.000000 0.005023 0.617564
572.000000 -0.095228 0.591931
573.000000 0.235549 0.777395
574.000000 0.089509 1.173888
575.000000 0.154663 1.053411
576.000000 0.442231 1.364714
577.000000 0.183504 0.874019
578.000000 -0.263112 0.469018
579.000000 0.007465 0.491110
580.000000 0.139339 0.946931
581.000000 0.348748 1.232800
582.000000 0.301885 0.976843
583.000000 0.427011 1.706457
584.000000 0.557974 1.846308
585.000000 0.457309 1.287764
586.000000 0.477590 0.860983
587.000000 0.286626 1.011508
588.000000 0.412394 0.926104
589.000000 0.407322 0.983481
590.000000 0.378449 0.843362
591.000000 0.017249 0.748865
592.000000 0.040683 0.487231
593.000000 -0.131246 1.057300
594.000000 0.216063 1.165648
595.000000 0.355630 1.066492
596.000000 -0.100074 0.595224
597.000000 0.085724 0.735593
598.000000 -0.101153 0.940802
599.000000 0.110063 1.327031
600.000000 0.144475 1.047827
601.000000 -0.076132 1.504115
602.000000 0.069611 1.083077
603.000000 0.344933 1.013108
604.000000 -0.119965 1.166118
605.000000 0.227131 1.083121
606.000000 -0.014946 0.863236
607.000000 -0.030780 0.719158
608.000000 -0.244338 1.379990
609.000000 0.159159 1.045418
610.000000 0.059562 0.612561
611.000000 0.014987 0.721532
612.000000 0.045880 1.602883
613.000000 0.100007 0.656008
614.000000 0.220162 0.713616
615.000000 -0.129787 0.510270
616.000000 0.228685 0.867795
617.000000 0.370940 0.727077
618.000000 0.491320 0.464086
619.000000 0.265229 0.723970
620.000000 0.490000 0.953846
621.000000 0.329628 0.947886
622.000000 0.362484 1.092114
623.000000 0.337366 0.696872
624.000000 -0.207062 0.792556
625.000000 0.281914 1.088246
626.000000 0.545628 1.017580
627.000000 0.030207 0.799302
628.000000 0.279205 0.722367
629.000000 0.109517 1.370919
630.000000 0.359941 1.524979
631.000000 -0.065054 1.090456
632.000000 0.111830 1.564390
633.000000 -0.097123 1.364303
634.000000 0.166150 0.730129
635.000000 -0.009707 0.836887
636.000000 0.148994 1.055533
637.000000 -0.246106 1.191069
638.000000 0.202320 1.857552
639.000000 0.419142 1.566919
640.000000 0.122878 1.122475
641.000000 0.023843 0.461312
642.000000 0.154289 0.746300
643.000000 0.165918 1.349632
644.000000 0.143595 0.999011
645.000000 0.143932 1.097132
646.000000 0.283967 0.722446
647.000000 -0.052956 0.313480
648.000000 0.418355 0.566204
649.000000 -0.029653 0.405231
650.000000 -0.506799 0.763285
651.000000 -0.057146 0.471500
652.000000 -0.054986 0.665779
653.000000 0.232798 0.987049
654.000000 -0.026840 0.914796
655.000000 0.184644 1.651219
656.000000 0.125845 1.447298
657.000000 -0.089326 1.060188
658.000000 -0.176149 1.224494
659.000000 -0.125817 1.791095
660.000000 0.195532 1.214894
661.000000 -0.270774 1.124112
662.000000 -0.021508 0.657978
663.000000 0.102701 1.229904
664.000000 0.321732 0.723717
665.000000 0.081242 1.258301
666.000000 -0.121110 0.711561
667.000000 0.572091 0.713408
668.000000 0.341210 0.644712
669.000000 0.590267 1.192743
670.000000 0.403405 0.423067
671.000000 0.247906 0.825929
672.000000 -0.040214 0.395756
673.000000 -0.223271 0.785941
674.000000 -0.011755 0.551049
675.000000 -0.060060 1.047842
676.000000 -0.079650 0.541346
677.000000 -0.352391 1.191037
678.000000 -0.107628 1.753975
679.000000 0.015000 1.205420
680.000000 -0.100129 0.529196
681.000000 -0.195468 1.040325
682.000000 -0.411984 2.034228
683.000000 -0.046213 0.723583
684.000000 -0.418735 1.113986
685.000000 0.109784 1.199353
686.000000 -0.443279 0.975030
687.000000 -0.389421 1.379734
688.000000 -0.683019 1.754411
689.000000 -0.574467 1.360337
690.000000 -0.144073 1.062369
691.000000 -0.693235 2.008789
692.000000 -0.574597 0.939557
693.000000 -0.489217 1.051416
694.000000 -0.288831 0.721790
695.000000 0.149316 0.756750
696.000000 -0.058074 0.890892
697.000000 -0.293241 0.795006
698.000000 -0.150467 0.279678
699.000000 -0.188156 0.585321
700.000000 -0.122449 0.299791
701.000000 -0.596345 0.941558
702.000000 -0.541063 0.789027
703.000000 -0.021864 0.946602
704.000000 0.318626 1.616903
705.000000 0.021158 1.380339
706.000000 -0.437059 1.362427
707.000000 0.102099 1.389296
708.000000 0.021318 0.760100
709.000000 0.043619 1.034471
710.000000 0.187894 0.943703
711.000000 0.041851 1.391229
712.000000 -0.199061 0.713324
713.000000 0.118253 0.734789
714.000000 0.199283 0.705190
715.000000 0.353919 1.090381
716.000000 0.538972 0.901407
717.000000 0.337058 0.629314
718.000000 0.042624 0.466394
719.000000 0.471422 0.912358
720.000000 0.287430 1.095347
721.000000 0.364317 1.043866
722.000000 0.239355 0.564785
723.000000 0.073332 0.540040
724.000000 0.054381 0.716936
725.000000 0.019665 1.038527
726.000000 0.010014 1.500589
727.000000 0.263565 1.515730
728.000000 -0.003559 1.489256
729.000000 -0.205314 1.201312
730.000000 -0.517323 1.638572
731.000000 -0.107213 0.804829
732.000000 -0.030177 0.874522
733.000000 0.013768 1.199256
734.000000 0.656711 0.840473
735.000000 0.302033 1.293217
736.000000 0.387416 1.600283
737.000000 -0.147614 1.027754
738.000000 -0.091017 0.897412
739.000000 0.181922 0.873071
740.000000 0.163165 0.941817
741.000000 0.267651 1.244623
742.000000 0.442906 1.149479
743.000000 0.539781 1.075765
744.000000 0.423926 1.007792
745.000000 0.608611 1.116188
746.000000 0.140254 1.092381
747.000000 0.295076 1.226979
748.000000 0.012207 1.064686
749.000000 0.267657 0.498573
750.000000 0.205101 1.129801
751.000000 0.196214 0.804008
752.000000 0.231396 1.277240
753.000000 0.218883 1.516104
754.000000 0.152873 0.894026
755.000000 0.430326 1.565063
756.000000 0.141524 1.210297
757.000000 0.491817 0.677554
758.000000 -0.167770 0.607111
759.000000 0.247235 0.791605
760.000000 -0.023342 0.613923
761.000000 -0.042556 1.849950
762.000000 0.130356 1.096519
763.000000 0.391750 0.655402
764.000000 0.572532 0.758449
765.000000 0.620154 1.018148
766.000000 -0.033923 0.770887
767.000000 0.453256 1.291170
768.000000 0.209137 1.156195
769.000000 0.358158 0.844932
770.000000 0.007415 0.613050
771.000000 0.260682 1.420377
772.000000 0.601538 1.266541
773.000000 0.251759 0.971892
774.000000 0.207989 1.289552
775.000000 0.560374 1.378371
776.000000 -0.173463 1.034646
777.000000 -0.087337 0.563868
778.000000 0.138113 0.591848
779.000000 0.351618 1.095624
780.000000 0.557009 0.906969
781.000000 0.433525 1.195827
782.000000 0.375330 1.023203
783.000000 -0.139004 0.907362
784.000000 0.098089 1.146769
785.000000 0.322969 0.866436
786.000000 0.549760 1.034311
787.000000 0.463339 0.989631
788.000000 0.037473 0.580974
789.000000 0.482539 0.898472
790.000000 0.563577 1.053925
791.000000 0.688213 0.846613
792.000000 0.023056 0.669777
793.000000 0.364116 0.791915
794.000000 0.439212 0.928649
795.000000 0.014769 0.667006
796.000000 0.076907 0.692016
797.000000 0.336836 1.435633
798.000000 0.308731 0.724120
799.000000 0.114365 1.030460
800.000000 0.458841 1.082127
801.000000 0.256552 0.700823
802.000000 0.349341 1.198438
803.000000 0.270815 0.452604
804.000000 0.011413 1.584659
805.000000 0.002850 1.128984
806.000000 -0.216372 0.556563
807.000000 0.092320 0.810653
808.000000 0.182464 0.298590
809.000000 0.054972 0.693110
810.000000 0.215202 0.832677
811.000000 0.183782 0.635987
812.000000 0.680930 1.210695
813.000000 0.123824 0.550319
814.000000 0.556630 1.207374
815.000000 0.156765 1.293833
816.000000 0.155854 0.869787
817.000000 0.035943 0.479200
818.000000 -0.054487 0.907991
819.000000 0.129810 0.652940
820.000000 -0.038215 0.452200
821.000000 -0.157660 1.528208
822.000000 -0.513339 1.162874
823.000000 -0.113367 1.390928
824.000000 -0.029053 0.800524
825.000000 -0.366592 0.932105
826.000000 0.122868 0.697232
827.000000 0.033187 0.967391
828.000000 0.092112 0.837856
829.000000 0.100206 0.965465
830.000000 0.006162 0.699740
831.000000 0.287709 0.919710
832.000000 0.352766 0.975532
833.000000 -0.176085 1.462563
834.000000 0.163438 0.502106
835.000000 0.118264 0.873289
836.000000 -0.320902 1.506159
837.000000 0.166824 2.238846
838.000000 -0.140992 1.488477
839.000000 0.230777 1.294749
840.000000 0.446390 1.561634
841.000000 0.200033 1.789790
842.000000 0.570727 2.808362
843.000000 0.446017 1.291461
844.000000 0.560030 0.814839
845.000000 0.161151 1.177150
846.000000 0.149946 1.539651
847.000000 0.052801 1.159210
848.000000 0.244448 0.872158
849.000000 0.084718 1.389448
850.000000 0.085350 1.447530
851.000000 0.415073 1.348098
852.000000 0.154442 1.072614
853.000000 0.047841 1.351780
854.000000 0.228172 0.920640
855.000000 0.404081 2.104301
856.000000 0.265339 0.880857
857.000000 0.132131 1.023010
858.000000 0.035902 1.623565
859.000000 -0.035272 0.890135
860.000000 0.088601 1.061484
861.000000 -0.267219 1.486552
862.000000 -0.284561 0.908407
863.000000 -0.067450 0.913357
864.000000 0.137072 1.174298
865.000000 0.264028 1.072515
866.000000 0.087377 0.869719
867.000000 0.118950 0.571992
868.000000 0.315912 1.025264
869.000000 0.218978 0.982066
870.000000 0.270986 1.935732
871.000000 0.061876 1.202561
872.000000 -0.314621 1.212242
873.000000 -0.031666 0.327439
874.000000 0.177094 1.523381
875.000000 -0.450779 1.347955
876.000000 0.107518 1.395614
877.000000 -0.020490 0.811673
878.000000 0.120463 1.008242
879.000000 0.467949 1.125994
880.000000 -0.109742 0.930645
881.000000 0.218191 1.379784
882.000000 0.179856 1.366845
883.000000 -0.006233 0.914736
884.000000 0.545730 1.254602
885.000000 0.013245 0.923437
886.000000 0.053951 1.492241
887.000000 0.028645 1.072607
888.000000 -0.010602 1.347291
889.000000 0.163533 1.074648
890.000000 -0.226889 2.211445
891.000000 0.021754 1.865022
892.000000 0.007277 1.280411
893.000000 -0.076814 1.662124
894.000000 0.073028 1.382403
895.000000 0.081989 1.690036
896.000000 0.407489 1.695820
897.000000 0.060929 0.998754
898.000000 0.519735 0.803108
899.000000 0.474846 1.375252
900.000000 -0.057083 1.036959
901.000000 -0.004219 1.132008
902.000000 -0.102316 1.018891
903.000000 0.344998 1.735625
904.000000 0.184551 0.518945
905.000000 -0.011288 0.690404
906.000000 -0.007263 0.630474
907.000000 0.095809 0.924895
908.000000 0.077127 0.533474
909.000000 -0.401904 0.954122
910.000000 -0.244626 0.490877
911.000000 -0.053241 0.995185
912.000000 -0.157927 0.537357
913.000000 -0.130872 0.450152
914.000000 -0.399770 0.656777
915.000000 -0.618467 0.745806
916.000000 -0.463689 1.619215
917.000000 -0.066370 0.447829
918.000000 -0.307921 0.874864
919.000000 -0.249193 0.743952
920.000000 -0.328183 0.801009
921.000000 0.022483 0.351012
922.000000 -0.253153 0.482034
923.000000 0.241627 0.372229
924.000000 -0.071792 0.634638
925.000000 0.357387 0.792043
926.000000 -0.044967 0.531340
927.000000 0.036622 1.057421
928.000000 -0.308201 1.675038
929.000000 -0.013279 1.372485
930.000000 0.177055 0.867948
931.000000 -0.156621 1.367954
932.000000 0.129900 0.675271
933.000000 0.056662 0.725961
934.000000 0.268272 0.916679
935.000000 -0.247106 1.083394
936.000000 -0.281285 1.184837
937.000000 0.383519 0.788821
938.000000 0.423805 1.573222
939.000000 0.000660 0.876993
940.000000 -0.085302 0.934344
941.000000 -0.549941 1.024980
942.000000 -0.044893 0.895242
943.000000 -0.320540 1.836200
944.000000 -0.611328 1.265856
945.000000 -0.296895 0.779407
946.000000 -0.117276 0.930402
947.000000 -0.305173 1.584032
948.000000 -0.076217 0.814217
949.000000 0.189634 0.819521
950.000000 -0.152567 0.566963
951.000000 -0.125493 0.917533
952.000000 -0.108197 0.581661
953.000000 -0.159583 0.625326
954.000000 0.157212 1.361615
955.000000 -0.466407 0.680195
956.000000 -0.334504 0.742514
957.000000 0.193506 1.271608
958.000000 -0.190286 0.420997
959.000000 -0.683315 0.843709
960.000000 -0.534163 0.806419
961.000000 -0.226140 0.711671
962.000000 -0.543753 0.436837
963.000000 -0.667710 1.254983
964.000000 -0.825295 1.679192
965.000000 -0.753032 1.486371
966.000000 -0.550660 0.968552
967.000000 -0.461643 0.682600
968.000000 -0.081282 1.299703
969.000000 -0.545512 1.581236
970.000000 -0.249941 1.127806
971.000000 -0.266651 1.496203
972.000000 -0.438848 0.867371
973.000000 -0.089183 1.793923
974.000000 0.268794 1.544703
975.000000 -0.559554 1.247112
976.000000 -0.311143 1.671319
977.000000 -0.146094 0.785103
978.000000 -0.214424 0.667960
979.000000 -0.086508 1.982078
980.000000 -0.164499 0.956983
981.000000 -0.294728 1.065879
982.000000 -0.028993 0.676142
983.000000 -0.280885 0.810457
984.000000 -0.179638 1.045245
985.000000 -0.205123 1.337634
986.000000 -0.263233 0.655901
987.000000 0.022993 0.198388
988.000000 -0.436370 0.542009
989.000000 -0.207492 0.990781
990.000000 -0.270784 0.816160
991.000000 -0.376514 0.617186
992.000000 -0.746007 1.189812
993.000000 -0.185221 1.134292
994.000000 -0.659743 1.396784
995.000000 -0.287261 0.752210
996.000000 0.029486 0.853124
997.000000 -0.136252 1.238497
998.000000 -0.340739 1.499960
999.000000 -0.541806 0.972724
1000.000000 -0.572244 1.227435
1001.000000 -0.495325 1.110335
1002.000000 -0.206317 1.129422
1003.000000 -0.396564 1.178764
1004.000000 -0.247953 0.938797
1005.000000 -0.264758 1.638419
1006.000000 -0.312773 0.824728
1007.000000 -0.097070 0.580190
1008.000000 -0.828533 1.818853
1009.000000 -0.609405 0.954042
1010.000000 -0.072423 0.530746
1011.000000 -0.392580 0.391925
1012.000000 -0.449330 0.608093
1013.000000 -0.023306 0.536798
1014.000000 0.146958 0.534925
1015.000000 -0.075636 0.377568
1016.000000 -0.299920 1.144820
1017.000000 -0.165001 0.635243
1018.000000 -0.296853 0.693483
1019.000000 0.030638 2.459633
1020.000000 -0.238295 1.869756
1021.000000 -0.150219 1.243088
1022.000000 -0.199581 0.428144
1023.000000 -0.076591 1.074994
1024.000000 0.232328 1.702646
1025.000000 0.188412 1.590044
1026.000000 -0.209357 0.714796
1027.000000 -0.304992 0.810104
1028.000000 -0.436925 0.968504
1029.000000 -0.292051 0.304377
1030.000000 -0.671318 1.118602
1031.000000 -0.195643 1.530644
1032.000000 -0.262253 1.079729
1033.000000 -0.534194 1.028484
1034.000000 -0.150390 1.607099
1035.000000 0.165475 0.865203
1036.000000 0.052404 0.819418
1037.000000 0.137945 1.585263
1038.000000 -0.012822 1.079929
1039.000000 0.081503 0.835043
1040.000000 0.384124 1.192524
1041.000000 -0.059358 0.800543
1042.000000 0.025655 0.753253
1043.000000 -0.219366 0.804708
1044.000000 0.255648 0.530799
1045.000000 -0.209222 1.471980
1046.000000 0.086869 0.843807
1047.000000 -0.397382 1.083152
1048.000000 -0.037917 0.980720
1049.000000 0.060596 0.700564
1050.000000 -0.240968 0.649140
1051.000000 0.226457 0.931376
1052.000000 0.316672 1.596734
1053.000000 0.090782 0.866294
1054.000000 0.090530 1.000887
1055.000000 -0.585062 1.507291
1056.000000 -0.318627 0.597964
1057.000000 -0.406175 0.757133
1058.000000 -0.195541 1.259284
1059.000000 -0.147729 0.277048
1060.000000 -0.276115 0.655828
1061.000000 -0.374258 0.996203
1062.000000 -0.319145 0.330961
1063.000000 -0.086260 0.488535
1064.000000 -0.251943 1.064484
1065.000000 -0.351590 0.877320
1066.000000 -0.270534 1.525400
1067.000000 -0.229433 0.958307
1068.000000 -0.397381 1.402353
1069.000000 -0.370377 0.840623
1070.000000 -0.341012 0.651566
1071.000000 0.137670 0.496364
1072.000000 0.167605 0.946374
1073.000000 -0.201998 1.322140
1074.000000 0.193492 0.629812
1075.000000 0.010393 0.803637
1076.000000 0.400372 0.723802
1077.000000 0.107018 0.662263
1078.000000 0.454558 0.929918
1079.000000 0.130706 1.302165
1080.000000 0.250471 1.085044
1081.000000 0.327950 0.794509
1082.000000 -0.196694 0.652422
1083.000000 -0.118184 0.937492
1084.000000 0.170554 0.729977
1085.000000 -0.459096 1.242618
1086.000000 -0.350230 1.482094
1087.000000 -0.134234 1.342137
1088.000000 0.174056 0.724014
1089.000000 0.129340 0.881942
1090.000000 -0.031684 1.613671
1091.000000 -0.662405 1.866613
1092.000000 0.113679 0.997177
1093.000000 -0.189754 1.196971
1094.000000 -0.287472 1.075202
1095.000000 -0.244194 0.771902
1096.000000 -0.058171 0.943134
1097.000000 -0.317673 0.931119
1098.000000 -0.343309 1.255267
1099.000000 -0.302524 1.351601
1100.000000 -0.593008 1.204904
1101.000000 -0.379749 0.872954
1102.000000 -0.243868 0.521307
1103.000000 -0.379256 1.158303
1104.000000 -0.401916 0.658454
1105.000000 -0.475557 1.141340
1106.000000 -0.079743 1.089398
1107.000000 -0.073575 0.542032
1108.000000 -0.289434 1.087141
1109.000000 -0.181136 0.470083
1110.000000 -0.121748 0.542886
1111.000000 -0.466940 0.868855
1112.000000 0.027367 0.684959
1113.000000 0.035551 1.260157
1114.000000 0.009135 0.609501
1115.000000 0.108656 1.056248
1116.000000 -0.154787 0.789846
1117.000000 -0.229841 1.697992
1118.000000 -0.288635 1.199214
1119.000000 -0.312120 0.930397
1120.000000 -0.394454 0.534721
1121.000000 -0.375528 0.894419
1122.000000 -0.072547 0.616277
1123.000000 -0.242306 0.638466
1124.000000 -0.436125 1.058626
1125.000000 -0.389196 0.685916
1126.000000 -0.372985 1.053696
1127.000000 -0.506148 0.924460
1128.000000 -0.686474 1.104078
1129.000000 -0.207619 0.574757
1130.000000 -0.171385 1.506609
1131.000000 0.138550 1.013583
1132.000000 -0.168753 0.479297
1133.000000 0.060985 0.298158
1134.000000 0.294327 0.473896
1135.000000 -0.168333 0.251467
1136.000000 -0.182429 0.667927
1137.000000 -0.020755 0.852690
1138.000000 -0.313199 0.963478
1139.000000 -0.249538 1.192539
1140.000000 -0.457023 1.143657
1141.000000 -0.098496 1.483917
1142.000000 -0.363679 0.778524
1143.000000 -0.697193 1.503985
1144.000000 -0.317428 0.375189
1145.000000 -0.375557 0.939693
1146.000000 -0.464957 1.471423
1147.000000 -0.418285 0.830941
1148.000000 0.001165 0.855331
1149.000000 -0.039186 1.068947
1150.000000 0.123139 0.535423
1151.000000 -0.116675 0.248648
1152.000000 -0.465992 0.628707
1153.000000 -0.188481 0.823309
1154.000000 -0.117718 0.667972
1155.000000 -0.109396 1.330975
1156.000000 0.077866 1.298049
1157.000000 0.024860 0.933416
1158.000000 0.021407 1.043077
1159.000000 -0.249841 0.962911
1160.000000 0.065306 0.373447
1161.000000 0.050068 0.788256
1162.000000 -0.222012 0.674171
1163.000000 0.252140 0.652775
1164.000000 0.205225 1.075309
1165.000000 -0.116144 0.947277
1166.000000 -0.474205 1.709141
1167.000000 0.190455 1.156091
1168.000000 0.220710 0.704405
1169.000000 -0.315594 0.799469
1170.000000 0.137363 0.684717
1171.000000 -0.215685 1.248379
1172.000000 -0.411909 0.559717
1173.000000 -0.339284 0.759975
1174.000000 -0.142398 0.561338
1175.000000 -0.124648 0.845674
1176.000000 -0.206819 0.573917
1177.000000 0.175250 1.050902
1178.000000 -0.041477 0.832821
1179.000000 0.091401 0.533166
1180.000000 -0.110905 1.167199
1181.000000 -0.153945 1.023224
1182.000000 -0.083850 0.407063
1183.000000 -0.046406 0.813151
1184.000000 -0.117681 0.727972
1185.000000 -0.073979 0.407005
1186.000000 0.048394 0.725228
1187.000000 0.034769 0.675583
1188.000000 -0.290034 0.799399
1189.000000 -0.646413 1.494292
1190.000000 0.007578 1.135567
1191.000000 -0.474949 1.184628
1192.000000 -0.435996 0.651763
1193.000000 -0.092341 0.545144
1194.000000 -0.206127 1.559834
1195.000000 -0.289735 0.504351
1196.000000 -0.041801 1.398816
1197.000000 -0.675842 0.905530
1198.000000 -0.418630 0.887458
1199.000000 -0.120269 0.498221
1200.000000 -0.124657 0.554311
1201.000000 -0.127919 0.933496
1202.000000 -0.007265 1.564384
1203.000000 -0.298305 0.739049
1204.000000 0.108059 0.804362
1205.000000 -0.214377 0.388965
1206.000000 0.135395 0.690417
1207.000000 0.064912 0.889660
1208.000000 -0.438098 1.116889
1209.000000 -0.117096 0.711401
1210.000000 -0.409237 0.738685
1211.000000 -0.562894 1.480203
1212.000000 -0.400842 1.003973
1213.000000 -0.564278 1.495600
1214.000000 -0.505515 1.267272
1215.000000 -0.479212 0.837238
1216.000000 -0.442071 0.836740
1217.000000 -0.277276 0.863443
1218.000000 -0.297447 0.696046
1219.000000 -0.387929 0.906930
1220.000000 -0.454817 0.925912
1221.000000 -0.495704 1.162404
1222.000000 -0.410023 0.498113
1223.000000 -0.423024 0.839212
1224.000000 -0.530504 0.966878
1225.000000 -0.845511 1.675696
1226.000000 -0.617500 1.488108
1227.000000 -0.064702 1.190986
1228.000000 -0.566798 1.315707
1229.000000 -0.529015 0.954528
1230.000000 -0.337633 1.247213
1231.000000 0.059629 1.213524
1232.000000 -0.291611 0.975855
1233.000000 -0.303422 1.002890
1234.000000 -0.356286 0.923622
1235.000000 -0.352402 0.899227
1236.000000 -0.506376 1.041271
1237.000000 -0.278197 0.966333
1238.000000 -0.499740 0.622457
1239.000000 -0.128604 1.245833
1240.000000 -0.660263 1.386517
1241.000000 -0.401696 1.327291
1242.000000 -0.472277 0.662458
1243.000000 -0.010559 0.471974
1244.000000 -0.225939 0.722260
1245.000000 -0.496747 0.709867
1246.000000 0.207003 1.127936
1247.000000 0.159038 0.657878
1248.000000 0.281691 0.799989
1249.000000 -0.468494 0.760245
1250.000000 -0.036435 0.891402
1251.000000 -0.105108 0.806283
1252.000000 -0.010721 1.209304
1253.000000 -0.211071 0.803468
1254.000000 -0.116317 0.573479
1255.000000 -0.076610 0.438607
1256.000000 -0.038143 0.743554
1257.000000 -0.198784 0.558141
1258.000000 -0.454986 1.108976
1259.000000 0.045219 1.122064
1260.000000 -0.149099 0.934927
1261.000000 0.105126 1.457618
1262.000000 -0.267205 0.615404
1263.000000 -0.055542 0.574380
1264.000000 0.213774 0.450099
1265.000000 -0.137130 0.355620
1266.000000 -0.042729 0.550466
1267.000000 0.143226 0.961811
1268.000000 -0.423020 0.803659
1269.000000 -0.384583 0.639714
1270.000000 -0.357558 0.829969
1271.000000 0.223982 1.105177
1272.000000 0.267987 0.731125
1273.000000 0.064256 0.915507
1274.000000 -0.070676 0.974509
1275.000000 -0.446773 1.082162
1276.000000 -0.347709 1.149395
1277.000000 -0.387233 0.982265
1278.000000 0.062068 0.414424
1279.000000 -0.253037 0.925250
1280.000000 0.136842 0.582468
1281.000000 0.064461 1.626973
1282.000000 0.034189 0.987811
1283.000000 0.085716 0.317230
1284.000000 0.139725 0.946000
1285.000000 -0.068265 0.820081
1286.000000 0.082393 0.665749
1287.000000 0.232352 1.495807
1288.000000 -0.252466 0.535099
1289.000000 0.291073 0.773861
1290.000000 0.764884 1.576566
1291.000000 0.616815 1.198110
1292.000000 0.768856 1.095622
1293.000000 0.289273 0.709009
1294.000000 0.249602 0.277513
1295.000000 0.182895 0.922928
1296.000000 0.085911 1.465285
1297.000000 0.090770 1.635460
1298.000000 -0.268640 1.490225
1299.000000 0.329043 1.482674
1300.000000 0.253181 1.428717
1301.000000 0.046739 0.972730
1302.000000 -0.087110 0.826219
1303.000000 -0.557543 1.176494
1304.000000 -0.440981 1.205572
1305.000000 -0.524493 0.914306
1306.000000 -0.772526 1.299434
1307.000000 -0.680456 1.424185
1308.000000 -0.047935 0.516399
1309.000000 -0.118094 0.718960
1310.000000 0.046572 0.867537
1311.000000 -0.243634 1.364383
1312.000000 -0.330081 0.613461
1313.000000 -0.210094 0.685619
1314.000000 -0.379261 1.236359
1315.000000 -0.422678 1.257910
1316.000000 -0.233760 1.244060
1317.000000 -0.152067 0.926517
1318.000000 0.194985 1.093805
1319.000000 -0.084348 0.982119
1320.000000 -0.088674 0.724166
1321.000000 -0.159649 0.997454
1322.000000 0.239127 1.052436
1323.000000 0.597490 1.241219
1324.000000 -0.190996 1.049599
1325.000000 -0.344710 0.779363
1326.000000 0.095457 1.105479
1327.000000 -0.075842 1.017445
1328.000000 -0.020655 1.385734
1329.000000 0.026587 1.159547
1330.000000 -0.149175 0.626500
1331.000000 -0.026298 0.632282
1332.000000 -0.593031 1.167000
1333.000000 -0.288105 1.109157
1334.000000 -0.322052 0.864721
1335.000000 -0.172862 1.098869
1336.000000 -0.318815 1.647119
1337.000000 -0.128991 0.717729
1338.000000 0.028490 0.674893
1339.000000 0.144567 0.423335
1340.000000 -0.366424 0.668785
1341.000000 -0.106739 1.117580
1342.000000 -0.370629 1.054965
1343.000000 -0.231280 1.267072
1344.000000 -0.655509 1.709988
1345.000000 -0.445308 1.362888
1346.000000 -0.237545 0.393303
1347.000000 -0.357162 1.300296
1348.000000 -0.362564 0.725428
1349.000000 -0.123296 0.592394
1350.000000 0.052457 0.834442
1351.000000 0.354766 1.315583
1352.000000 0.112142 1.626861
1353.000000 0.162415 0.649154
1354.000000 0.292650 0.754610
1355.000000 0.097609 1.292222
1356.000000 0.439023 0.577902
1357.000000 0.288865 0.668313
1358.000000 -0.002561 0.578532
1359.000000 -0.284319 0.632239
1360.000000 -0.228220 0.844443
1361.000000 -0.498097 0.958728
1362.000000 -0.063311 1.231408
1363.000000 -0.220930 0.427167
1364.000000 -0.372453 0.326829
1365.000000 -0.154811 1.174770
1366.000000 0.090088 0.424764
1367.000000 0.018043 0.492374
1368.000000 -0.063429 0.281763
1369.000000 -0.166979 0.779906
1370.000000 -0.058843 1.255492
1371.000000 -0.322052 0.814118
1372.000000 0.062440 0.673268
1373.000000 -0.124564 0.371654
1374.000000 -0.078019 0.578563
1375.000000 -0.326103 1.538237
1376.000000 -0.239420 0.853668
1377.000000 -0.410539 1.236886
1378.000000 -0.309263 1.476816
1379.000000 -0.437792 0.855842
1380.000000 -0.212964 0.980769
1381.000000 -0.337805 0.784727
1382.000000 0.214043 1.245433
1383.000000 -0.146271 1.626792
1384.000000 -0.328849 1.061362
1385.000000 -0.061513 1.045259
1386.000000 -0.404926 0.627264
1387.000000 -0.849711 1.553559
1388.000000 -0.777189 1.245464
1389.000000 -0.699786 1.200321
1390.000000 -0.362796 0.444451
1391.000000 -0.730415 1.433577
1392.000000 -0.485276 1.435880
1393.000000 -0.287841 0.884233
1394.000000 -0.394169 0.648293
1395.000000 0.033293 0.803364
1396.000000 -0.360501 1.192825
1397.000000 -0.053242 0.593620
1398.000000 0.026873 0.709332
1399.000000 -0.407493 1.154222
1400.000000 -0.460028 1.256854
1401.000000 -0.672834 1.779645
1402.000000 -0.141476 0.504300
1403.000000 -0.252189 0.763740
1404.000000 -0.497083 0.936844
1405.000000 -0.337434 1.176656
1406.000000 -0.672832 1.301805
1407.000000 -0.440845 1.165382
1408.000000 -0.615901 1.399950
1409.000000 -0.418521 0.657050
1410.000000 0.036472 0.652923
1411.000000 -0.196081 2.074952
1412.000000 -0.356565 1.212035
1413.000000 -0.458326 1.247437
1414.000000 -0.247976 0.597973
1415.000000 -0.033183 0.631719
1416.000000 0.387498 0.986567
1417.000000 0.308301 1.116031
1418.000000 -0.051073 0.506543
1419.000000 0.465946 1.064471
