0.000000 0.956555 0.932193
1.000000 0.964666 1.280501
2.000000 0.920448 1.259483
3.000000 0.861263 1.043416
4.000000 0.364149 0.886257
5.000000 0.578189 0.811454
6.000000 0.484986 0.430927
7.000000 0.630390 0.647352
8.000000 0.441981 1.030770
9.000000 0.805290 1.270065
10.000000 0.899510 1.397346
11.000000 0.390620 0.753103
12.000000 0.203727 0.893357
13.000000 0.558361 1.518119
14.000000 0.078140 0.536097
15.000000 -0.184358 0.436711
16.000000 -0.192590 0.469014
17.000000 0.457331 0.764019
18.000000 0.555149 0.892366
19.000000 0.321196 0.672178
20.000000 0.215070 0.722578
21.000000 0.501962 1.057976
22.000000 0.624802 0.764456
23.000000 0.834964 1.080189
24.000000 0.491157 0.501057
25.000000 0.691412 0.817689
26.000000 0.604098 1.098288
27.000000 0.242175 0.715750
28.000000 0.234635 0.726727
29.000000 0.824893 2.137312
30.000000 0.704201 1.089503
31.000000 1.027940 1.310013
32.000000 0.981715 1.199448
33.000000 0.617839 0.733436
34.000000 0.703621 0.633414
35.000000 1.222847 1.730284
36.000000 0.641439 0.967605
37.000000 0.763900 1.085163
38.000000 0.963647 1.700485
39.000000 0.529817 1.145719
40.000000 0.439314 0.683684
41.000000 0.289730 0.853877
42.000000 0.013273 0.520082
43.000000 0.610912 0.940551
44.000000 0.615764 0.842587
45.000000 0.277044 0.555323
46.000000 -0.035316 0.422580
47.000000 0.606082 1.386535
48.000000 0.222941 0.794889
49.000000 0.520407 1.771012
50.000000 0.551413 0.834751
51.000000 0.346765 0.611425
52.000000 0.232349 0.893108
53.000000 0.297401 0.507421
54.000000 -0.060475 0.915078
55.000000 0.074383 0.648212
56.000000 0.250672 0.790081
57.000000 0.471552 1.286682
58.000000 0.443504 1.175842
59.000000 0.222008 1.381112
60.000000 0.362547 0.900856
61.000000 0.378301 0.764477
62.000000 0.462035 1.052755
63.000000 0.233530 0.485781
64.000000 0.403131 1.223502
65.000000 0.583637 0.850801
66.000000 0.083331 0.758938
67.000000 0.011293 1.070077
68.000000 0.077357 0.871121
69.000000 -0.230722 0.697295
70.000000 -0.195098 0.718181
71.000000 0.279236 1.166851
72.000000 -0.067476 1.269605
73.000000 0.060566 0.733781
74.000000 0.034671 1.381428
75.000000 0.137353 0.947814
76.000000 0.361100 1.178512
77.000000 0.054304 1.427259
78.000000 0.229069 1.352527
79.000000 0.264771 1.540408
80.000000 0.222744 1.259286
81.000000 0.384139 1.057920
82.000000 0.445510 0.728999
83.000000 0.323669 1.004273
84.000000 0.359217 0.523799
85.000000 0.382421 0.755434
86.000000 0.016432 0.667816
87.000000 0.502273 1.100065
88.000000 0.453017 0.965999
89.000000 0.161941 1.023567
90.000000 0.329183 0.856312
91.000000 0.266821 0.675729
92.000000 0.077011 0.598094
93.000000 0.480343 1.244876
94.000000 0.326110 0.840381
95.000000 0.494729 1.166923
96.000000 0.451587 0.406153
97.000000 0.490439 0.760992
98.000000 0.401187 0.912143
99.000000 0.346632 0.269579
100.000000 0.180156 0.491193
101.000000 0.476544 0.426629
102.000000 0.582275 0.890912
103.000000 0.687231 1.042656
104.000000 -0.075407 0.624870
105.000000 0.320575 0.605393
106.000000 0.840545 1.512012
107.000000 0.543741 0.709192
108.000000 0.305734 0.978107
109.000000 -0.164564 0.952668
110.000000 0.317366 0.277111
111.000000 0.634633 0.811010
112.000000 0.547638 0.891063
113.000000 0.774935 1.219010
114.000000 0.693534 1.380314
115.000000 0.484095 1.273416
116.000000 -0.072908 1.224135
117.000000 0.294962 0.967640
118.000000 -0.201834 0.969499
119.000000 -0.143813 0.736657
120.000000 0.310188 0.822359
121.000000 0.351881 0.953457
122.000000 0.288390 0.693231
123.000000 -0.029694 0.916624
124.000000 -0.161853 1.374257
125.000000 0.449740 0.889162
126.000000 0.653343 0.878028
127.000000 0.305696 0.529822
128.000000 0.355477 0.576705
129.000000 0.558251 0.820291
130.000000 0.727482 0.883734
131.000000 0.242991 0.918004
132.000000 -0.008868 0.623221
133.000000 0.843237 1.081264
134.000000 0.953059 1.215544
135.000000 0.471103 0.692173
136.000000 0.311925 0.395477
137.000000 0.556121 0.916488
138.000000 0.533179 0.596926
139.000000 0.830178 1.489114
140.000000 0.334385 0.868007
141.000000 0.789973 0.961453
142.000000 0.462132 0.511572
143.000000 0.248416 0.402688
144.000000 0.532388 1.675627
145.000000 0.799552 1.300007
146.000000 0.476343 0.872585
147.000000 0.466032 0.569126
148.000000 0.930598 0.993026
149.000000 0.903270 1.155751
150.000000 0.796529 1.153632
151.000000 0.470582 1.113555
152.000000 0.577711 0.863165
153.000000 0.051614 0.573066
154.000000 0.407349 0.702810
155.000000 0.263326 1.028434
156.000000 0.394217 0.863147
157.000000 0.480774 0.785327
158.000000 0.542040 0.443147
159.000000 0.390156 0.267907
160.000000 0.299778 0.430459
161.000000 0.635000 0.989047
162.000000 0.420734 1.071215
163.000000 0.652090 1.399354
164.000000 0.725006 1.130497
165.000000 0.510816 0.924477
166.000000 0.738061 1.039201
167.000000 0.238026 1.117110
168.000000 0.659944 0.998457
