0.000000 0.969087 0.957530
1.000000 0.898081 0.957850
2.000000 0.867049 0.885691
3.000000 1.103651 1.287236
4.000000 1.028440 1.188620
5.000000 1.023655 1.225859
6.000000 0.956494 0.958032
7.000000 0.777682 0.911841
8.000000 1.091899 1.500325
9.000000 0.959808 1.365336
10.000000 0.774377 0.908285
11.000000 0.947054 1.304193
12.000000 0.860951 1.241076
13.000000 1.027495 1.184621
14.000000 0.707881 0.672989
15.000000 0.824210 0.821578
16.000000 1.137026 1.358865
17.000000 0.922079 1.033572
18.000000 1.189580 1.441051
19.000000 0.997445 1.154528
20.000000 0.919491 0.956747
21.000000 0.828916 0.846926
22.000000 1.172921 1.569530
23.000000 0.902023 0.881304
24.000000 0.749392 0.807667
25.000000 0.822812 0.835895
26.000000 0.979471 1.152299
27.000000 1.055363 1.177113
28.000000 0.983886 1.096651
29.000000 0.797362 0.791435
30.000000 0.962168 1.003660
31.000000 0.733978 0.755605
32.000000 0.882666 0.868220
33.000000 0.737240 0.759290
34.000000 0.910238 0.894438
35.000000 0.842264 0.857852
36.000000 1.100332 1.267796
37.000000 0.965588 1.048226
38.000000 0.884471 1.007909
39.000000 0.945314 1.091252
40.000000 0.983360 1.154981
41.000000 0.859226 1.040006
42.000000 0.822266 0.976768
43.000000 0.928574 1.282865
44.000000 0.539741 0.741916
45.000000 1.145789 1.407331
46.000000 0.866565 0.847860
47.000000 0.986001 1.188611
48.000000 0.947405 1.103393
49.000000 0.937369 0.959746
50.000000 1.139992 1.586347
51.000000 0.863964 0.923476
52.000000 0.854888 0.897994
53.000000 0.848141 0.902170
54.000000 1.113730 1.446907
55.000000 0.925744 1.117763
56.000000 0.855393 0.859102
57.000000 0.970968 1.075345
58.000000 1.056361 1.149280
59.000000 0.723734 0.781055
60.000000 0.809085 0.723118
61.000000 0.744904 0.661965
62.000000 0.791342 0.824413
63.000000 0.916967 1.103665
64.000000 0.961805 1.340950
65.000000 0.901858 1.034962
66.000000 1.029231 1.148660
67.000000 0.950404 0.984689
68.000000 0.902970 1.027449
69.000000 0.859290 0.905748
70.000000 0.906343 1.023604
71.000000 0.749334 0.734727
72.000000 1.091030 1.281571
73.000000 0.836375 0.904850
74.000000 0.855540 0.896278
75.000000 1.121494 1.455877
76.000000 0.833102 0.819118
77.000000 0.953473 1.153105
78.000000 0.929135 0.970331
79.000000 0.719212 0.726385
80.000000 0.878053 0.875588
81.000000 0.759434 0.732640
82.000000 0.788073 0.666692
83.000000 0.971483 1.092233
84.000000 0.797019 0.761172
85.000000 0.991923 1.161700
86.000000 0.979256 1.151853
87.000000 0.862058 0.887974
88.000000 0.905158 0.909713
89.000000 0.960756 1.240343
90.000000 1.028851 1.215560
91.000000 0.833604 0.783334
92.000000 0.785725 0.877924
93.000000 1.132113 1.343700
94.000000 0.974516 1.026865
95.000000 0.824623 0.908361
96.000000 0.987991 1.080128
97.000000 1.051480 1.156801
98.000000 1.149296 1.483570
99.000000 0.363115 0.435899
100.000000 0.671817 0.734423
101.000000 0.656592 0.588272
102.000000 1.014785 1.236510
103.000000 0.832753 0.860865
104.000000 0.983824 1.121571
105.000000 0.859505 0.947545
106.000000 0.883621 1.107035
107.000000 0.854116 1.275860
108.000000 0.889236 1.145695
109.000000 0.797435 0.775961
110.000000 1.119276 1.406641
111.000000 1.158486 1.466234
112.000000 0.908443 1.080852
113.000000 0.481618 0.911571
114.000000 0.563974 0.869868
115.000000 0.784259 0.791259
116.000000 1.034482 1.125435
117.000000 1.031994 1.117713
118.000000 0.856969 0.914423
119.000000 0.995312 1.138796
120.000000 0.950211 1.034762
121.000000 0.881669 1.034122
122.000000 0.855104 0.863138
123.000000 1.008603 1.171271
124.000000 0.913434 0.984437
125.000000 0.909671 0.934557
126.000000 0.999419 1.151850
127.000000 0.948484 1.211738
128.000000 0.512686 0.772416
129.000000 1.111051 1.398519
130.000000 0.535777 0.491651
131.000000 0.873186 0.969159
132.000000 0.627144 0.537884
133.000000 0.753762 0.823087
134.000000 0.981347 1.167165
135.000000 0.779829 0.722221
136.000000 0.552181 0.729061
137.000000 0.608557 0.694483
138.000000 0.720602 0.837459
139.000000 0.936642 1.101824
140.000000 0.950092 1.102916
141.000000 1.266640 1.800520
142.000000 0.986469 1.130975
143.000000 0.719525 0.793962
144.000000 0.761997 0.779206
145.000000 0.970332 1.140516
146.000000 1.025595 1.149341
147.000000 0.893612 0.868176
148.000000 0.879326 0.890440
149.000000 0.824472 0.885549
150.000000 1.016746 1.168908
151.000000 0.987726 1.185017
152.000000 0.912069 0.941656
153.000000 0.965773 1.095120
154.000000 0.883777 1.055363
155.000000 0.899933 0.968742
156.000000 1.040983 1.189532
157.000000 1.076422 1.266343
158.000000 0.769199 0.744277
159.000000 0.877299 0.918638
160.000000 1.034891 1.142661
161.000000 0.992328 1.065129
162.000000 0.813954 1.035118
163.000000 0.854652 0.858595
164.000000 0.820800 0.847299
165.000000 1.122676 1.430390
166.000000 0.827396 1.077775
167.000000 0.823288 0.854638
168.000000 0.783230 0.809000
169.000000 0.845579 0.976885
170.000000 1.141268 1.389792
171.000000 0.872177 0.933594
172.000000 0.883874 0.955973
173.000000 0.705695 0.618373
174.000000 0.768648 0.806325
175.000000 0.839940 0.966702
176.000000 0.983910 1.042297
177.000000 0.686770 0.691814
178.000000 1.088603 1.348844
179.000000 1.005842 1.219469
180.000000 1.018320 1.221533
181.000000 0.769745 0.752520
182.000000 1.004550 1.172698
183.000000 0.937567 1.046349
184.000000 0.878803 0.854768
185.000000 1.010106 1.138934
186.000000 1.159391 1.568399
187.000000 0.817083 0.765341
188.000000 1.012845 1.182915
189.000000 0.950727 1.003791
190.000000 0.931758 0.982087
191.000000 0.737428 0.661794
192.000000 0.760803 0.774265
193.000000 0.674215 0.698208
194.000000 0.987435 1.130123
195.000000 0.918166 0.933964
196.000000 0.720896 0.658941
197.000000 0.674111 0.817122
198.000000 1.106568 1.316027
199.000000 0.832371 0.892120
200.000000 0.740661 0.793865
201.000000 0.421034 0.561078
202.000000 0.667639 0.652770
203.000000 0.659057 0.617202
204.000000 0.852407 0.851290
205.000000 0.677530 0.809619
206.000000 0.698051 0.698667
207.000000 0.893969 0.927954
208.000000 0.895255 0.941759
209.000000 0.879167 1.164105
210.000000 1.021091 1.202477
211.000000 0.683894 0.889429
212.000000 1.121978 1.385005
213.000000 0.686196 0.849788
214.000000 0.935293 1.073993
215.000000 0.974598 1.177899
216.000000 1.091730 1.355934
217.000000 0.921756 1.022469
218.000000 0.948990 1.090700
219.000000 0.770268 0.830062
220.000000 0.853191 0.839030
221.000000 1.062584 1.170359
222.000000 1.173148 1.525568
223.000000 0.899996 0.948175
224.000000 0.901780 0.945583
225.000000 0.890634 1.043837
226.000000 0.811847 0.779311
227.000000 0.915085 1.097354
228.000000 0.794958 0.776070
229.000000 0.821903 0.711407
230.000000 1.087165 1.261302
231.000000 0.932795 1.291434
232.000000 1.072509 1.371649
233.000000 1.000554 1.057680
234.000000 1.131298 1.410667
235.000000 0.943141 0.980882
236.000000 1.067941 1.207880
237.000000 0.831422 0.832127
238.000000 0.898998 1.028451
239.000000 0.705976 0.654234
240.000000 1.103176 1.320975
241.000000 0.840144 0.742157
242.000000 0.748429 0.679438
243.000000 0.809569 0.883544
244.000000 1.117964 1.532250
245.000000 0.817483 0.743922
246.000000 1.054240 1.317714
247.000000 1.086661 1.268183
248.000000 0.630861 0.580686
249.000000 1.001867 1.053831
250.000000 0.881035 0.951002
251.000000 1.051650 1.305012
252.000000 0.939619 1.109367
253.000000 1.027209 1.112476
254.000000 0.921805 1.103758
255.000000 0.957416 1.097854
256.000000 0.939923 0.951370
257.000000 0.930812 0.949845
258.000000 0.947787 1.014188
259.000000 0.906027 0.866470
260.000000 0.842707 0.900051
261.000000 0.925747 0.978206
262.000000 0.889537 0.841122
263.000000 0.989428 1.173049
264.000000 1.094528 1.303889
265.000000 0.969556 1.141754
266.000000 1.062578 1.290106
267.000000 0.931100 0.975080
268.000000 0.877769 0.819583
269.000000 0.966968 1.149065
270.000000 0.950602 1.015142
271.000000 0.872494 0.815751
272.000000 0.836284 0.955271
273.000000 0.782402 0.710088
274.000000 0.869395 0.911735
275.000000 0.909946 1.012926
276.000000 0.982417 1.067150
277.000000 0.687637 0.693077
278.000000 0.974986 1.122612
279.000000 0.910199 1.135263
280.000000 0.922088 1.027294
281.000000 0.789306 0.744060
282.000000 0.886174 0.993539
283.000000 0.994295 1.102518
284.000000 0.902132 0.926986
285.000000 0.998255 1.160794
286.000000 1.163434 1.486473
287.000000 0.853506 0.891815
288.000000 0.794134 0.945111
289.000000 1.142204 1.368394
290.000000 0.832158 0.927692
291.000000 1.091985 1.256909
292.000000 1.090837 1.259309
293.000000 0.979491 1.114189
294.000000 0.759927 0.796645
295.000000 0.970021 1.092924
296.000000 1.141468 1.515210
297.000000 0.873409 1.032836
298.000000 0.923514 0.984917
299.000000 0.822196 0.858312
300.000000 1.164805 1.490874
301.000000 0.929070 0.910541
302.000000 0.911507 1.035102
303.000000 0.989877 1.198704
304.000000 0.907077 0.961034
305.000000 0.874517 1.119474
306.000000 1.016867 1.101624
307.000000 1.093958 1.292493
308.000000 1.106376 1.365775
309.000000 0.904336 0.941086
310.000000 0.838559 0.882726
311.000000 0.869057 0.940375
312.000000 1.018007 1.130395
313.000000 0.795801 0.827260
314.000000 0.885320 0.935979
315.000000 1.029896 1.237583
316.000000 0.873630 0.896429
317.000000 0.873585 0.893960
318.000000 1.167438 1.415497
319.000000 0.846727 0.832534
320.000000 0.735360 0.766598
321.000000 0.858552 0.784634
322.000000 0.875731 0.912898
323.000000 0.957799 1.044841
324.000000 0.897839 0.910331
325.000000 0.842057 0.881364
326.000000 1.141371 1.446797
327.000000 0.979545 1.152067
328.000000 0.890003 0.895206
329.000000 0.663135 0.581679
330.000000 0.828785 0.797697
331.000000 1.018090 1.224259
332.000000 0.983731 1.029710
333.000000 1.114247 1.365166
334.000000 0.977666 1.177171
335.000000 1.064872 1.306859
336.000000 0.778372 0.748447
337.000000 1.005754 1.206669
338.000000 0.863457 0.873391
339.000000 0.862051 0.959153
340.000000 0.961218 1.181279
341.000000 1.071199 1.373987
342.000000 0.980043 1.041035
343.000000 1.060612 1.211913
344.000000 0.940712 1.132004
345.000000 0.952344 1.099070
346.000000 0.864435 0.988114
347.000000 0.913348 1.063758
348.000000 0.794842 0.885237
349.000000 0.994077 1.285531
350.000000 0.784072 0.707736
351.000000 0.746166 0.787375
352.000000 0.989709 1.055920
353.000000 1.117821 1.330013
354.000000 0.798172 0.700746
355.000000 0.942537 0.991943
356.000000 0.832252 0.846297
357.000000 0.890219 0.970249
358.000000 0.918465 1.051106
359.000000 0.964922 1.034201
360.000000 1.105171 1.319425
361.000000 0.962515 1.011542
362.000000 0.952725 1.094359
363.000000 0.860698 0.892086
364.000000 0.751727 0.695824
365.000000 0.976283 1.198855
366.000000 0.889035 0.930845
367.000000 0.693911 0.847484
368.000000 0.632262 0.644569
369.000000 0.948002 1.089465
370.000000 0.922422 1.013743
371.000000 0.815824 0.831085
372.000000 0.889931 1.147777
373.000000 0.815129 0.952376
374.000000 0.778388 0.733349
375.000000 0.574037 0.675081
376.000000 0.675688 0.701958
377.000000 0.765161 0.812157
378.000000 0.831393 0.939889
379.000000 0.718303 0.878831
380.000000 0.509096 0.397401
381.000000 0.985741 1.156346
382.000000 1.036002 1.208710
383.000000 0.732972 1.016393
384.000000 0.684087 0.557803
385.000000 0.968582 1.057129
386.000000 0.830226 0.816527
387.000000 0.816060 0.916910
388.000000 0.764120 0.647464
389.000000 1.070808 1.247508
390.000000 0.803358 0.744728
391.000000 0.845996 0.893354
392.000000 0.680656 0.872775
393.000000 0.868472 0.848526
394.000000 0.806359 0.795957
395.000000 0.867068 1.127550
396.000000 0.711253 0.771380
397.000000 0.820595 1.078758
398.000000 1.004702 1.088317
399.000000 0.841777 0.924142
400.000000 1.131674 1.311865
401.000000 0.937870 1.154827
402.000000 0.772799 0.647853
403.000000 0.916388 1.035600
404.000000 1.114236 1.398030
405.000000 1.013951 1.282716
406.000000 0.642002 0.470706
407.000000 0.898485 1.067869
408.000000 1.080632 1.262765
409.000000 0.964998 1.012085
410.000000 1.144864 1.419506
411.000000 1.034152 1.195446
412.000000 0.921576 0.987711
413.000000 0.976422 1.064234
414.000000 1.111193 1.369266
415.000000 1.015659 1.318643
416.000000 1.052417 1.403701
417.000000 0.943589 1.080246
418.000000 1.038971 1.198458
419.000000 0.910247 1.197321
420.000000 0.902864 0.946924
421.000000 0.944419 1.014787
422.000000 1.125058 1.412123
423.000000 0.740216 0.679874
424.000000 0.966626 1.051074
425.000000 0.703512 0.598433
426.000000 0.984152 1.023580
427.000000 0.964154 1.230298
428.000000 1.075510 1.224996
429.000000 0.783490 0.842257
430.000000 0.980463 1.085454
431.000000 0.897442 0.921969
432.000000 0.675408 0.706208
433.000000 0.738550 0.792326
434.000000 0.701550 0.580060
435.000000 0.700015 0.756197
436.000000 0.660436 0.734001
437.000000 0.750875 0.734663
438.000000 0.803046 0.789976
439.000000 1.213274 1.620272
440.000000 0.784232 1.013949
441.000000 0.708726 0.684765
442.000000 0.921180 0.936069
443.000000 1.056342 1.198670
444.000000 0.999683 1.190873
445.000000 0.886456 0.850367
446.000000 0.756584 0.905233
447.000000 0.959963 1.234020
448.000000 0.980970 1.152376
449.000000 0.720162 0.752599
450.000000 1.122329 1.302604
451.000000 0.948404 1.051013
452.000000 0.842448 0.881563
453.000000 0.849744 0.889618
454.000000 1.025012 1.144201
455.000000 0.777937 0.777969
456.000000 1.023753 1.241867
457.000000 0.928985 1.176694
458.000000 0.823223 0.868950
459.000000 1.004374 1.195194
460.000000 0.770038 0.936317
461.000000 0.733117 0.893513
462.000000 0.766017 0.720733
463.000000 0.895477 0.942457
464.000000 0.938730 1.080591
465.000000 0.799230 0.872669
466.000000 0.605462 0.562896
467.000000 0.816875 0.895709
468.000000 0.641769 0.757341
469.000000 0.810550 0.804134
470.000000 0.780499 0.824414
471.000000 0.874158 0.892784
472.000000 1.035463 1.161431
473.000000 0.928342 1.054812
474.000000 0.917928 1.029999
475.000000 0.784044 0.645142
476.000000 0.617922 0.881177
477.000000 1.109065 1.444777
478.000000 0.688617 0.926861
479.000000 0.667614 0.620908
480.000000 0.743324 0.757385
481.000000 0.975940 1.103738
482.000000 0.708493 0.883025
483.000000 0.718846 0.645274
484.000000 0.823489 1.282156
485.000000 0.618885 0.933597
486.000000 1.038181 1.315352
487.000000 0.673790 0.698687
488.000000 1.001202 1.069588
489.000000 1.309417 1.773461
490.000000 1.226396 1.558932
491.000000 0.575653 0.653496
492.000000 0.751097 0.686394
493.000000 0.703143 0.723073
494.000000 0.854157 0.833294
495.000000 0.909968 0.993781
496.000000 0.950519 1.115701
497.000000 0.977810 1.020435
498.000000 0.963235 1.084953
499.000000 0.844563 0.841952
500.000000 0.816002 1.069729
501.000000 0.955328 1.058266
502.000000 0.847630 0.836565
503.000000 0.744504 0.695361
504.000000 1.002917 1.188931
505.000000 0.873858 1.115776
506.000000 0.935640 0.973964
507.000000 0.744396 0.727204
508.000000 1.057067 1.248926
509.000000 0.693277 0.714862
510.000000 1.003879 1.092597
511.000000 0.908732 0.980534
512.000000 0.677659 0.559776
513.000000 0.722740 0.676292
514.000000 0.783774 0.742901
515.000000 1.132951 1.450564
516.000000 0.953738 1.013914
517.000000 0.787044 0.861791
518.000000 0.745166 0.703739
519.000000 0.842861 0.856343
520.000000 0.919734 0.996230
521.000000 0.815918 0.752506
522.000000 0.668268 0.954422
523.000000 0.999927 1.075333
524.000000 0.986860 1.010917
525.000000 0.841222 0.785088
526.000000 0.618282 0.557252
527.000000 0.936336 1.023602
528.000000 1.006051 1.063990
529.000000 1.014882 1.084138
530.000000 0.913571 1.009992
531.000000 1.022875 1.131517
532.000000 1.114917 1.352308
533.000000 1.018634 1.174987
534.000000 0.904226 0.972053
535.000000 1.120948 1.344749
536.000000 0.983756 1.179805
537.000000 0.895602 0.925271
538.000000 1.074994 1.216969
539.000000 1.026928 1.182302
540.000000 0.940107 1.040165
541.000000 0.958699 1.136628
542.000000 0.883162 0.995723
543.000000 0.830298 0.846065
544.000000 0.936641 1.037646
545.000000 0.802306 0.849810
546.000000 0.964954 1.157991
547.000000 0.809261 0.772325
548.000000 0.560508 0.509771
549.000000 0.681695 0.646638
550.000000 1.102022 1.683599
551.000000 0.847496 0.814833
552.000000 0.932228 1.130073
553.000000 0.793702 0.897307
554.000000 1.014517 1.135322
555.000000 1.052405 1.275146
556.000000 1.000310 1.062218
557.000000 1.053826 1.239544
558.000000 0.998453 1.123454
559.000000 1.009750 1.172638
560.000000 1.058853 1.261434
561.000000 0.878807 0.970485
562.000000 1.033354 1.228440
563.000000 0.971778 1.101598
564.000000 1.032362 1.209443
565.000000 0.736520 0.663604
566.000000 1.286744 1.766509
567.000000 0.928518 0.920772
568.000000 0.889771 0.948851
569.000000 0.774671 0.710935
570.000000 0.836960 0.776557
571.000000 1.086644 1.323916
572.000000 0.790904 0.834591
573.000000 0.868295 0.897209
574.000000 1.047454 1.351799
575.000000 0.993233 1.235169
576.000000 0.951102 1.110179
577.000000 0.963275 1.048330
578.000000 0.873066 0.953344
579.000000 1.189012 1.489419
580.000000 1.054731 1.232022
581.000000 0.951631 1.100664
582.000000 0.972381 1.053275
583.000000 0.979200 1.125697
584.000000 0.716510 0.722207
585.000000 0.826706 0.844976
586.000000 1.151764 1.635160
587.000000 0.685805 0.626456
588.000000 0.735823 0.904333
589.000000 0.874778 0.846970
590.000000 1.003706 1.264683
591.000000 1.136169 1.372028
592.000000 0.884346 0.904412
593.000000 0.997513 1.138522
594.000000 1.053319 1.232419
595.000000 0.986746 1.149261
596.000000 0.555873 0.401911
597.000000 1.053634 1.183397
598.000000 0.961595 1.125692
599.000000 0.990096 1.146570
600.000000 0.787423 0.706393
601.000000 0.897920 0.978356
602.000000 0.885334 0.902102
603.000000 0.832227 0.852315
604.000000 0.905737 1.034958
605.000000 0.901526 1.074431
606.000000 0.906583 1.226992
607.000000 1.058762 1.401131
608.000000 0.957479 1.071901
609.000000 0.999690 1.124160
610.000000 0.958699 1.118536
611.000000 0.865361 1.230595
612.000000 0.898049 1.014088
613.000000 1.010787 1.231706
614.000000 0.706305 0.605281
615.000000 0.848425 0.844282
616.000000 1.046237 1.166273
617.000000 1.021086 1.075876
618.000000 0.773192 0.715437
619.000000 0.920275 1.117559
620.000000 0.936485 1.066774
621.000000 0.998651 1.354401
622.000000 0.789187 0.698436
623.000000 0.697449 0.629001
624.000000 0.741414 0.695429
625.000000 1.013511 1.207299
626.000000 0.891613 0.960336
627.000000 0.965201 1.118271
628.000000 0.916755 0.999472
629.000000 0.891037 0.980402
630.000000 1.040147 1.145873
631.000000 1.026955 1.120607
632.000000 0.695883 0.725340
633.000000 0.988054 1.141820
634.000000 0.569676 0.587788
635.000000 0.930447 0.896921
636.000000 0.897774 0.979222
637.000000 1.021033 1.165153
638.000000 0.751889 0.937095
639.000000 1.000524 1.222532
640.000000 0.791751 0.702151
641.000000 0.988962 1.024324
642.000000 1.005562 1.134838
643.000000 0.879757 0.916030
644.000000 1.104044 1.356718
645.000000 0.744330 0.820256
646.000000 0.702598 0.567201
647.000000 1.166625 1.529330
648.000000 1.041153 1.293041
649.000000 0.987103 1.067200
650.000000 0.876658 0.969635
651.000000 1.048697 1.166930
652.000000 1.014821 1.086798
653.000000 0.932659 0.989847
654.000000 1.062818 1.246060
655.000000 0.780140 1.024386
656.000000 0.932279 1.208185
657.000000 0.932540 0.893250
658.000000 1.044121 1.248293
659.000000 1.062397 1.248434
660.000000 1.075731 1.331709
661.000000 0.892533 0.989383
662.000000 1.013633 1.119528
663.000000 0.906220 0.863847
664.000000 0.957558 1.240589
665.000000 0.777428 0.822436
666.000000 0.900133 0.911037
667.000000 1.011973 1.174915
668.000000 0.829893 0.779879
669.000000 0.879872 1.129298
670.000000 0.932535 1.121922
671.000000 1.024183 1.159841
672.000000 0.866925 0.936364
673.000000 0.871308 0.954923
674.000000 0.950872 1.053695
675.000000 0.775880 0.685825
676.000000 0.785571 0.784007
677.000000 0.952704 0.997441
678.000000 1.020079 1.175823
679.000000 0.935237 1.042869
680.000000 0.908796 1.236589
681.000000 0.774184 0.911232
682.000000 0.884620 1.126683
683.000000 1.142745 1.416956
684.000000 0.970330 1.094703
685.000000 0.727715 0.728343
686.000000 1.041613 1.300575
687.000000 0.563691 0.360752
688.000000 0.751207 0.864581
689.000000 0.812999 0.755019
690.000000 0.665636 0.635232
691.000000 0.590268 0.487164
692.000000 0.901823 0.879294
693.000000 0.783481 0.935042
694.000000 0.803939 0.744684
695.000000 0.904313 1.288797
696.000000 0.987697 1.257326
697.000000 0.954654 1.144035
698.000000 0.940213 1.017573
699.000000 0.761237 0.729715
700.000000 1.025741 1.209544
701.000000 0.863817 0.882812
702.000000 1.001746 1.102153
703.000000 0.898910 0.991843
704.000000 0.764593 0.838546
705.000000 0.861663 0.929197
706.000000 0.811590 0.838056
707.000000 0.839646 0.867543
708.000000 1.084838 1.428050
709.000000 0.857926 1.007282
710.000000 1.039487 1.297941
711.000000 0.958205 1.023511
712.000000 1.065552 1.288980
713.000000 1.054479 1.275130
714.000000 1.048225 1.268640
715.000000 0.884940 0.868314
716.000000 1.118037 1.295260
717.000000 0.911983 1.041321
718.000000 1.051469 1.506018
719.000000 0.902620 0.943817
720.000000 0.991413 1.199049
721.000000 1.054751 1.252217
722.000000 1.157425 1.511776
723.000000 1.023303 1.107400
724.000000 1.042901 1.367768
725.000000 0.919326 1.110294
726.000000 1.019723 1.181373
727.000000 1.105473 1.271475
728.000000 1.153262 1.566865
729.000000 1.033242 1.234802
730.000000 0.833111 1.050820
731.000000 0.772516 1.050020
732.000000 0.802602 0.742728
733.000000 0.838148 0.800075
734.000000 0.918980 1.015012
735.000000 0.971159 1.121595
736.000000 0.637737 0.649121
737.000000 0.853443 0.855880
738.000000 0.772325 0.767505
739.000000 0.975211 1.137413
740.000000 0.823380 0.950055
741.000000 1.052195 1.148109
742.000000 0.965802 1.113600
743.000000 1.058321 1.210057
744.000000 0.965030 1.217821
745.000000 1.029902 1.309532
746.000000 0.840343 0.852028
747.000000 0.453534 0.453659
748.000000 0.838496 0.814226
749.000000 0.961848 1.028674
750.000000 0.705585 0.646367
751.000000 0.738184 0.960421
752.000000 0.519834 0.790360
753.000000 0.864286 0.920863
754.000000 0.896151 1.038509
755.000000 0.818775 0.976959
756.000000 0.821103 0.808740
757.000000 1.011984 1.460537
758.000000 0.921688 0.916248
759.000000 0.912044 1.022742
760.000000 0.696043 0.680342
761.000000 0.997369 1.218321
762.000000 0.989765 1.046897
763.000000 0.919492 1.054779
764.000000 1.042281 1.261202
765.000000 0.984920 1.016994
766.000000 0.999613 1.346772
767.000000 0.896413 0.899539
768.000000 0.876746 1.081150
769.000000 0.911861 1.007621
770.000000 0.786736 0.900811
771.000000 0.864670 1.168874
772.000000 0.749037 0.869727
773.000000 0.632619 0.605227
774.000000 0.968089 1.112446
775.000000 0.916638 1.045103
776.000000 0.715854 0.810911
777.000000 0.622652 0.678150
778.000000 0.954288 1.021359
779.000000 0.909867 0.922634
780.000000 0.976176 1.228627
781.000000 0.984190 1.106374
782.000000 1.098999 1.406374
783.000000 0.698569 0.679642
784.000000 0.874075 1.153490
785.000000 0.739489 1.245697
786.000000 0.762008 0.772930
787.000000 0.741737 0.859902
788.000000 1.007007 1.134211
789.000000 0.993965 1.258092
790.000000 0.956507 1.083854
791.000000 0.841414 1.002184
792.000000 0.959998 1.090952
793.000000 0.771725 0.961255
794.000000 0.841824 1.002687
795.000000 0.575855 0.654255
796.000000 0.860255 0.871294
797.000000 0.949030 1.097423
798.000000 0.729874 0.902764
799.000000 1.107056 1.394753
800.000000 0.877990 0.899083
801.000000 0.981036 1.069053
802.000000 1.045267 1.363732
803.000000 0.800089 0.771150
804.000000 0.859291 0.933139
805.000000 0.876910 0.855151
806.000000 0.819223 0.813940
807.000000 1.025959 1.577064
808.000000 0.913161 1.060010
809.000000 0.927918 0.985795
810.000000 0.897810 0.929855
811.000000 0.593944 0.629600
812.000000 0.807464 0.798322
813.000000 0.820620 0.912013
814.000000 1.224347 1.589960
815.000000 1.180315 1.466039
816.000000 1.157200 1.373020
817.000000 0.915934 0.984320
818.000000 0.861426 0.979917
819.000000 0.830563 0.753810
820.000000 0.987759 1.056202
821.000000 0.915802 0.946711
822.000000 0.613881 0.645730
823.000000 0.849728 0.841346
824.000000 0.620685 0.647153
825.000000 0.812785 0.912875
826.000000 1.112283 1.371663
827.000000 1.063440 1.320345
828.000000 0.895383 0.959510
829.000000 0.961714 1.158276
830.000000 1.115783 1.316284
831.000000 0.950749 1.160092
832.000000 0.817076 0.870407
833.000000 0.705188 0.756301
834.000000 0.615745 0.563808
835.000000 0.879047 0.885899
836.000000 0.832175 1.035101
837.000000 0.515967 0.816106
838.000000 0.572162 0.623323
839.000000 1.107520 1.270262
840.000000 1.040141 1.133094
841.000000 0.964086 1.033069
842.000000 0.951644 0.976627
843.000000 1.016500 1.265359
844.000000 0.947863 1.042821
845.000000 1.071508 1.246010
846.000000 1.076739 1.257841
847.000000 0.813603 0.936140
848.000000 0.691518 0.658331
849.000000 0.944631 0.984804
850.000000 0.838751 0.826462
851.000000 0.976648 1.113525
852.000000 0.752051 0.757597
853.000000 0.649890 0.780666
854.000000 0.975267 1.006562
855.000000 1.283904 1.737529
856.000000 0.928094 1.113973
857.000000 0.969089 1.081277
858.000000 0.851781 0.876221
859.000000 0.925503 1.064045
860.000000 0.978900 1.181915
861.000000 1.031861 1.125700
862.000000 1.043251 1.172326
863.000000 0.779539 0.838358
864.000000 0.898130 0.891063
865.000000 0.980002 1.115668
866.000000 0.872892 0.931180
867.000000 1.026254 1.133199
868.000000 0.855637 0.941565
869.000000 0.883320 0.958620
870.000000 0.946633 1.153243
871.000000 0.900183 0.911721
872.000000 0.866419 0.844963
873.000000 1.064303 1.283689
874.000000 0.746892 0.652485
875.000000 1.054308 1.365609
876.000000 1.064260 1.222683
877.000000 0.763032 0.683279
878.000000 1.028686 1.317045
879.000000 0.987396 1.173217
880.000000 0.848090 1.083193
881.000000 0.582979 0.646876
882.000000 0.805243 0.882078
883.000000 0.942966 1.335717
884.000000 0.772382 0.797849
885.000000 0.996088 1.099871
886.000000 0.975319 1.144042
887.000000 0.665709 0.565162
888.000000 0.937534 0.968894
889.000000 0.953434 1.014116
890.000000 0.950209 1.181487
891.000000 0.780965 0.972872
892.000000 0.826425 0.823404
893.000000 0.978166 1.070461
894.000000 1.049617 1.192194
895.000000 0.701490 0.712403
896.000000 0.892158 1.110435
897.000000 0.839069 0.892742
898.000000 1.175940 1.427543
899.000000 1.060203 1.184642
900.000000 0.933952 1.119747
901.000000 1.052817 1.257165
902.000000 0.752175 1.022784
903.000000 0.628734 0.611474
904.000000 1.139767 1.358155
905.000000 0.897502 0.987694
906.000000 0.727486 0.810479
907.000000 1.026463 1.206096
908.000000 0.876090 1.127403
909.000000 0.785692 0.710523
910.000000 0.841234 1.012158
911.000000 0.790088 0.840121
912.000000 0.952255 1.015156
913.000000 0.865031 0.879279
914.000000 0.792293 0.699216
915.000000 0.837634 1.157820
916.000000 0.658437 0.702124
917.000000 0.947465 0.975092
918.000000 1.301413 1.735019
919.000000 0.596695 0.429096
920.000000 1.040397 1.238250
921.000000 1.011241 1.115726
922.000000 0.795743 0.703341
923.000000 0.721560 0.779413
924.000000 0.992021 1.331224
925.000000 1.020996 1.206272
926.000000 0.881551 1.325942
927.000000 0.930926 1.052728
928.000000 0.851940 1.033727
929.000000 1.081302 1.269567
930.000000 0.860264 0.952826
931.000000 0.997140 1.116168
932.000000 1.160706 1.421834
933.000000 0.847253 0.938178
934.000000 1.126425 1.304297
935.000000 0.808133 0.889461
936.000000 0.736436 0.788575
937.000000 0.401547 0.314700
938.000000 0.984543 1.114626
939.000000 0.910906 0.957802
940.000000 0.973333 1.046816
941.000000 0.808351 0.793859
942.000000 0.775419 0.949823
943.000000 1.014339 1.137367
944.000000 0.550502 0.721245
945.000000 1.030547 1.218578
946.000000 0.841923 0.830169
947.000000 0.894738 0.984592
948.000000 1.029960 1.271052
949.000000 0.954753 1.078388
950.000000 0.841507 0.843363
951.000000 0.831260 0.765855
952.000000 0.742252 0.663145
953.000000 0.576253 0.575319
954.000000 0.681023 0.857493
955.000000 1.055227 1.210424
956.000000 0.964056 1.120853
957.000000 0.968610 1.240008
958.000000 0.937108 1.014985
959.000000 0.875021 0.869036
960.000000 1.052899 1.207381
961.000000 0.642353 0.737793
962.000000 0.978307 1.099638
963.000000 0.819653 0.885799
964.000000 0.965763 1.001736
965.000000 1.018162 1.235413
966.000000 0.829240 1.106717
967.000000 0.882748 0.925295
968.000000 0.965142 1.067645
969.000000 0.659032 0.520143
970.000000 0.777651 0.832894
971.000000 0.910604 0.902792
972.000000 0.884759 0.891009
973.000000 0.790807 0.758374
974.000000 0.819257 0.882952
975.000000 0.969998 1.184116
976.000000 0.877413 0.926723
977.000000 0.835124 0.796617
978.000000 1.013600 1.334373
979.000000 0.789682 0.886531
980.000000 0.721769 0.719675
981.000000 0.680396 0.709338
982.000000 0.555588 0.512193
983.000000 0.840127 0.802030
984.000000 0.922246 0.922639
985.000000 1.118566 1.431158
986.000000 0.935352 0.959396
987.000000 0.924184 1.170977
988.000000 1.126072 1.542563
989.000000 1.153335 1.449184
990.000000 0.689064 0.600297
991.000000 0.998734 1.179699
992.000000 0.790182 0.682588
993.000000 1.023643 1.126292
994.000000 0.744005 0.944714
995.000000 0.747180 0.830091
996.000000 0.901504 1.001880
997.000000 0.908894 1.027957
998.000000 0.747844 0.689048
999.000000 0.779166 0.904245
1000.000000 0.742412 0.816571
1001.000000 1.086305 1.240895
1002.000000 0.834349 0.848716
1003.000000 1.005428 1.143894
1004.000000 1.016548 1.117545
1005.000000 0.912430 0.965629
1006.000000 1.076533 1.247212
1007.000000 1.015161 1.291408
1008.000000 1.143478 1.412643
1009.000000 0.992906 1.080417
1010.000000 0.987004 1.044203
1011.000000 1.121704 1.511617
1012.000000 0.813464 0.935457
1013.000000 0.790422 0.861927
1014.000000 1.022208 1.211011
1015.000000 1.092523 1.378794
1016.000000 0.967362 1.010606
1017.000000 0.851572 0.940198
1018.000000 0.952004 1.164752
1019.000000 0.895134 1.041246
1020.000000 0.808668 0.807434
1021.000000 0.934963 1.009069
1022.000000 0.801352 0.707041
1023.000000 0.582179 0.695233
1024.000000 0.956669 1.125455
1025.000000 1.138627 1.391776
1026.000000 1.092872 1.257088
1027.000000 1.134938 1.488005
1028.000000 0.863130 0.878709
1029.000000 0.849833 0.903369
1030.000000 0.826189 0.856857
1031.000000 0.861176 0.932314
1032.000000 0.910679 0.923449
1033.000000 0.804230 0.843007
1034.000000 0.835657 0.856782
1035.000000 0.769138 0.740121
1036.000000 0.712755 0.894153
1037.000000 1.114088 1.361782
1038.000000 1.018534 1.186330
1039.000000 0.538029 0.739343
1040.000000 0.837795 1.248951
1041.000000 0.977515 1.230962
1042.000000 0.858652 0.863643
1043.000000 0.753800 0.724845
1044.000000 0.366027 0.221504
1045.000000 0.841089 0.912956
1046.000000 0.475483 0.743086
1047.000000 0.636815 0.882523
1048.000000 0.907859 0.969343
1049.000000 0.819700 1.007508
1050.000000 0.832337 0.802052
1051.000000 0.867708 0.925301
1052.000000 1.045142 1.251866
1053.000000 1.218485 1.544084
1054.000000 0.672314 0.570404
1055.000000 1.084703 1.299086
1056.000000 0.943868 1.087695
1057.000000 1.074746 1.213267
1058.000000 0.821249 1.027571
1059.000000 0.846404 0.824622
1060.000000 0.752311 0.781505
1061.000000 0.956912 1.088746
1062.000000 0.809823 0.920984
1063.000000 0.954518 1.218123
1064.000000 0.866941 0.967115
1065.000000 1.029631 1.215000
1066.000000 0.881184 0.858250
1067.000000 0.793932 0.844864
1068.000000 0.965692 1.148374
1069.000000 0.888905 0.928735
1070.000000 0.796127 0.780285
1071.000000 1.088090 1.422052
1072.000000 0.662888 0.537114
1073.000000 0.921815 0.992791
1074.000000 0.948475 1.158610
1075.000000 1.066478 1.200292
1076.000000 1.142324 1.440125
1077.000000 0.943700 1.023458
1078.000000 0.960780 1.018028
1079.000000 0.885070 0.869353
1080.000000 0.881635 1.030627
1081.000000 0.762427 0.904424
1082.000000 0.850144 0.976873
1083.000000 0.547570 0.437379
1084.000000 0.797319 0.728333
1085.000000 0.923307 1.018218
1086.000000 0.915225 1.019893
1087.000000 0.786500 0.722416
1088.000000 0.963087 1.030082
1089.000000 0.934625 0.973681
1090.000000 1.021640 1.096308
1091.000000 0.844541 0.899518
1092.000000 0.652263 0.901022
1093.000000 0.937270 0.947345
1094.000000 0.793929 0.800245
1095.000000 0.859554 0.922948
1096.000000 0.911582 0.990135
1097.000000 0.897057 0.927390
1098.000000 0.996651 1.321468
1099.000000 1.064216 1.214035
1100.000000 0.949133 1.203434
1101.000000 0.718362 0.940349
1102.000000 0.841906 1.014104
1103.000000 1.031561 1.165699
1104.000000 1.044975 1.220715
1105.000000 0.659864 0.555068
1106.000000 0.917535 1.035205
1107.000000 0.610053 0.569532
1108.000000 0.909900 1.011298
1109.000000 0.991830 1.053947
1110.000000 0.691095 0.594571
1111.000000 0.778351 0.961875
1112.000000 1.076970 1.210045
1113.000000 1.090498 1.282416
1114.000000 0.979461 1.191582
1115.000000 0.857476 0.876058
1116.000000 1.012389 1.286055
1117.000000 1.055900 1.312429
1118.000000 0.807133 0.814732
1119.000000 0.955279 1.038077
1120.000000 1.050682 1.124047
1121.000000 0.868441 0.866442
1122.000000 0.784419 0.747920
1123.000000 1.011452 1.232670
1124.000000 1.019961 1.100057
1125.000000 0.927182 0.988061
1126.000000 0.867948 0.945223
1127.000000 0.992910 1.102884
1128.000000 0.892616 0.911389
1129.000000 1.025542 1.216301
1130.000000 0.988893 1.111228
1131.000000 0.623607 0.578371
1132.000000 0.851520 0.948707
1133.000000 1.034620 1.361120
1134.000000 1.038536 1.210506
1135.000000 0.865829 0.886881
1136.000000 0.832372 0.766672
1137.000000 0.734049 0.817911
1138.000000 0.770827 0.708961
1139.000000 1.036386 1.369162
1140.000000 0.716692 0.664269
1141.000000 0.689810 0.719332
1142.000000 0.923787 1.109922
1143.000000 1.022202 1.110513
1144.000000 0.927884 1.057098
1145.000000 1.025684 1.266890
1146.000000 0.846043 1.002459
1147.000000 0.891209 0.869158
1148.000000 0.679439 0.736601
1149.000000 1.086182 1.325542
1150.000000 0.918637 1.005340
1151.000000 0.789835 1.025065
1152.000000 0.838538 0.765445
1153.000000 0.925561 1.089575
1154.000000 0.866557 0.961220
1155.000000 1.078630 1.399403
1156.000000 0.915100 1.011038
1157.000000 0.906316 1.078632
1158.000000 1.005562 1.183244
1159.000000 0.591213 0.559848
1160.000000 0.880869 1.044979
1161.000000 0.961782 1.166235
1162.000000 0.710638 0.549409
1163.000000 0.788519 0.827769
1164.000000 0.792877 0.835365
1165.000000 0.737660 0.685221
1166.000000 0.934781 1.124557
1167.000000 0.759608 0.879602
1168.000000 0.954306 1.064877
1169.000000 0.953304 1.064641
1170.000000 0.935639 1.210542
1171.000000 0.367276 0.470632
1172.000000 0.911861 0.947643
1173.000000 1.008349 1.306081
1174.000000 1.046156 1.191987
1175.000000 1.197964 1.460379
1176.000000 1.131014 1.374518
1177.000000 0.886130 0.983478
1178.000000 0.915180 0.891495
1179.000000 0.864553 0.920577
1180.000000 0.654293 0.814589
1181.000000 0.708946 0.805073
1182.000000 0.687042 0.652365
1183.000000 0.990039 1.127857
1184.000000 1.108848 1.341612
1185.000000 0.395350 0.442450
