0.000000 0.990210 0.995004
1.000000 0.903529 1.245637
2.000000 1.187498 2.035509
3.000000 1.077712 1.483864
4.000000 0.405793 0.798816
5.000000 0.754865 1.257096
6.000000 0.506956 0.712458
7.000000 0.526527 0.742699
8.000000 0.572890 0.785785
9.000000 0.562802 1.289517
10.000000 0.460732 0.343020
11.000000 0.507091 1.068275
12.000000 0.928893 1.573087
13.000000 0.258559 0.520477
14.000000 0.814337 1.350076
15.000000 0.780512 2.145484
16.000000 0.782103 0.887095
17.000000 0.652946 1.093471
18.000000 0.812878 1.227317
19.000000 0.455396 1.124511
20.000000 0.285510 0.434251
21.000000 0.818964 0.821605
22.000000 0.621716 0.982961
23.000000 0.489320 0.468929
24.000000 0.581288 0.736283
25.000000 0.312583 1.779942
26.000000 0.872107 1.413200
27.000000 0.683427 1.181021
28.000000 0.743740 0.786730
29.000000 0.993385 1.760138
30.000000 0.490282 0.768129
31.000000 0.481850 0.997184
32.000000 0.629072 0.682813
33.000000 0.450850 0.524848
34.000000 0.783305 1.060628
35.000000 0.890326 1.428708
36.000000 0.909914 1.010906
37.000000 0.752512 0.956150
38.000000 0.806535 1.463586
39.000000 1.046920 2.007270
40.000000 1.188514 1.882418
41.000000 0.803640 0.787670
