0.000000 0.970646 0.951705
1.000000 0.571096 0.682736
2.000000 0.893948 1.273049
3.000000 0.666216 0.937126
4.000000 0.624648 0.814994
5.000000 1.108920 1.794538
6.000000 0.682480 0.944730
7.000000 0.892583 1.525567
8.000000 0.714879 1.273386
9.000000 0.366341 0.602319
10.000000 0.376694 0.753600
11.000000 0.738768 0.756245
12.000000 0.425303 0.643537
13.000000 0.237612 0.360594
14.000000 0.414136 0.905615
15.000000 0.204716 0.675802
16.000000 0.527439 0.587022
17.000000 0.479083 0.728722
18.000000 0.590325 1.040048
19.000000 0.744079 0.805639
20.000000 0.724957 0.683131
21.000000 0.516505 0.650674
22.000000 0.789709 1.354434
23.000000 0.440393 1.003952
24.000000 0.238924 0.485627
25.000000 0.421562 0.755807
26.000000 0.414052 0.545992
27.000000 0.512143 0.545098
28.000000 0.351974 0.680008
29.000000 0.308296 1.057727
30.000000 0.504805 0.981384
31.000000 0.482492 0.672607
32.000000 0.625310 0.864016
33.000000 0.602077 0.947919
34.000000 0.726491 1.249765
35.000000 1.357653 2.218172
36.000000 0.707427 0.787818
37.000000 0.495941 0.358584
38.000000 0.508233 1.402244
39.000000 0.896806 1.223342
40.000000 0.389814 0.738796
41.000000 0.953235 1.541028
42.000000 0.777867 1.226391
43.000000 0.481275 0.684827
44.000000 0.601314 1.313549
45.000000 0.667241 1.277393
46.000000 0.498870 1.040876
47.000000 0.544104 0.838135
48.000000 0.480886 1.197942
49.000000 0.136283 0.136131
50.000000 0.818224 1.093517
51.000000 0.558230 0.924873
52.000000 0.595571 1.216669
53.000000 0.316007 0.564329
54.000000 0.523011 0.794252
55.000000 0.685629 0.765818
56.000000 0.441636 0.483887
57.000000 0.314218 0.699902
58.000000 0.320662 0.478121
59.000000 0.561936 1.394827
60.000000 0.502847 0.745721
61.000000 0.347903 1.254055
62.000000 0.548291 1.063094
63.000000 0.758988 1.512652
64.000000 0.527004 0.782396
65.000000 -0.024168 0.484330
66.000000 0.094175 0.554097
67.000000 0.182445 0.840371
68.000000 0.201450 0.636489
69.000000 -0.092828 0.727371
70.000000 0.163005 0.732987
71.000000 0.317151 0.962922
