0.000000 0.962590 0.942979
1.000000 0.951937 1.882427
2.000000 0.842471 1.665021
3.000000 0.610188 0.839761
4.000000 0.749435 0.826101
5.000000 0.540268 0.912706
6.000000 0.694041 1.119366
7.000000 0.645445 0.667849
8.000000 0.771332 1.357291
9.000000 0.847775 0.799548
10.000000 1.061059 1.627803
11.000000 0.757024 0.866654
12.000000 0.629118 0.809896
13.000000 0.565180 1.025348
14.000000 0.381938 2.223038
15.000000 0.820293 1.448368
16.000000 0.964270 2.150641
17.000000 0.845167 1.490789
18.000000 0.386869 0.963370
19.000000 0.528129 0.697849
20.000000 0.595561 1.170620
21.000000 0.191169 0.941677
22.000000 0.366392 1.711849
23.000000 0.506606 0.695251
24.000000 0.680990 1.285796
25.000000 0.603341 0.978165
26.000000 0.397241 0.722608
27.000000 0.503199 0.728511
28.000000 0.427630 0.974759
29.000000 0.951684 1.240860
30.000000 0.607870 1.191888
31.000000 1.006710 1.460136
32.000000 1.054112 1.312147
33.000000 1.123446 1.551596
34.000000 0.692448 0.866362
35.000000 0.992105 1.515063
36.000000 0.706755 1.112036
37.000000 0.730189 0.857267
38.000000 0.729136 1.055627
39.000000 0.321535 0.533480
40.000000 0.573771 1.090373
41.000000 0.396280 1.089011
42.000000 0.831361 0.851405
43.000000 0.842789 1.086983
44.000000 0.670779 0.971803
45.000000 0.382466 0.792242
46.000000 0.474765 0.927956
47.000000 0.486638 0.741170
48.000000 0.394885 0.693424
49.000000 0.568966 0.684194
50.000000 0.565480 0.843693
51.000000 0.484846 0.810157
52.000000 0.568330 0.788151
53.000000 0.803267 0.909035
54.000000 0.763425 1.116705
55.000000 0.596275 0.748967
56.000000 0.436872 0.999165
57.000000 1.132640 1.598447
58.000000 1.095267 1.803911
59.000000 0.666866 1.028875
60.000000 0.791122 1.033120
61.000000 0.656450 1.217497
62.000000 0.602573 0.764684
63.000000 0.392365 0.753294
64.000000 1.011474 2.065897
65.000000 0.767834 0.979023
66.000000 0.822218 1.031464
67.000000 0.607136 0.853784
68.000000 0.250251 0.609377
69.000000 0.385809 1.001905
70.000000 0.355617 0.630060
71.000000 0.318517 0.465184
72.000000 0.227613 0.520380
73.000000 0.031238 1.019734
74.000000 -0.173684 1.129250
75.000000 -0.053807 1.159345
76.000000 0.233899 0.901531
77.000000 0.627171 1.299737
78.000000 0.011791 0.977646
79.000000 0.256407 1.657772
80.000000 0.448482 0.654395
81.000000 0.482347 1.474576
82.000000 0.221718 1.522846
83.000000 0.175306 0.244695
84.000000 0.312964 1.127358
85.000000 0.362597 2.064307
86.000000 0.131867 0.910140
87.000000 0.126492 1.368882
88.000000 0.011708 1.156569
89.000000 -0.038203 0.907795
90.000000 0.399963 1.657585
91.000000 0.452097 1.720930
92.000000 0.337732 0.962400
93.000000 0.356724 0.603279
94.000000 0.017295 1.130134
95.000000 0.028827 1.126571
96.000000 0.331153 0.647141
97.000000 0.337540 0.919248
98.000000 0.075044 0.477756
99.000000 0.460451 1.325443
100.000000 0.499928 0.936084
101.000000 0.076415 1.005003
102.000000 0.083838 0.786541
103.000000 0.400490 1.188526
104.000000 0.120039 0.521375
105.000000 0.428088 0.908344
106.000000 0.452226 0.522394
107.000000 0.776244 1.657897
108.000000 0.477845 0.960185
109.000000 0.854425 1.580806
110.000000 0.422448 0.710046
111.000000 0.604503 1.115783
112.000000 0.398138 1.308610
113.000000 0.733524 0.950274
114.000000 0.599578 0.871271
115.000000 0.489338 1.027462
116.000000 0.146409 0.942225
117.000000 0.301585 0.766995
118.000000 0.381064 0.558500
119.000000 0.361546 0.780244
120.000000 0.538731 0.724130
121.000000 0.731899 0.675364
122.000000 0.206486 0.393884
123.000000 0.454629 1.163424
124.000000 0.509288 0.710043
125.000000 0.806810 0.929656
126.000000 0.366124 0.462461
127.000000 0.893390 1.336217
128.000000 0.534089 1.084700
129.000000 0.651156 1.418414
130.000000 0.826358 1.515759
131.000000 0.667864 0.855883
132.000000 0.439652 1.287711
133.000000 0.882238 1.608854
134.000000 0.428572 1.050829
135.000000 0.232008 0.769015
136.000000 0.643030 1.508640
137.000000 0.184081 0.488928
138.000000 1.054159 1.530959
139.000000 0.503511 0.618889
140.000000 0.756499 0.766033
141.000000 0.765321 0.883336
142.000000 1.031056 1.446105
143.000000 0.730740 0.754623
144.000000 0.677657 0.787659
145.000000 0.822868 1.050365
146.000000 0.836375 1.155158
147.000000 0.861796 1.474379
148.000000 0.729286 1.162558
149.000000 0.261292 0.428529
150.000000 0.279066 0.809764
151.000000 0.821156 0.956417
152.000000 0.996231 1.809164
153.000000 0.470548 0.626793
154.000000 0.392544 0.574119
155.000000 0.431034 0.638883
156.000000 0.625321 1.172468
157.000000 0.856726 1.677896
158.000000 1.045847 1.706136
159.000000 0.721895 0.922127
160.000000 0.302446 0.492040
161.000000 0.395366 1.065279
162.000000 0.596506 0.949417
163.000000 0.279687 0.444289
164.000000 0.572535 0.591314
165.000000 0.298143 0.589820
166.000000 0.411175 1.139376
167.000000 0.437917 1.510438
168.000000 0.666224 0.994980
169.000000 0.430757 0.373654
170.000000 0.340519 1.025608
171.000000 0.406160 0.511676
172.000000 0.565697 1.060642
173.000000 0.458933 0.577737
174.000000 0.582015 1.178687
175.000000 0.237203 0.686854
176.000000 0.046358 0.880686
177.000000 0.415482 1.333461
178.000000 0.637356 1.153594
179.000000 0.211259 0.511383
180.000000 0.330908 0.733964
181.000000 0.794039 1.102043
182.000000 0.492508 0.611089
183.000000 0.495280 1.067934
184.000000 0.456823 1.000362
185.000000 0.562186 1.122270
186.000000 0.411512 0.997899
187.000000 0.506253 0.567357
188.000000 0.280326 0.619862
189.000000 0.861245 1.067884
190.000000 0.808155 1.086028
191.000000 0.433669 0.684698
192.000000 0.712356 0.979184
193.000000 0.344548 0.518311
194.000000 0.433446 0.429337
195.000000 0.294331 1.042994
196.000000 0.002750 0.392628
197.000000 -0.174820 0.525824
198.000000 0.398318 0.469905
199.000000 0.061751 0.531800
200.000000 0.446525 0.598257
201.000000 0.472049 0.644899
202.000000 0.816671 1.035340
203.000000 0.275502 0.453543
204.000000 0.354991 0.593116
205.000000 0.625407 1.208740
206.000000 0.575719 0.995769
207.000000 0.848436 1.356559
208.000000 0.599729 0.685540
209.000000 0.616729 0.804986
210.000000 0.403707 0.717681
211.000000 0.594865 1.264936
212.000000 0.759970 0.960920
213.000000 0.815532 1.320608
214.000000 0.631745 0.720958
215.000000 0.673912 1.196305
216.000000 0.514074 0.993616
217.000000 0.842383 1.557410
218.000000 0.575465 0.691341
219.000000 0.811973 0.943699
220.000000 0.891737 1.373631
221.000000 0.737919 1.297803
222.000000 0.571967 0.720091
223.000000 0.661556 0.697952
224.000000 0.715803 0.871870
225.000000 0.823830 1.046357
226.000000 0.793995 1.406315
227.000000 1.111223 1.819618
228.000000 0.867235 1.361489
229.000000 0.324071 0.831069
230.000000 0.617086 0.941644
231.000000 0.775542 1.019655
232.000000 0.481227 0.902411
233.000000 0.675609 1.395457
234.000000 0.322808 0.437802
235.000000 0.621500 1.313584
236.000000 0.504727 0.744402
237.000000 0.253691 0.579121
238.000000 0.790822 1.010264
239.000000 0.021844 0.559961
240.000000 0.164434 0.639947
241.000000 0.222159 1.166726
242.000000 0.468530 1.077624
243.000000 0.043862 0.506813
244.000000 0.380337 1.090537
245.000000 0.763815 1.677629
246.000000 0.485906 0.892101
247.000000 0.650601 1.373207
248.000000 0.398097 0.604213
249.000000 0.190007 0.610082
250.000000 0.372586 1.106446
251.000000 0.167202 0.614000
252.000000 0.092521 1.038106
253.000000 0.453690 0.995937
254.000000 0.682953 1.843207
255.000000 0.368436 0.399717
256.000000 0.447123 1.756183
257.000000 0.411651 1.093460
258.000000 0.220296 0.745088
259.000000 0.439046 0.607908
260.000000 0.649590 1.869895
261.000000 0.356117 1.243946
262.000000 0.233589 0.653741
263.000000 0.803759 0.863229
264.000000 0.360106 0.402578
265.000000 0.590591 1.183046
266.000000 0.421098 0.540129
267.000000 0.506356 0.474578
268.000000 -0.011975 0.534111
269.000000 0.219449 0.511793
270.000000 0.499266 0.476025
271.000000 0.428673 0.918916
272.000000 0.712801 1.650435
273.000000 0.528781 0.805041
274.000000 0.553007 0.868257
275.000000 0.225527 0.958320
276.000000 0.258106 0.523412
277.000000 0.499734 1.399151
278.000000 0.569669 0.776146
279.000000 0.622919 0.985606
280.000000 0.385794 0.917147
281.000000 0.128891 0.435052
282.000000 0.481091 0.917453
283.000000 0.546431 1.173341
284.000000 0.746530 1.519490
285.000000 0.283947 0.408392
286.000000 0.962602 1.799547
287.000000 1.197397 2.474674
288.000000 0.912293 1.658092
289.000000 0.499680 0.706517
290.000000 0.412277 1.194749
291.000000 0.644852 1.247477
292.000000 0.495610 0.732304
293.000000 0.626611 1.305609
294.000000 0.525669 1.175973
295.000000 0.751220 1.517123
296.000000 0.650083 1.499970
297.000000 0.931648 1.303038
298.000000 0.665007 1.031660
299.000000 1.000791 1.521692
300.000000 1.069031 1.536520
301.000000 1.053255 1.632585
302.000000 0.685706 0.741749
303.000000 1.014535 1.583907
304.000000 0.523305 0.671395
305.000000 0.871184 1.578303
306.000000 0.383541 0.557933
307.000000 0.548157 1.575211
308.000000 0.298148 1.085661
309.000000 0.149862 0.776782
310.000000 0.347188 1.615077
311.000000 0.644782 1.377757
312.000000 0.606987 1.012429
313.000000 0.280801 1.372563
314.000000 0.206139 0.634380
315.000000 0.641339 1.344766
316.000000 0.535781 1.015857
317.000000 0.859833 2.383391
318.000000 0.539902 0.946419
319.000000 0.629156 0.873188
320.000000 0.908192 1.306052
321.000000 0.737701 1.635521
322.000000 0.737162 1.551098
323.000000 0.186262 0.882884
324.000000 0.260168 1.246557
325.000000 0.275960 1.317408
326.000000 0.631436 1.862709
327.000000 0.539453 1.162226
328.000000 0.763940 2.040597
329.000000 0.086743 1.243864
330.000000 0.210816 0.555972
331.000000 0.483547 0.647410
332.000000 0.689802 1.036861
333.000000 0.498737 0.709836
334.000000 0.527657 0.965982
335.000000 0.609548 1.656973
336.000000 0.323457 0.954510
337.000000 0.315329 0.644882
338.000000 0.075155 0.817867
339.000000 -0.095878 1.335261
340.000000 0.007184 0.876324
341.000000 0.572799 0.977811
342.000000 0.559310 1.160994
343.000000 0.599397 1.553079
344.000000 0.085448 0.862120
345.000000 0.320663 1.028223
346.000000 0.254554 0.866082
347.000000 0.389985 0.589589
348.000000 0.423413 1.178001
349.000000 0.457982 0.854046
350.000000 -0.038047 0.490983
351.000000 -0.051918 1.165507
352.000000 0.173762 1.153741
353.000000 0.101244 1.100191
354.000000 0.158142 0.794698
355.000000 0.324340 0.513670
356.000000 -0.302125 1.255852
357.000000 -0.175541 0.721494
358.000000 -0.017455 0.527394
359.000000 -0.205873 1.172418
360.000000 -0.028481 1.060074
361.000000 -0.027423 0.763697
362.000000 -0.109571 1.400344
363.000000 -0.729833 1.451270
364.000000 -0.001091 0.864324
365.000000 0.235393 0.278194
366.000000 0.426468 0.886899
367.000000 0.146867 0.812595
368.000000 0.133456 0.359808
369.000000 -0.204270 0.463519
370.000000 0.175232 0.655128
371.000000 -0.147754 0.825030
372.000000 -0.081240 0.419186
373.000000 -0.031548 0.252996
374.000000 0.145579 0.916506
375.000000 0.291127 0.398625
376.000000 0.636025 0.751750
377.000000 0.367755 0.859096
378.000000 0.358504 0.942592
379.000000 0.440620 0.644271
380.000000 0.571008 0.867205
381.000000 0.438151 0.785653
382.000000 0.519196 1.135195
383.000000 0.356172 1.689792
384.000000 0.238956 1.250239
385.000000 0.067656 1.214156
386.000000 0.245791 0.941405
387.000000 0.439067 1.170395
388.000000 0.636068 1.458338
389.000000 0.683877 0.909378
390.000000 0.553565 0.642963
391.000000 0.727921 0.966140
392.000000 0.542215 0.942923
393.000000 0.625737 1.322026
394.000000 0.572124 0.997681
395.000000 0.707032 0.610475
396.000000 0.320964 0.240916
397.000000 0.700552 1.577192
398.000000 0.435708 0.833896
399.000000 0.352734 1.783841
400.000000 0.402827 1.124968
401.000000 0.244433 0.712999
402.000000 -0.153835 1.077612
403.000000 -0.103057 1.319398
404.000000 0.044818 0.673232
405.000000 0.368716 0.737630
406.000000 0.227073 0.971387
407.000000 0.394348 0.537967
408.000000 0.020840 0.865077
409.000000 0.197743 0.590218
410.000000 0.284467 0.570349
411.000000 0.552110 0.688166
412.000000 0.200408 0.985523
