0.000000 0.982591 0.978579
1.000000 0.565680 0.505654
2.000000 0.857442 1.039145
3.000000 0.800985 0.874225
4.000000 0.968260 1.091030
5.000000 0.911370 0.948605
6.000000 1.045760 1.215648
7.000000 1.059800 1.261094
8.000000 0.812576 0.740121
9.000000 1.010251 1.082535
10.000000 0.936969 1.031065
11.000000 1.016465 1.121114
12.000000 1.125103 1.386475
13.000000 0.970446 1.002346
14.000000 0.962299 1.062992
15.000000 0.993031 1.075401
16.000000 0.839126 0.780202
17.000000 1.086421 1.367924
18.000000 0.738236 0.785472
19.000000 0.699837 0.800746
20.000000 0.746805 0.951175
21.000000 1.025735 1.163166
22.000000 0.846004 0.880602
23.000000 0.871287 1.007548
24.000000 0.716531 0.604472
25.000000 0.763742 0.888999
26.000000 1.135439 1.426596
27.000000 1.007296 1.203904
28.000000 0.853577 0.991677
29.000000 1.098468 1.340884
30.000000 0.972105 1.134693
31.000000 1.124110 1.342426
32.000000 0.681109 0.593394
33.000000 1.017150 1.134646
34.000000 0.759568 0.705050
35.000000 1.013820 1.218305
36.000000 0.999935 1.118795
37.000000 1.074986 1.376128
38.000000 0.902265 0.945684
39.000000 1.081181 1.256546
40.000000 1.030262 1.267412
41.000000 1.022518 1.133368
42.000000 0.649865 0.965725
43.000000 0.543587 0.653153
44.000000 0.999828 1.039467
45.000000 0.980779 1.063317
46.000000 0.878076 0.868781
47.000000 0.797296 0.911660
48.000000 0.911353 0.946601
49.000000 1.029526 1.223068
50.000000 0.855371 1.117821
51.000000 0.773149 0.719523
52.000000 0.906319 1.028662
53.000000 1.011614 1.081822
54.000000 0.921529 0.966981
55.000000 1.048605 1.220738
56.000000 0.745765 0.750834
57.000000 0.976249 1.084550
58.000000 0.968347 1.069518
59.000000 1.028317 1.158278
60.000000 1.045397 1.184505
61.000000 1.110733 1.254278
62.000000 0.811419 0.830880
63.000000 0.856845 1.030997
64.000000 0.796996 0.781474
65.000000 0.957507 1.086647
66.000000 0.985144 1.177370
67.000000 1.092511 1.282853
68.000000 0.970568 1.038752
69.000000 0.873911 0.992517
70.000000 0.703676 0.741180
71.000000 0.804306 0.860942
72.000000 0.831473 1.003856
73.000000 0.804109 0.832427
74.000000 0.824675 0.827179
75.000000 1.039828 1.184349
76.000000 0.883936 0.978779
77.000000 1.032918 1.191693
78.000000 0.963203 1.060111
79.000000 1.036711 1.340389
80.000000 0.924956 0.937764
81.000000 0.903885 0.858417
82.000000 0.773249 0.724731
83.000000 1.025821 1.217012
84.000000 1.031294 1.230234
85.000000 0.980931 0.988054
86.000000 0.778438 0.820038
87.000000 0.789376 0.835154
88.000000 0.802967 0.773761
89.000000 1.000239 1.187049
90.000000 0.731553 0.674363
91.000000 1.138581 1.472172
92.000000 1.050929 1.211951
93.000000 0.842367 0.864062
94.000000 0.895665 1.149750
95.000000 0.836697 0.868547
96.000000 1.018862 1.167956
97.000000 0.826622 0.889699
98.000000 1.074039 1.234795
99.000000 0.807290 0.886403
100.000000 0.898662 0.917935
101.000000 0.791500 0.696208
102.000000 1.099525 1.391572
103.000000 1.162112 1.421308
104.000000 0.782766 0.762031
105.000000 0.741453 0.802656
106.000000 0.708815 0.663618
107.000000 1.046867 1.187245
108.000000 0.937409 1.205374
109.000000 0.740989 0.842124
110.000000 0.786895 0.946031
111.000000 0.978536 1.242933
112.000000 1.031660 1.291141
113.000000 0.941304 1.166678
114.000000 1.112417 1.324073
115.000000 0.880008 1.029673
116.000000 1.007813 1.070517
117.000000 1.041384 1.299994
118.000000 1.024648 1.208597
119.000000 0.980513 1.039154
120.000000 1.139322 1.447715
121.000000 0.898550 0.932598
122.000000 0.787357 0.776005
123.000000 1.000145 1.083280
124.000000 0.930254 1.190080
125.000000 0.723385 0.738871
126.000000 0.904940 0.873660
127.000000 0.953185 1.023712
128.000000 0.650133 0.968828
129.000000 0.949203 1.050118
130.000000 0.780288 0.931571
131.000000 0.782839 0.805246
132.000000 0.614375 0.926935
133.000000 1.050599 1.292717
134.000000 0.983769 1.132954
135.000000 0.792139 0.765081
136.000000 0.856409 0.815187
137.000000 0.933135 0.944580
138.000000 0.931666 0.986241
139.000000 1.142355 1.433780
140.000000 0.934034 0.979242
141.000000 1.061046 1.270509
142.000000 0.782939 0.715498
143.000000 0.705772 0.912096
144.000000 0.710640 0.883247
145.000000 0.804727 0.933718
146.000000 0.760627 0.706534
147.000000 0.849815 0.903798
148.000000 0.826314 1.124172
149.000000 0.964342 1.056892
150.000000 1.054208 1.345498
151.000000 0.843012 0.829588
152.000000 0.755342 1.016429
153.000000 0.745423 0.757520
154.000000 0.853551 0.998511
155.000000 0.815321 0.801885
156.000000 0.796637 0.688825
157.000000 0.856850 0.996821
158.000000 1.061304 1.255051
159.000000 0.713627 0.734175
160.000000 0.901588 0.927045
161.000000 0.764813 0.857930
162.000000 1.018329 1.255154
163.000000 0.942391 1.254325
164.000000 0.684216 0.619651
165.000000 1.092215 1.261633
166.000000 0.964518 1.117273
167.000000 0.782859 0.802448
168.000000 0.878516 1.152722
169.000000 1.049152 1.286605
170.000000 0.922838 0.939964
171.000000 0.720032 0.720477
172.000000 0.916748 1.010343
173.000000 0.796062 0.750485
174.000000 0.863875 0.840252
175.000000 1.144373 1.389581
176.000000 0.857653 0.850719
177.000000 0.812621 0.861581
178.000000 1.078905 1.233054
179.000000 0.816785 1.001507
180.000000 0.864436 0.910773
181.000000 0.475615 0.662387
182.000000 0.527577 0.471586
183.000000 1.036670 1.219782
184.000000 0.900922 0.899706
185.000000 0.964116 1.176166
186.000000 0.778115 0.781229
187.000000 1.114434 1.420031
188.000000 1.006878 1.234691
189.000000 0.802139 0.924618
190.000000 0.984125 1.159873
191.000000 0.926896 0.903966
192.000000 0.867691 0.963979
193.000000 1.047458 1.180892
194.000000 1.005693 1.155633
195.000000 0.748579 0.710987
196.000000 0.973174 1.085873
197.000000 1.137330 1.330277
198.000000 1.230859 1.641447
199.000000 1.021331 1.159103
200.000000 0.955182 1.067873
201.000000 0.777842 0.776961
202.000000 0.879253 0.988340
203.000000 0.856849 1.029935
204.000000 0.830401 0.872146
205.000000 0.993710 1.090245
206.000000 0.843207 0.947826
207.000000 0.919729 1.001281
208.000000 1.066830 1.417179
209.000000 0.829485 0.827006
210.000000 0.848990 0.891595
211.000000 1.177561 1.519320
212.000000 0.996969 1.207233
213.000000 1.085295 1.273484
214.000000 0.735401 0.666610
215.000000 1.007881 1.111270
216.000000 0.824432 0.768767
217.000000 0.743759 1.126130
218.000000 0.847494 1.158842
219.000000 0.822336 0.857408
220.000000 1.105157 1.415026
221.000000 0.884839 0.908310
222.000000 0.873580 0.852041
223.000000 0.777947 0.734177
224.000000 0.864053 0.977333
225.000000 1.082391 1.266924
226.000000 0.959200 1.009432
227.000000 0.922807 0.914448
228.000000 0.992820 1.252748
229.000000 0.763707 0.848193
230.000000 0.858876 0.978993
231.000000 0.806509 0.813797
232.000000 0.724923 0.639862
233.000000 0.846892 0.829904
234.000000 1.029456 1.185643
235.000000 0.816392 0.791356
236.000000 0.771183 0.936193
237.000000 0.961960 1.104014
238.000000 0.905862 0.916610
239.000000 0.870196 0.922069
240.000000 0.792722 1.056173
241.000000 1.001176 1.073573
242.000000 0.820029 0.957931
243.000000 0.792085 0.911685
244.000000 0.936880 1.077967
245.000000 0.825043 0.748870
246.000000 1.116789 1.289239
247.000000 1.150170 1.484545
248.000000 0.969962 1.012322
249.000000 0.813847 0.941626
250.000000 1.092504 1.340491
251.000000 0.781331 0.807655
252.000000 0.830646 1.027983
253.000000 1.005490 1.210400
254.000000 1.166194 1.538727
255.000000 0.972372 1.128640
256.000000 0.955292 1.069943
257.000000 0.873402 0.840379
258.000000 0.993840 1.039811
259.000000 1.119103 1.334965
260.000000 0.895530 0.898639
261.000000 0.838497 0.889630
262.000000 0.964782 1.232695
263.000000 1.008593 1.031249
264.000000 0.829747 0.762422
265.000000 0.765709 0.947842
266.000000 0.917643 1.035448
267.000000 0.846169 0.779849
268.000000 0.864066 0.895507
269.000000 0.839641 1.086204
270.000000 0.904027 1.128495
271.000000 1.086269 1.286887
272.000000 0.940591 1.028452
273.000000 1.171491 1.425430
274.000000 0.991197 1.098567
275.000000 1.226863 1.786495
276.000000 0.884968 1.017342
277.000000 0.951481 0.945891
278.000000 0.679488 0.612281
279.000000 0.773476 0.745429
280.000000 0.867006 0.950397
281.000000 0.990275 1.167823
282.000000 0.970880 1.037356
283.000000 0.775251 0.803923
284.000000 1.029019 1.085425
285.000000 0.845331 0.917615
286.000000 1.134427 1.401272
287.000000 0.950676 1.022679
288.000000 0.803661 0.748748
289.000000 0.958357 1.026008
290.000000 0.897942 1.281632
291.000000 0.761414 0.773445
292.000000 0.952090 1.082545
293.000000 0.966253 1.055234
294.000000 1.000641 1.156170
295.000000 1.075637 1.318518
296.000000 1.033639 1.379178
297.000000 0.754057 0.613692
298.000000 0.899135 1.043651
299.000000 1.003465 1.260598
300.000000 1.020835 1.178220
301.000000 0.797886 0.917440
302.000000 0.931413 1.044315
303.000000 0.849966 0.908990
304.000000 1.007355 1.132876
305.000000 0.845009 0.844293
306.000000 0.945890 1.554944
307.000000 0.915690 1.213236
308.000000 1.197690 1.489872
309.000000 0.756898 0.848582
310.000000 0.924153 1.000166
311.000000 0.975706 0.996151
312.000000 0.663981 0.598127
313.000000 0.929667 1.145736
314.000000 0.778593 0.899705
315.000000 0.945230 0.975391
316.000000 1.052339 1.202077
317.000000 0.714050 0.595571
318.000000 0.864226 0.849870
319.000000 1.148793 1.353195
320.000000 0.995273 1.102156
321.000000 0.959588 1.481529
322.000000 0.951458 1.061521
323.000000 0.846433 0.763928
324.000000 0.464090 0.422941
325.000000 0.782827 1.086078
326.000000 0.561579 0.472632
327.000000 0.634350 0.743822
328.000000 0.899495 1.099374
329.000000 0.863981 0.838390
330.000000 0.837997 1.027351
331.000000 0.489625 0.445854
332.000000 0.868087 1.018245
333.000000 0.968513 1.171483
334.000000 1.108913 1.447500
335.000000 0.965788 1.051136
336.000000 0.739635 0.752617
337.000000 0.959117 1.117408
338.000000 1.092973 1.292155
339.000000 0.802322 0.761613
340.000000 0.773301 0.758944
341.000000 0.916260 1.031090
342.000000 0.795526 0.763538
343.000000 0.942408 1.074443
344.000000 0.762711 0.749181
345.000000 0.853260 0.866913
346.000000 0.965423 1.031974
347.000000 0.988650 1.055319
348.000000 0.999069 1.252879
349.000000 0.919447 0.922655
350.000000 0.910123 1.047258
351.000000 0.922724 0.918925
352.000000 0.792057 0.889304
353.000000 0.907265 1.100357
354.000000 1.015888 1.166528
355.000000 0.742522 0.608466
356.000000 0.950892 1.004535
357.000000 0.928620 0.986606
358.000000 1.138105 1.555752
359.000000 0.955802 1.088756
360.000000 1.069754 1.314351
361.000000 0.934099 1.101005
362.000000 0.891850 0.973930
363.000000 0.773887 0.936563
364.000000 0.890572 0.892342
365.000000 1.137369 1.420307
366.000000 0.701205 0.694413
367.000000 0.789350 0.875177
368.000000 0.714701 0.944216
369.000000 0.887788 1.179342
370.000000 0.755940 0.860153
371.000000 1.073763 1.246341
372.000000 1.133268 1.359429
373.000000 1.006552 1.208249
374.000000 1.066256 1.266848
375.000000 0.851020 1.009369
376.000000 0.930325 0.947209
377.000000 0.871708 1.059347
378.000000 0.903239 1.023351
379.000000 0.883137 0.896533
380.000000 0.971288 1.197230
381.000000 0.912567 0.997592
382.000000 0.624932 0.969354
383.000000 0.980843 1.200310
384.000000 0.769914 0.847504
385.000000 0.919677 0.967969
386.000000 0.861517 1.102104
387.000000 0.688555 0.801610
388.000000 0.709974 0.742615
389.000000 1.005405 1.106685
390.000000 1.013592 1.164216
391.000000 1.161314 1.564349
392.000000 0.937599 0.977217
393.000000 0.832548 0.717661
394.000000 1.115293 1.286281
395.000000 0.750701 1.058097
396.000000 0.904842 1.029919
397.000000 0.817424 0.774198
398.000000 0.846629 0.913196
399.000000 0.917156 0.900914
400.000000 0.881387 1.123213
401.000000 0.663940 0.625901
402.000000 1.155675 1.524657
403.000000 1.056989 1.292344
404.000000 0.858890 0.925171
405.000000 0.815603 0.721631
406.000000 0.984168 1.310252
407.000000 0.875327 0.918828
408.000000 0.861192 1.019402
409.000000 0.957281 1.003855
410.000000 1.091801 1.256479
411.000000 1.056237 1.292490
412.000000 0.868048 0.943956
413.000000 0.934328 1.044875
414.000000 1.110490 1.337015
415.000000 0.875359 0.958715
416.000000 0.628177 0.687630
417.000000 0.817669 0.782280
418.000000 0.764807 0.696352
419.000000 0.972101 1.108450
420.000000 0.699448 0.829829
421.000000 0.730494 0.701145
422.000000 1.040709 1.157641
423.000000 0.933921 1.065616
424.000000 0.960379 1.116670
425.000000 0.978970 1.268519
426.000000 0.782475 1.088420
427.000000 1.030326 1.189467
428.000000 0.932119 1.119435
429.000000 1.081409 1.242965
430.000000 1.040040 1.264420
431.000000 0.825347 0.758453
432.000000 0.855219 0.953084
433.000000 1.110320 1.351795
434.000000 0.690086 0.584100
435.000000 0.765944 0.772337
436.000000 1.053291 1.264538
437.000000 1.096943 1.396530
438.000000 0.883592 0.973623
439.000000 0.934090 1.046064
440.000000 1.072516 1.191935
441.000000 0.940039 1.065207
442.000000 0.871973 0.953502
443.000000 1.192775 1.597999
444.000000 0.780895 0.924122
445.000000 0.735077 0.961289
446.000000 1.037299 1.271112
447.000000 1.041939 1.331547
448.000000 0.642691 0.745101
449.000000 0.831487 0.765704
450.000000 0.867929 0.954201
451.000000 0.776864 0.719527
452.000000 0.779789 0.784554
453.000000 0.784696 0.796922
454.000000 1.278871 1.686244
455.000000 0.988982 1.080922
456.000000 0.855340 0.907289
457.000000 0.529079 0.573630
458.000000 1.060312 1.249745
459.000000 0.691417 0.855790
460.000000 0.850786 0.882366
461.000000 1.112440 1.552874
462.000000 0.744521 0.737453
463.000000 0.739655 0.905041
464.000000 0.767432 0.939052
465.000000 0.854010 0.945100
466.000000 1.100461 1.271284
467.000000 1.189788 1.537340
468.000000 0.858366 0.820084
469.000000 1.049562 1.263965
470.000000 0.974098 1.298895
471.000000 0.963946 0.969702
472.000000 0.931892 0.954865
473.000000 0.891382 1.005623
474.000000 0.984068 1.055252
475.000000 0.772376 0.798263
476.000000 0.535490 0.532742
477.000000 1.066206 1.285503
478.000000 1.017730 1.101322
479.000000 0.879502 0.941347
480.000000 0.797484 0.865927
481.000000 0.909252 1.017439
482.000000 0.760543 0.662799
483.000000 0.913306 1.006010
484.000000 1.099863 1.318043
485.000000 0.686544 0.568302
486.000000 0.666567 0.792551
487.000000 1.101746 1.305005
488.000000 0.808018 1.027287
489.000000 0.724003 0.669547
490.000000 0.817206 0.850928
491.000000 1.088970 1.257802
492.000000 1.040431 1.227809
493.000000 0.806224 0.830645
494.000000 0.741877 0.861223
495.000000 1.018688 1.124835
496.000000 0.924877 0.934101
497.000000 0.765100 0.794034
498.000000 0.885702 0.863589
499.000000 0.895280 1.196287
500.000000 0.682732 0.808579
501.000000 0.816642 0.862088
502.000000 1.207119 1.630011
503.000000 1.004829 1.202222
504.000000 0.949005 0.929663
505.000000 0.996356 1.289188
506.000000 0.793357 0.886805
507.000000 1.107094 1.320780
508.000000 0.857871 0.846612
509.000000 0.784813 0.967877
510.000000 0.938192 1.120620
511.000000 1.143213 1.369030
512.000000 0.987474 1.117197
513.000000 0.961579 1.023899
514.000000 0.775961 1.065163
515.000000 1.172656 1.461526
516.000000 0.960552 1.291203
517.000000 0.809534 0.843998
518.000000 1.245577 1.712300
519.000000 0.795481 0.970699
520.000000 1.068251 1.270732
521.000000 0.748793 0.749056
522.000000 1.039936 1.172852
523.000000 1.180709 1.430314
524.000000 0.700081 0.764557
525.000000 0.827893 1.140213
526.000000 0.715740 0.665682
527.000000 1.026382 1.221820
528.000000 1.109825 1.374470
529.000000 0.680272 0.833304
530.000000 0.983215 1.125715
531.000000 0.866284 0.962713
532.000000 0.972105 1.104868
533.000000 0.928175 0.960928
534.000000 1.018562 1.101430
535.000000 0.853185 0.908115
536.000000 1.072971 1.194176
537.000000 1.033733 1.206374
538.000000 0.837751 1.146397
539.000000 1.044728 1.186715
540.000000 0.854229 0.939928
541.000000 0.916566 1.095939
542.000000 0.898536 0.905176
543.000000 0.584077 0.623110
544.000000 1.004786 1.163871
545.000000 1.032767 1.183395
546.000000 0.888093 0.978339
547.000000 0.921117 1.010386
548.000000 0.870824 0.967286
549.000000 0.904701 1.087107
550.000000 0.875815 0.948678
551.000000 0.792287 0.693352
552.000000 0.806614 0.956739
553.000000 0.838659 0.813503
554.000000 0.973253 1.093958
555.000000 1.026062 1.225029
556.000000 1.088176 1.355458
557.000000 0.804680 0.732358
558.000000 0.838571 0.775800
559.000000 0.766533 0.803215
560.000000 1.074070 1.228740
561.000000 0.766877 0.806084
562.000000 0.993545 1.059115
563.000000 1.167827 1.480703
564.000000 1.180752 1.476160
565.000000 1.251519 1.662366
566.000000 1.023881 1.241726
567.000000 0.875568 0.883317
568.000000 1.114709 1.522841
569.000000 1.086507 1.310138
570.000000 1.004051 1.071329
571.000000 0.982728 1.174073
572.000000 0.971207 1.015278
573.000000 0.820880 0.964265
574.000000 0.797213 0.795148
575.000000 0.816957 0.820341
576.000000 0.769468 0.847705
577.000000 1.073049 1.246642
578.000000 0.672293 0.515284
579.000000 1.032774 1.175574
580.000000 0.764829 0.762110
581.000000 0.899253 0.914756
582.000000 1.036377 1.245051
583.000000 0.979125 1.129012
584.000000 0.961871 1.033404
585.000000 0.746684 0.699157
586.000000 0.999304 1.109443
587.000000 0.809443 0.910762
588.000000 1.111487 1.343671
589.000000 1.183271 1.505295
590.000000 0.830192 0.915943
591.000000 0.857447 0.831733
592.000000 0.777361 0.683580
593.000000 0.872795 0.864094
594.000000 0.976948 1.030831
595.000000 0.907740 0.985654
596.000000 1.001966 1.074112
597.000000 1.042775 1.170867
598.000000 0.926968 0.884441
599.000000 1.149435 1.394157
600.000000 0.873557 0.876823
601.000000 0.866253 1.036411
602.000000 1.042480 1.172298
603.000000 0.915030 1.074067
604.000000 0.965447 1.072960
605.000000 0.907737 1.078495
606.000000 0.865045 0.927007
607.000000 0.800634 0.932202
608.000000 0.948329 1.004230
609.000000 0.761184 0.750416
610.000000 1.086688 1.378402
611.000000 0.905078 0.920158
612.000000 0.714840 0.601137
613.000000 0.997334 1.166371
614.000000 0.951026 0.974611
615.000000 0.568500 0.574007
616.000000 1.008047 1.166530
617.000000 0.915295 0.941857
618.000000 0.804521 0.871695
619.000000 0.769172 0.908403
620.000000 0.906903 1.142484
621.000000 0.790689 0.791589
622.000000 0.829426 0.716738
623.000000 0.665778 0.795168
624.000000 1.006956 1.051806
625.000000 0.964125 1.220558
626.000000 1.149691 1.423962
627.000000 0.697884 0.595105
628.000000 0.778674 0.859665
629.000000 0.820623 1.195284
630.000000 1.218518 1.667504
631.000000 1.042181 1.177681
632.000000 1.094089 1.296211
633.000000 0.823706 0.843285
634.000000 0.952353 1.117360
635.000000 1.089814 1.495622
636.000000 1.012370 1.109357
637.000000 1.084585 1.476123
638.000000 0.933150 1.023733
639.000000 0.875185 0.910908
640.000000 0.723630 0.854059
641.000000 0.815023 0.801496
642.000000 0.768983 0.982540
643.000000 0.885946 0.914354
644.000000 0.792906 0.770225
645.000000 0.944019 1.007429
646.000000 0.985947 1.157835
647.000000 0.850842 0.793266
648.000000 0.980242 1.074657
649.000000 1.003451 1.322191
650.000000 0.592013 0.490878
651.000000 0.980465 1.020899
652.000000 0.656930 0.751456
653.000000 0.945572 1.062069
654.000000 0.907258 0.929544
655.000000 0.929220 1.092915
656.000000 0.894587 0.930350
657.000000 1.118934 1.381691
658.000000 1.012347 1.117303
659.000000 0.685401 0.749656
660.000000 0.806582 0.850309
661.000000 0.864010 1.089336
662.000000 0.816503 0.830531
663.000000 0.839219 0.916751
664.000000 1.033105 1.111550
665.000000 0.942843 0.917197
666.000000 0.958162 1.018418
667.000000 0.761288 0.851804
668.000000 0.948428 1.083818
669.000000 1.062591 1.215058
670.000000 0.941127 1.196949
671.000000 0.971664 1.047848
672.000000 0.913177 1.137974
673.000000 0.836198 0.878643
674.000000 1.063036 1.268692
675.000000 0.995230 1.141819
676.000000 1.179040 1.478095
677.000000 1.074214 1.264238
678.000000 0.919032 0.960431
679.000000 0.828456 1.094756
680.000000 0.959825 1.121644
681.000000 0.887550 0.857117
682.000000 0.964731 1.074171
683.000000 0.702073 0.758855
684.000000 1.006229 1.217778
685.000000 1.018384 1.220245
686.000000 1.125576 1.491260
687.000000 1.127898 1.412932
688.000000 0.637226 0.645220
689.000000 0.795662 0.972058
690.000000 0.651421 0.652190
691.000000 0.957706 1.184319
692.000000 0.805236 0.871447
693.000000 1.152859 1.385631
694.000000 0.759390 0.783960
695.000000 1.120872 1.340697
696.000000 0.878370 1.010763
697.000000 1.003451 1.124578
698.000000 0.698515 0.747528
699.000000 0.883473 0.926746
700.000000 1.092521 1.255593
701.000000 0.987986 1.028533
702.000000 0.774729 0.701113
703.000000 0.759158 0.759133
704.000000 0.860482 0.856389
705.000000 0.938681 0.995028
706.000000 1.075257 1.282990
707.000000 1.026879 1.133805
708.000000 0.957369 1.078142
709.000000 0.918663 1.024591
710.000000 0.826858 0.741232
711.000000 0.883543 0.971389
712.000000 0.919226 0.907883
713.000000 0.883548 1.068681
714.000000 0.709759 0.537825
715.000000 0.873024 0.986971
716.000000 0.939941 1.066666
717.000000 0.798993 0.744136
718.000000 0.911448 0.955981
719.000000 0.997648 1.241727
720.000000 0.665621 0.517057
721.000000 0.812099 0.839878
722.000000 0.934393 0.927151
723.000000 0.994811 1.142789
724.000000 0.974455 1.124994
725.000000 1.056101 1.282854
726.000000 1.027313 1.160305
727.000000 0.959561 1.180588
728.000000 0.695083 0.863980
729.000000 0.912391 0.991899
730.000000 0.715258 0.740012
731.000000 0.891758 0.970343
732.000000 0.984240 1.036006
733.000000 1.043426 1.154436
734.000000 0.820704 0.926694
735.000000 0.722561 0.860537
736.000000 1.051959 1.316125
737.000000 0.863508 0.900438
738.000000 0.729789 0.829176
739.000000 0.931223 0.938414
740.000000 0.869800 0.919843
741.000000 0.924054 0.961442
742.000000 1.154066 1.443781
743.000000 1.012414 1.147842
744.000000 0.961953 1.017983
745.000000 1.087879 1.330377
746.000000 0.942286 1.018994
747.000000 1.068645 1.203375
748.000000 0.971667 1.182084
749.000000 0.970808 1.104339
750.000000 0.812205 0.839651
751.000000 0.797510 1.123282
752.000000 0.937817 0.948591
753.000000 0.910750 1.019244
754.000000 0.850320 0.946256
755.000000 0.727585 0.700098
756.000000 1.024319 1.184216
757.000000 0.911813 1.012326
758.000000 1.066190 1.404259
759.000000 0.782762 0.984029
760.000000 0.862503 1.020592
761.000000 0.961030 1.019222
762.000000 0.938031 0.949915
763.000000 0.961078 1.062969
764.000000 0.951112 1.177378
765.000000 0.953083 1.012125
766.000000 1.061220 1.180284
767.000000 0.975032 1.175557
768.000000 0.983607 1.066022
769.000000 0.849173 0.843491
770.000000 0.807543 1.013472
771.000000 0.804283 0.876369
772.000000 0.712154 0.758426
773.000000 0.714542 0.724959
774.000000 1.065730 1.194572
775.000000 0.853470 0.985071
776.000000 0.956849 1.003903
777.000000 0.853675 0.857130
778.000000 0.817714 0.813399
779.000000 0.900341 0.871764
780.000000 0.878410 0.984317
781.000000 0.900130 0.890844
782.000000 1.002665 1.082337
783.000000 1.122233 1.333247
784.000000 0.732902 0.871661
785.000000 0.541176 0.652329
786.000000 0.528800 0.534895
787.000000 1.061269 1.283838
788.000000 0.688564 0.797929
789.000000 0.654325 0.477867
790.000000 0.599269 0.526001
791.000000 0.919028 1.145174
792.000000 0.676273 0.540187
793.000000 0.797513 0.800590
794.000000 0.931429 1.003486
795.000000 0.883651 0.874422
796.000000 1.031909 1.155642
797.000000 0.945306 1.007484
798.000000 1.028014 1.229813
799.000000 0.886992 0.886944
800.000000 0.977407 1.117850
801.000000 0.888233 0.976129
802.000000 0.694246 0.893416
803.000000 0.961652 1.211887
804.000000 1.124730 1.493724
805.000000 1.112622 1.349065
806.000000 1.006934 1.099114
807.000000 1.054053 1.199593
808.000000 0.963004 1.152161
809.000000 0.928391 1.103906
810.000000 0.821142 0.911501
811.000000 1.099357 1.344506
812.000000 1.063797 1.380629
813.000000 0.867449 0.804126
814.000000 0.902642 0.921315
815.000000 0.485392 0.572474
816.000000 0.933575 1.113338
817.000000 1.072235 1.219463
818.000000 0.838518 0.900295
819.000000 0.968855 1.074164
820.000000 0.872750 0.849201
821.000000 0.925419 0.990096
822.000000 1.200826 1.577999
823.000000 1.046694 1.202890
824.000000 0.496666 0.854347
825.000000 0.855333 1.063414
826.000000 0.821000 0.792660
827.000000 0.974225 1.187857
828.000000 0.848859 1.038256
829.000000 0.890198 0.972688
830.000000 1.181642 1.500661
831.000000 0.921335 1.025758
832.000000 0.786644 0.856921
833.000000 0.723023 0.774251
834.000000 0.935849 1.028699
835.000000 0.784579 0.924422
836.000000 0.946277 1.108250
837.000000 0.894194 0.904565
838.000000 0.919255 1.048965
839.000000 0.801550 0.925139
840.000000 0.934826 1.146817
841.000000 1.130325 1.321437
842.000000 1.132613 1.425810
843.000000 0.840761 1.077978
844.000000 0.897507 0.930170
845.000000 0.978396 1.053188
846.000000 0.855176 1.000319
847.000000 0.938802 1.046560
848.000000 0.733064 0.873262
849.000000 0.744007 0.823354
850.000000 0.764785 0.923627
851.000000 1.045896 1.304435
852.000000 0.854493 0.883051
853.000000 1.214531 1.571889
854.000000 0.702494 0.653658
855.000000 0.570959 0.539467
856.000000 0.926424 1.109447
857.000000 0.957720 1.005560
858.000000 0.812988 0.893183
859.000000 0.776909 0.844994
860.000000 0.968198 1.396962
861.000000 1.095351 1.259353
862.000000 0.910566 0.983971
863.000000 1.063050 1.310592
864.000000 1.071498 1.249209
865.000000 1.045785 1.245496
866.000000 0.834020 0.939884
867.000000 1.072909 1.346823
868.000000 0.957889 0.966833
869.000000 0.741773 0.637719
870.000000 0.755011 0.888873
871.000000 0.906654 0.971870
872.000000 0.997298 1.125650
873.000000 0.902898 0.950838
874.000000 0.771066 0.768078
875.000000 0.933635 1.061951
876.000000 1.064427 1.313905
877.000000 0.747764 0.687152
878.000000 0.799004 0.825952
879.000000 0.949644 1.180056
880.000000 1.065825 1.236125
881.000000 1.040409 1.200979
882.000000 0.805183 0.798964
883.000000 0.934512 0.923319
884.000000 0.939640 0.973046
885.000000 0.855141 0.825415
886.000000 0.934580 0.936209
887.000000 0.880387 1.054329
888.000000 0.966805 1.065101
889.000000 1.025014 1.194946
890.000000 0.727535 0.713535
891.000000 0.676059 0.785099
892.000000 0.925940 0.937808
893.000000 0.683942 0.651205
894.000000 0.845078 0.861854
895.000000 0.795811 0.784122
896.000000 0.954724 1.088236
897.000000 0.852089 0.843735
898.000000 1.156283 1.459554
899.000000 0.812688 0.862998
900.000000 0.763516 0.714024
901.000000 1.063203 1.301650
902.000000 0.965143 0.997871
903.000000 0.983005 1.368140
904.000000 0.926209 0.927288
905.000000 0.786583 0.803398
906.000000 0.743188 0.795899
907.000000 0.936631 1.039684
908.000000 0.933757 1.058804
909.000000 1.149562 1.419122
910.000000 0.520636 0.418697
911.000000 0.843385 0.880063
912.000000 0.674552 0.800804
913.000000 0.883394 0.910861
914.000000 0.914274 1.000272
915.000000 0.861744 0.971866
916.000000 0.803587 0.769633
917.000000 0.873095 0.837296
918.000000 1.115251 1.303727
919.000000 0.783576 0.939612
920.000000 0.870849 0.907489
921.000000 1.018375 1.247623
922.000000 1.036300 1.205206
923.000000 1.138362 1.508172
924.000000 0.902157 0.941215
925.000000 0.756601 0.744413
926.000000 0.845036 0.957012
927.000000 0.713975 0.696690
928.000000 0.816911 1.331679
929.000000 0.816452 0.812013
930.000000 0.913616 0.922751
931.000000 1.060576 1.203161
932.000000 0.959027 1.017333
933.000000 0.774022 0.693641
934.000000 1.181389 1.431309
935.000000 0.775333 0.937001
936.000000 0.882493 1.011461
937.000000 1.036481 1.358191
938.000000 0.744179 0.918909
939.000000 0.932487 1.244569
940.000000 0.974455 1.077675
941.000000 0.650288 1.032465
942.000000 0.825266 1.077366
943.000000 0.546882 0.529707
944.000000 0.790701 0.724772
945.000000 0.660553 0.954025
946.000000 0.836053 1.041268
947.000000 1.020140 1.178019
948.000000 0.972185 1.028970
949.000000 0.912883 0.862762
950.000000 0.713230 0.657254
951.000000 0.793317 0.975281
952.000000 0.957197 1.222090
953.000000 1.019288 1.126793
954.000000 0.880056 0.910923
955.000000 1.017745 1.157055
956.000000 0.945045 1.101893
957.000000 0.862039 0.851663
958.000000 1.073085 1.368024
959.000000 0.783002 0.743268
960.000000 0.818866 0.752145
961.000000 0.749705 0.925671
962.000000 0.860158 0.938086
963.000000 0.976574 1.210775
964.000000 0.969505 1.066939
965.000000 0.806837 0.740432
966.000000 1.041594 1.197032
967.000000 0.877354 1.071886
968.000000 1.083452 1.276947
969.000000 0.881620 1.071278
970.000000 0.846000 0.789936
971.000000 0.975475 1.018682
972.000000 1.036861 1.184689
973.000000 0.942444 1.024785
974.000000 1.156519 1.527747
975.000000 0.686116 0.657755
976.000000 0.907970 0.909049
977.000000 1.083090 1.207267
978.000000 0.839226 1.016916
979.000000 0.988271 1.093152
980.000000 1.115945 1.406034
981.000000 0.796833 0.857055
982.000000 1.046340 1.294517
983.000000 0.691432 0.771426
984.000000 0.792044 0.737238
985.000000 0.554338 0.438479
986.000000 0.841576 0.985407
987.000000 1.046535 1.184207
988.000000 0.988317 1.066554
989.000000 1.065662 1.271616
990.000000 1.080006 1.225662
991.000000 1.072922 1.399369
992.000000 0.886266 0.932392
993.000000 0.942148 1.123442
994.000000 0.856600 0.869008
995.000000 1.024942 1.186967
996.000000 0.561654 0.433581
997.000000 1.004253 1.191669
998.000000 0.865581 0.852740
999.000000 0.837616 0.835299
1000.000000 1.000212 1.124131
1001.000000 1.008540 1.158798
1002.000000 1.099951 1.391902
1003.000000 0.802915 0.974041
1004.000000 0.945889 1.126219
1005.000000 1.102438 1.502128
1006.000000 1.214273 1.556159
1007.000000 0.899966 0.978212
1008.000000 0.915983 1.128836
1009.000000 0.954572 1.198538
1010.000000 0.889553 1.137188
1011.000000 1.088462 1.370098
1012.000000 0.683277 0.610883
1013.000000 1.089676 1.385359
1014.000000 0.935724 0.963038
1015.000000 1.168506 1.462107
1016.000000 0.982808 1.105601
1017.000000 0.983610 1.068759
1018.000000 1.080356 1.216352
1019.000000 1.060435 1.234209
1020.000000 0.870597 0.935172
1021.000000 1.027304 1.188106
1022.000000 0.907884 0.977287
1023.000000 0.725574 0.585497
1024.000000 0.888336 0.998301
1025.000000 0.799154 0.760909
1026.000000 0.803293 0.773464
1027.000000 0.826732 0.789243
1028.000000 0.768518 0.770364
1029.000000 0.862344 0.978154
1030.000000 0.700103 0.688731
1031.000000 1.040135 1.241751
1032.000000 0.842309 0.891442
1033.000000 0.953307 0.995369
1034.000000 0.605585 0.691557
1035.000000 0.682173 0.678946
1036.000000 0.819735 0.903446
1037.000000 0.816984 0.884151
1038.000000 0.924521 0.931448
1039.000000 1.049519 1.182265
1040.000000 0.712281 0.853731
1041.000000 1.049022 1.177085
1042.000000 1.001331 1.217238
1043.000000 0.853642 0.830144
1044.000000 0.979137 1.056172
1045.000000 0.860610 0.915048
1046.000000 0.896764 1.057470
1047.000000 0.922587 1.067640
1048.000000 1.038078 1.223824
1049.000000 1.082888 1.224221
1050.000000 0.925065 0.996904
1051.000000 0.824591 0.932667
1052.000000 0.849100 0.980103
1053.000000 1.018046 1.204722
1054.000000 1.241668 1.569668
1055.000000 0.930743 1.189893
1056.000000 0.681083 0.751651
1057.000000 0.905262 1.110369
1058.000000 0.944108 1.017264
1059.000000 0.876000 1.018368
1060.000000 0.794212 0.826051
1061.000000 0.797985 0.757545
1062.000000 0.734336 0.692250
1063.000000 1.185338 1.444382
1064.000000 0.841736 0.965320
1065.000000 0.980355 1.347146
1066.000000 0.896168 0.916276
1067.000000 0.715141 0.696408
1068.000000 0.822219 1.044479
1069.000000 1.157251 1.519104
1070.000000 0.773078 0.739117
1071.000000 0.775256 0.822375
1072.000000 0.627973 0.773085
1073.000000 0.716508 0.822960
1074.000000 0.847963 0.998385
1075.000000 0.765447 0.834749
1076.000000 0.767211 0.917220
1077.000000 0.825248 0.993615
1078.000000 0.899565 0.944227
1079.000000 0.834367 0.988805
1080.000000 0.843189 0.721073
1081.000000 0.787738 0.888709
1082.000000 0.794866 0.724260
1083.000000 0.690232 0.891825
1084.000000 0.781159 0.829173
1085.000000 0.797073 0.697799
1086.000000 0.881692 0.889910
1087.000000 1.087162 1.276106
1088.000000 0.731735 0.694031
1089.000000 0.908603 1.170985
1090.000000 1.032237 1.233821
1091.000000 0.899550 1.144483
1092.000000 0.989070 1.083382
1093.000000 0.847780 1.031831
1094.000000 1.034789 1.290206
1095.000000 1.109129 1.345970
1096.000000 0.969090 1.335868
1097.000000 1.103137 1.339391
1098.000000 0.776830 0.762868
1099.000000 0.988768 1.057557
1100.000000 1.000946 1.225399
1101.000000 0.841524 0.906480
1102.000000 0.719506 0.730788
1103.000000 0.727476 0.994060
1104.000000 0.848923 0.892967
1105.000000 1.061350 1.349848
1106.000000 1.139688 1.352348
1107.000000 0.824583 0.881510
1108.000000 0.946345 1.026121
1109.000000 0.939720 1.013175
1110.000000 0.872741 0.843917
1111.000000 0.747049 0.765106
1112.000000 0.934512 1.062357
1113.000000 0.839961 0.972286
1114.000000 0.819389 0.907506
1115.000000 0.772076 0.704634
1116.000000 0.902818 1.114042
1117.000000 1.079587 1.218131
1118.000000 1.053702 1.294138
1119.000000 1.103122 1.361571
1120.000000 1.026383 1.145961
1121.000000 0.907851 0.911650
1122.000000 0.947331 1.020185
1123.000000 0.921795 0.951574
1124.000000 0.992426 1.262467
1125.000000 1.058270 1.308540
1126.000000 0.972980 1.077529
1127.000000 0.911427 0.933503
1128.000000 0.931480 0.952465
1129.000000 0.835420 0.861163
1130.000000 1.068403 1.380830
1131.000000 1.150241 1.384500
1132.000000 1.079169 1.184084
1133.000000 0.979936 1.164621
1134.000000 0.507139 0.432388
1135.000000 0.866372 1.142675
1136.000000 0.933209 1.017300
1137.000000 0.994489 1.137154
1138.000000 0.928805 1.109031
1139.000000 0.927089 1.086316
1140.000000 0.893847 1.057512
1141.000000 0.767886 0.749802
1142.000000 0.709537 0.737413
1143.000000 0.788518 0.744917
1144.000000 0.604834 0.851301
1145.000000 0.750048 1.033529
1146.000000 0.685108 0.995744
1147.000000 0.688858 0.719352
1148.000000 0.763847 0.802800
1149.000000 1.160359 1.590724
1150.000000 1.031615 1.174661
1151.000000 0.707105 0.654801
1152.000000 0.813939 0.900758
1153.000000 1.036781 1.186513
1154.000000 0.564021 0.708476
1155.000000 0.603136 0.677769
1156.000000 0.753798 0.806466
1157.000000 0.422332 0.570978
1158.000000 0.746526 0.649448
1159.000000 0.889466 0.960703
1160.000000 0.552500 0.480027
1161.000000 0.907976 1.127812
1162.000000 0.833800 1.065178
1163.000000 0.784993 0.746236
1164.000000 1.168893 1.396990
1165.000000 0.936228 1.178475
1166.000000 0.822328 1.037512
1167.000000 0.900036 0.886755
1168.000000 1.018482 1.192750
1169.000000 0.854381 0.838073
1170.000000 0.947734 1.228835
1171.000000 0.745380 0.590717
1172.000000 1.033358 1.139757
1173.000000 0.813573 0.734432
1174.000000 0.901327 0.924677
1175.000000 0.927920 0.938258
1176.000000 0.655443 0.828137
1177.000000 0.782326 0.886327
1178.000000 0.965227 1.021831
1179.000000 1.030057 1.119463
1180.000000 0.879399 0.953142
1181.000000 0.925703 0.952411
1182.000000 1.087026 1.425824
1183.000000 1.159311 1.586874
1184.000000 0.957365 1.074160
1185.000000 0.549017 0.852787
1186.000000 0.897730 0.984965
1187.000000 0.857853 0.836020
1188.000000 1.000471 1.122345
1189.000000 0.653117 0.659279
1190.000000 0.937772 1.016860
1191.000000 1.137994 1.429002
1192.000000 1.154946 1.499701
1193.000000 0.734079 0.834374
1194.000000 0.915026 1.067876
1195.000000 0.880845 0.958836
1196.000000 1.057872 1.253478
1197.000000 1.086193 1.218520
1198.000000 0.830683 0.924416
1199.000000 1.096714 1.330885
1200.000000 0.731583 0.891477
1201.000000 1.094879 1.296441
1202.000000 0.794076 0.879289
1203.000000 0.930632 1.028653
1204.000000 0.816263 0.903731
1205.000000 1.042602 1.156687
1206.000000 0.881962 0.834208
1207.000000 0.930833 0.963381
1208.000000 0.746668 0.958012
1209.000000 0.793862 0.710737
1210.000000 0.927236 1.140939
1211.000000 0.972218 1.016557
1212.000000 1.017219 1.148779
1213.000000 0.902617 0.936516
1214.000000 0.800118 0.740245
1215.000000 0.888536 0.895507
1216.000000 0.950447 1.031894
1217.000000 0.795110 0.938273
1218.000000 0.757113 1.029038
1219.000000 1.332942 1.868641
1220.000000 0.792687 0.754302
1221.000000 0.801845 1.003503
1222.000000 0.864975 1.000673
1223.000000 0.817143 1.140181
1224.000000 0.525521 0.729254
1225.000000 1.040443 1.233906
1226.000000 0.956757 1.014047
1227.000000 0.694822 0.828216
1228.000000 0.987449 1.086057
1229.000000 0.927472 1.019693
1230.000000 1.051883 1.194930
1231.000000 0.988627 1.262565
1232.000000 0.853574 0.873085
1233.000000 0.972829 1.030761
1234.000000 0.975035 1.186211
1235.000000 0.972488 1.019357
1236.000000 0.716700 0.614287
1237.000000 0.995587 1.194419
1238.000000 0.848300 0.877140
1239.000000 0.746551 1.051857
1240.000000 0.921171 0.938439
1241.000000 0.826243 0.880935
1242.000000 0.536417 0.877490
1243.000000 0.926640 0.976847
1244.000000 0.923218 0.898017
1245.000000 1.054047 1.297181
1246.000000 0.748648 0.890449
1247.000000 0.862282 1.027929
1248.000000 1.003375 1.181395
1249.000000 0.962555 1.044980
1250.000000 0.628375 0.719023
1251.000000 1.062041 1.477417
1252.000000 0.996700 1.068621
1253.000000 0.908677 0.948837
1254.000000 0.832913 0.933904
1255.000000 0.881799 0.990313
1256.000000 1.019675 1.233251
1257.000000 1.048713 1.232521
1258.000000 1.033376 1.358208
1259.000000 0.920869 1.109156
1260.000000 0.740570 0.897958
1261.000000 1.069371 1.319881
1262.000000 0.994024 1.159274
1263.000000 0.730580 1.066490
1264.000000 0.849520 0.896338
1265.000000 0.753169 0.978892
1266.000000 1.050272 1.252799
1267.000000 0.911964 1.172936
1268.000000 0.821550 0.881832
1269.000000 0.914651 1.025022
1270.000000 0.794077 0.766913
1271.000000 0.927960 0.966707
1272.000000 0.864512 1.046283
1273.000000 0.935631 1.043081
1274.000000 0.857052 0.974242
1275.000000 0.743612 0.723944
1276.000000 0.847668 0.929930
1277.000000 0.930221 1.072072
1278.000000 0.800619 0.830785
1279.000000 0.864572 0.941424
1280.000000 0.645407 0.753357
1281.000000 0.995386 1.156625
1282.000000 1.015990 1.138902
1283.000000 0.769404 0.784176
1284.000000 0.956142 1.071442
1285.000000 1.098057 1.239713
1286.000000 1.021240 1.123317
1287.000000 1.252150 1.635063
1288.000000 0.954591 1.185161
1289.000000 0.973631 1.065693
1290.000000 0.922494 0.994919
1291.000000 0.972743 1.067346
1292.000000 0.978186 1.180766
1293.000000 1.040174 1.230055
1294.000000 1.074636 1.384773
1295.000000 1.004785 1.121479
1296.000000 0.708778 0.770172
1297.000000 1.007508 1.103417
1298.000000 0.939099 1.127198
1299.000000 0.799156 0.748474
1300.000000 0.703126 1.042359
1301.000000 0.652450 0.579918
1302.000000 0.977067 1.038592
1303.000000 0.836603 0.752270
1304.000000 0.959332 1.069071
1305.000000 0.838644 0.945497
1306.000000 1.116615 1.349768
1307.000000 0.775544 0.951829
1308.000000 0.808813 0.863707
1309.000000 0.980037 1.122902
1310.000000 0.802675 0.823560
1311.000000 0.917573 0.913163
1312.000000 0.935634 1.088234
1313.000000 0.947135 1.037943
1314.000000 0.899670 0.838440
1315.000000 0.988651 1.089033
1316.000000 0.733858 0.644473
1317.000000 1.217644 1.515534
1318.000000 1.071633 1.390538
1319.000000 0.990356 1.123729
1320.000000 1.137255 1.406676
1321.000000 1.015684 1.174997
1322.000000 0.974982 1.103582
1323.000000 0.721843 0.699225
1324.000000 0.896372 1.016609
1325.000000 0.777579 0.839189
1326.000000 0.859613 1.126284
1327.000000 0.785484 1.232101
1328.000000 0.799164 0.802391
1329.000000 1.068872 1.308631
1330.000000 1.017233 1.262034
1331.000000 1.071558 1.205821
1332.000000 1.069581 1.186256
1333.000000 1.069708 1.235408
1334.000000 0.994015 1.162326
1335.000000 1.124064 1.333645
1336.000000 0.910854 0.987999
1337.000000 0.813473 0.938315
1338.000000 0.746455 0.811503
1339.000000 0.879551 1.060958
1340.000000 1.139093 1.457946
1341.000000 1.123138 1.450999
1342.000000 1.172028 1.577224
1343.000000 1.010615 1.227839
1344.000000 0.921764 0.929025
1345.000000 0.819360 0.797853
1346.000000 0.856444 0.798058
1347.000000 0.928613 1.027769
1348.000000 1.037902 1.318708
1349.000000 1.017141 1.242669
1350.000000 0.853900 0.875078
1351.000000 0.966171 0.994152
1352.000000 0.685903 0.554331
1353.000000 0.901012 1.019980
1354.000000 0.591409 0.778168
1355.000000 0.870437 0.913862
1356.000000 0.925573 1.001578
1357.000000 0.833289 0.787186
1358.000000 0.939775 1.132731
1359.000000 0.811787 0.754266
1360.000000 0.865388 0.870737
1361.000000 0.661892 0.801514
1362.000000 0.838058 0.857746
1363.000000 0.955003 0.995175
1364.000000 0.939893 0.988643
1365.000000 0.881234 0.863288
1366.000000 0.870550 0.902083
1367.000000 0.724067 0.844776
1368.000000 1.052436 1.182796
1369.000000 0.921487 1.194110
1370.000000 0.848008 0.798396
1371.000000 1.064411 1.273183
1372.000000 1.026550 1.258262
1373.000000 1.019402 1.154846
1374.000000 0.945733 0.995857
1375.000000 1.116153 1.364714
1376.000000 0.879833 0.944051
1377.000000 1.050151 1.344984
1378.000000 0.917264 1.016392
1379.000000 1.053953 1.265707
1380.000000 1.009214 1.143020
1381.000000 0.941510 1.171936
1382.000000 0.792986 0.954649
1383.000000 0.868439 0.837310
1384.000000 0.768289 0.688385
1385.000000 1.025841 1.123086
1386.000000 1.181949 1.657214
1387.000000 1.014648 1.129841
1388.000000 0.850352 0.853970
1389.000000 1.013380 1.116209
1390.000000 0.950181 0.999242
1391.000000 0.959473 1.302233
1392.000000 0.892524 0.967463
1393.000000 0.951962 1.030628
1394.000000 0.827993 0.764535
1395.000000 1.002443 1.130461
1396.000000 0.846128 0.904015
1397.000000 0.991929 1.277116
1398.000000 0.829494 0.755118
1399.000000 0.613141 0.662943
1400.000000 0.818894 0.713785
1401.000000 0.836648 0.753446
1402.000000 1.059935 1.226412
1403.000000 1.039186 1.140234
1404.000000 1.054352 1.277946
1405.000000 0.665240 1.062976
1406.000000 0.946854 1.169274
1407.000000 0.917526 1.016885
1408.000000 0.933136 1.097652
1409.000000 1.000376 1.126414
1410.000000 0.874093 0.883151
1411.000000 1.203109 1.491829
1412.000000 0.858014 0.884667
1413.000000 0.703754 0.909693
1414.000000 0.971922 1.080612
1415.000000 0.897584 0.948075
1416.000000 0.960777 1.040519
1417.000000 0.774402 0.822257
1418.000000 1.133147 1.566657
1419.000000 0.947039 1.008657
1420.000000 0.723905 0.642801
1421.000000 0.812668 0.910756
1422.000000 0.919839 1.046732
1423.000000 0.722961 1.017308
1424.000000 0.800955 0.829735
1425.000000 1.149636 1.483277
1426.000000 1.025926 1.214565
1427.000000 1.066413 1.436698
1428.000000 0.975802 1.221239
1429.000000 1.139897 1.421154
1430.000000 1.000102 1.123470
1431.000000 1.181456 1.488194
1432.000000 0.526423 0.659673
1433.000000 0.676920 0.723444
1434.000000 0.956764 1.060346
1435.000000 0.866233 1.015617
1436.000000 0.947884 0.996607
1437.000000 0.721225 0.696064
1438.000000 0.956858 0.997807
1439.000000 0.930993 1.266355
1440.000000 0.816134 0.863682
1441.000000 0.835753 0.860520
1442.000000 0.921106 1.152829
1443.000000 0.825864 0.849639
1444.000000 0.719326 0.746517
1445.000000 0.948535 1.189004
1446.000000 1.108128 1.368331
1447.000000 0.973926 1.065277
1448.000000 0.766376 0.940820
1449.000000 0.721637 0.880227
1450.000000 1.052179 1.219549
1451.000000 0.849612 0.977701
1452.000000 1.038038 1.191571
1453.000000 0.608786 0.639361
1454.000000 0.857064 0.861791
1455.000000 0.779683 0.650148
1456.000000 1.095485 1.239517
1457.000000 0.979160 1.089471
1458.000000 1.188876 1.485704
1459.000000 0.943130 1.161176
1460.000000 0.998409 1.171912
1461.000000 1.035955 1.166281
1462.000000 0.979919 1.086503
1463.000000 1.104917 1.315986
1464.000000 0.817950 0.753539
1465.000000 0.904738 1.313490
1466.000000 1.038849 1.217617
1467.000000 0.799500 0.791309
1468.000000 0.904427 0.882370
1469.000000 0.978905 1.144569
1470.000000 0.724958 1.018488
1471.000000 0.800413 0.832178
1472.000000 1.016890 1.124709
1473.000000 0.920522 0.928066
1474.000000 0.891890 1.000594
1475.000000 0.833382 0.784163
1476.000000 0.717450 0.916425
1477.000000 0.755190 0.899560
1478.000000 1.079135 1.274937
1479.000000 1.071664 1.280555
1480.000000 0.848815 0.785520
1481.000000 0.707199 0.965096
1482.000000 0.809521 0.949448
1483.000000 1.077049 1.279903
1484.000000 1.225923 1.563792
1485.000000 0.835935 0.758229
1486.000000 0.929011 1.074947
1487.000000 0.914203 0.977203
1488.000000 0.859849 0.971841
1489.000000 0.847267 0.979057
1490.000000 0.841744 0.874116
1491.000000 1.027894 1.155399
1492.000000 0.771516 0.745698
1493.000000 0.998768 1.184972
1494.000000 0.940505 1.104734
1495.000000 0.926205 0.967560
1496.000000 0.658625 0.636142
1497.000000 0.959949 1.055625
1498.000000 0.999446 1.074041
1499.000000 0.916275 1.129333
1500.000000 0.867966 0.840051
1501.000000 1.028958 1.341516
1502.000000 1.105956 1.372591
1503.000000 0.996542 1.096520
1504.000000 0.989111 1.139006
1505.000000 0.938664 1.067611
1506.000000 0.996217 1.185020
1507.000000 0.950085 1.038518
1508.000000 0.758779 0.716115
1509.000000 0.576245 0.494390
1510.000000 0.550584 0.740357
1511.000000 0.862322 1.097175
1512.000000 1.091788 1.288015
1513.000000 1.015137 1.426605
1514.000000 0.848108 0.829456
1515.000000 0.815593 0.749745
1516.000000 1.136909 1.378600
1517.000000 1.111666 1.370498
1518.000000 0.958817 1.081911
1519.000000 0.760779 0.693128
1520.000000 0.963260 1.127743
1521.000000 0.615715 0.695258
1522.000000 0.890105 0.960556
1523.000000 1.015531 1.182912
1524.000000 1.022211 1.389834
1525.000000 0.903695 0.988519
1526.000000 0.902002 0.908617
1527.000000 1.159535 1.475858
1528.000000 0.965089 0.971842
1529.000000 0.896333 0.983709
1530.000000 0.967605 1.169940
1531.000000 0.854818 1.013884
1532.000000 0.757297 0.752412
1533.000000 0.731484 0.734032
1534.000000 0.794291 0.781662
1535.000000 0.987497 1.151490
1536.000000 0.556136 0.464271
1537.000000 0.713888 0.733265
1538.000000 0.786035 0.714888
1539.000000 0.830723 1.039908
1540.000000 0.934791 0.931146
1541.000000 0.916637 0.932443
1542.000000 1.174574 1.532221
1543.000000 0.841860 0.868451
1544.000000 0.979960 1.094615
1545.000000 1.113447 1.564302
1546.000000 0.878071 0.910127
1547.000000 0.747428 0.938972
1548.000000 1.015284 1.172413
1549.000000 0.855413 1.016047
1550.000000 0.703493 0.589215
1551.000000 0.540379 0.465412
1552.000000 0.977694 1.190054
1553.000000 0.715547 0.634439
1554.000000 0.842945 0.794791
1555.000000 0.499122 0.671872
1556.000000 0.663333 0.618068
1557.000000 0.614739 0.498021
1558.000000 0.987444 1.028573
1559.000000 0.638481 0.635496
1560.000000 0.946905 1.127110
1561.000000 0.750666 0.794570
1562.000000 0.695163 0.673716
1563.000000 0.958378 1.145275
1564.000000 0.942296 0.992171
1565.000000 0.992995 1.154158
1566.000000 0.779161 0.815050
1567.000000 0.999299 1.090455
1568.000000 0.926789 0.917481
1569.000000 0.890216 0.919220
1570.000000 1.017864 1.150037
1571.000000 0.725688 0.852563
1572.000000 0.773310 0.884508
1573.000000 0.673493 0.660137
1574.000000 0.927863 0.946224
1575.000000 1.005361 1.148191
1576.000000 1.127930 1.363444
1577.000000 0.938934 1.020840
1578.000000 1.125711 1.484254
1579.000000 0.993172 1.179286
1580.000000 0.754833 0.778120
1581.000000 0.904679 1.059655
1582.000000 0.895890 0.894766
1583.000000 0.993427 1.093913
1584.000000 0.921298 1.059910
1585.000000 0.872690 0.933509
1586.000000 0.970448 1.179645
1587.000000 1.028966 1.272330
1588.000000 0.891523 0.974871
1589.000000 0.677760 0.729434
1590.000000 0.907585 0.945906
1591.000000 0.801218 0.740836
1592.000000 0.872007 0.956584
1593.000000 0.735463 0.892863
1594.000000 1.051141 1.228172
1595.000000 0.900860 1.012456
1596.000000 0.938414 1.070078
1597.000000 0.969695 1.149636
1598.000000 0.982406 1.264787
1599.000000 0.872948 1.049740
1600.000000 0.911924 0.890863
1601.000000 0.692964 0.823460
1602.000000 0.847713 0.899312
1603.000000 0.989680 1.053039
1604.000000 0.904919 1.098873
1605.000000 0.861240 0.851852
1606.000000 0.881798 0.956577
1607.000000 0.638839 0.781066
1608.000000 1.013695 1.254527
1609.000000 0.971182 1.212837
1610.000000 0.912189 1.069953
1611.000000 0.875584 0.896393
1612.000000 0.929345 1.014435
1613.000000 0.991566 1.093854
1614.000000 0.720224 0.610319
1615.000000 0.892483 1.023570
1616.000000 0.809790 0.848531
1617.000000 0.800218 0.871798
1618.000000 0.726636 0.745633
1619.000000 0.926192 1.081315
1620.000000 0.968132 1.141421
1621.000000 0.536489 0.408335
1622.000000 0.964614 1.123723
1623.000000 0.994643 1.238197
1624.000000 0.905133 1.037611
1625.000000 0.847824 0.859331
1626.000000 1.169242 1.561790
1627.000000 0.793406 0.906130
1628.000000 0.914681 1.094976
1629.000000 0.963850 1.097004
1630.000000 0.973408 1.229305
1631.000000 0.854095 0.862512
1632.000000 1.022128 1.194258
1633.000000 0.918255 1.092289
1634.000000 1.230638 1.640589
1635.000000 1.008534 1.104776
1636.000000 0.864728 0.855256
1637.000000 1.070018 1.254038
1638.000000 0.927837 0.976680
1639.000000 0.716312 0.684046
1640.000000 0.941044 1.062575
1641.000000 0.622776 0.868256
1642.000000 0.685199 0.810998
1643.000000 0.989420 1.049209
1644.000000 0.992234 1.327052
1645.000000 0.806080 0.970266
1646.000000 0.585161 1.148774
1647.000000 0.867727 0.950645
1648.000000 0.738273 0.801125
1649.000000 0.679604 0.642881
1650.000000 1.030219 1.200041
1651.000000 1.109250 1.428484
1652.000000 0.983746 1.186340
1653.000000 0.743221 0.732455
1654.000000 0.947225 1.041251
1655.000000 0.875234 1.083250
1656.000000 0.946078 1.144963
1657.000000 0.883407 0.932299
1658.000000 1.032021 1.205988
1659.000000 0.996807 1.121547
1660.000000 0.778799 0.826612
1661.000000 0.872476 0.953430
1662.000000 0.875251 0.912237
1663.000000 0.851649 0.978240
1664.000000 0.959355 1.070196
1665.000000 0.716613 0.608922
1666.000000 0.879943 1.146712
1667.000000 0.918948 0.977047
1668.000000 1.147319 1.386352
1669.000000 1.042074 1.287155
1670.000000 0.956047 1.227594
1671.000000 0.839567 0.998235
1672.000000 0.926376 1.028495
1673.000000 1.076460 1.456587
1674.000000 0.982783 1.212700
1675.000000 0.898938 0.891326
1676.000000 0.754044 0.847240
1677.000000 0.960371 1.078634
1678.000000 0.606902 0.669737
1679.000000 0.875657 1.053897
1680.000000 0.810237 0.837917
1681.000000 0.842063 1.054700
1682.000000 0.687009 0.856626
1683.000000 0.913845 1.224704
1684.000000 0.742419 0.751776
1685.000000 0.840882 0.960037
1686.000000 0.691804 0.651241
1687.000000 1.048397 1.307920
1688.000000 1.053765 1.146642
1689.000000 0.955191 1.196347
1690.000000 0.915153 0.943361
1691.000000 0.941359 0.934719
1692.000000 0.785260 0.942197
1693.000000 0.975490 1.115408
1694.000000 0.869805 0.881413
1695.000000 1.076706 1.243622
1696.000000 0.775733 0.807044
1697.000000 0.921858 0.980527
1698.000000 1.076321 1.266874
1699.000000 1.010330 1.198541
1700.000000 0.946015 1.007580
1701.000000 1.085861 1.290393
1702.000000 1.014698 1.236660
1703.000000 1.016882 1.281039
1704.000000 0.850994 0.990970
1705.000000 0.728139 0.792591
1706.000000 0.773114 0.758035
1707.000000 1.145689 1.482591
1708.000000 1.105857 1.306953
1709.000000 0.953780 1.083768
1710.000000 0.981355 1.127005
1711.000000 1.227246 1.649902
1712.000000 0.886390 0.884304
1713.000000 1.068365 1.255975
1714.000000 0.809855 0.750249
1715.000000 0.448183 0.562299
1716.000000 0.796812 0.789006
1717.000000 0.710358 0.702933
1718.000000 0.618793 0.790671
1719.000000 0.812345 0.974356
1720.000000 0.805239 0.771614
1721.000000 0.755751 0.840704
1722.000000 1.094007 1.276094
1723.000000 0.724327 0.555186
1724.000000 0.936928 0.971017
1725.000000 1.007634 1.085483
1726.000000 1.117740 1.281330
1727.000000 0.728769 0.815859
1728.000000 0.676000 1.003673
1729.000000 0.702047 1.033705
1730.000000 0.810015 0.918371
1731.000000 0.918408 0.984693
1732.000000 1.082629 1.447741
1733.000000 0.758258 0.836205
1734.000000 1.038440 1.183266
1735.000000 0.868933 0.918543
1736.000000 0.772391 0.751561
1737.000000 0.889527 0.937147
1738.000000 0.772053 0.870468
1739.000000 0.980815 1.089101
1740.000000 0.797688 0.747615
1741.000000 0.742928 0.641843
1742.000000 0.784430 0.970776
1743.000000 0.958957 1.147275
1744.000000 1.024880 1.154859
1745.000000 1.125992 1.400867
1746.000000 1.015525 1.264869
1747.000000 0.930130 1.072177
1748.000000 1.021621 1.110978
1749.000000 0.975372 1.164620
1750.000000 0.927812 0.988296
1751.000000 0.950555 1.090426
1752.000000 0.851060 0.870985
1753.000000 0.973997 1.126398
1754.000000 0.662630 0.812987
1755.000000 0.769342 0.777389
1756.000000 0.712906 0.730168
1757.000000 0.946122 0.992680
1758.000000 1.052057 1.160938
1759.000000 0.775987 0.722402
1760.000000 1.084183 1.237836
1761.000000 1.199146 1.613497
1762.000000 0.967531 1.054288
1763.000000 1.012514 1.189249
1764.000000 1.105538 1.306630
1765.000000 0.726348 0.830522
1766.000000 0.975023 1.140200
1767.000000 0.859623 0.949194
1768.000000 0.646444 0.590224
1769.000000 0.985957 1.018891
1770.000000 0.696519 0.796621
1771.000000 1.085261 1.360385
1772.000000 0.970450 1.137505
1773.000000 0.923796 1.059802
1774.000000 0.750994 0.775343
1775.000000 0.940049 0.998441
1776.000000 0.949862 1.144009
1777.000000 1.050492 1.147079
1778.000000 0.843536 0.860595
1779.000000 0.669332 0.619989
1780.000000 0.892527 0.913873
1781.000000 0.768663 1.027955
1782.000000 1.059985 1.232950
1783.000000 0.886019 0.899362
1784.000000 0.888291 0.955596
1785.000000 0.905528 0.957991
1786.000000 0.774913 0.657122
1787.000000 0.767721 0.850528
1788.000000 0.665829 0.850146
1789.000000 0.907029 0.871360
1790.000000 1.137004 1.363268
1791.000000 1.223210 1.569072
1792.000000 1.056410 1.466438
1793.000000 0.923137 0.943148
1794.000000 1.008608 1.264333
1795.000000 0.823476 0.771306
1796.000000 0.769737 0.693651
1797.000000 0.977353 1.111825
1798.000000 1.128072 1.404067
1799.000000 0.827827 0.785521
1800.000000 1.006841 1.190694
1801.000000 1.104947 1.260719
1802.000000 0.855010 0.943088
1803.000000 1.060375 1.440008
1804.000000 0.784140 1.097587
1805.000000 1.060274 1.158881
1806.000000 1.081528 1.351128
1807.000000 0.946941 1.055428
1808.000000 0.851079 0.754120
1809.000000 0.984460 1.255159
1810.000000 0.783127 0.777766
1811.000000 0.801715 1.039539
1812.000000 0.978988 1.089144
1813.000000 1.053506 1.273802
1814.000000 0.887010 0.871658
1815.000000 0.864661 1.068082
1816.000000 1.123481 1.331467
1817.000000 0.842411 0.836407
1818.000000 0.844014 0.960592
1819.000000 0.581873 0.599923
1820.000000 0.877505 0.989876
1821.000000 0.958983 1.050587
1822.000000 0.892946 0.879703
1823.000000 0.987900 1.102740
1824.000000 0.727469 0.693186
1825.000000 0.833409 0.903725
1826.000000 0.719388 0.832173
1827.000000 0.995560 1.279288
1828.000000 1.076953 1.309706
1829.000000 0.931097 1.012924
1830.000000 0.780034 0.834319
1831.000000 1.009736 1.183985
1832.000000 0.779773 0.786037
1833.000000 0.782536 0.944120
1834.000000 1.038020 1.396377
1835.000000 0.891012 0.820953
1836.000000 0.952518 1.299290
1837.000000 1.126895 1.419999
1838.000000 0.906187 0.854998
1839.000000 0.761394 0.725661
1840.000000 0.781636 0.769731
1841.000000 0.911107 1.222243
1842.000000 0.916219 0.903185
1843.000000 1.029560 1.204746
1844.000000 1.044704 1.182144
1845.000000 0.743353 0.726884
1846.000000 0.948856 1.035982
1847.000000 0.776922 0.705016
1848.000000 1.111979 1.349122
1849.000000 0.863074 0.883753
1850.000000 0.955198 1.068619
1851.000000 0.998739 1.288746
1852.000000 0.947209 1.084936
1853.000000 0.725669 0.655960
1854.000000 0.833067 0.873482
1855.000000 0.923200 1.047672
1856.000000 1.143067 1.431838
1857.000000 1.067050 1.284579
1858.000000 0.736938 0.686402
1859.000000 0.774865 0.953960
1860.000000 0.980840 1.023894
1861.000000 0.884942 1.088901
1862.000000 0.512189 0.547427
1863.000000 1.148735 1.403020
1864.000000 0.934931 1.132242
1865.000000 0.724118 0.881464
1866.000000 0.847464 1.029835
1867.000000 0.959424 1.142277
1868.000000 0.943471 0.979507
1869.000000 0.880976 0.842181
1870.000000 0.961786 1.047039
1871.000000 1.082479 1.272944
1872.000000 0.856305 1.047306
1873.000000 0.842345 0.891906
1874.000000 0.870529 0.918828
1875.000000 0.592369 0.619594
1876.000000 1.019416 1.305419
1877.000000 1.030838 1.348600
1878.000000 0.871449 0.956488
1879.000000 1.064943 1.356463
1880.000000 0.862337 1.104471
1881.000000 1.122912 1.492787
1882.000000 0.839432 0.930142
1883.000000 1.008705 1.139957
1884.000000 0.868994 0.964174
1885.000000 0.794333 0.960359
1886.000000 1.102296 1.408562
1887.000000 0.818156 0.862182
1888.000000 1.125405 1.367152
1889.000000 0.942803 0.980911
1890.000000 1.060365 1.201804
1891.000000 1.076465 1.255247
1892.000000 0.861081 0.959897
1893.000000 0.959291 1.166379
1894.000000 0.964714 1.295313
1895.000000 1.098192 1.249447
1896.000000 0.964163 1.055560
1897.000000 1.066661 1.192668
1898.000000 1.277524 1.683340
1899.000000 1.106727 1.290815
1900.000000 1.154109 1.461098
1901.000000 1.263377 1.689259
1902.000000 0.951901 1.048397
1903.000000 0.735249 0.592769
1904.000000 0.846272 0.968736
1905.000000 0.878362 0.848351
1906.000000 1.078630 1.392083
1907.000000 1.005743 1.244965
1908.000000 0.862620 0.982110
1909.000000 1.025013 1.291698
1910.000000 0.945815 1.040807
1911.000000 0.829143 0.791939
1912.000000 1.006906 1.087236
1913.000000 0.868729 0.915786
1914.000000 0.730927 0.643076
1915.000000 0.971632 1.199461
1916.000000 1.036209 1.252023
1917.000000 1.088997 1.478612
1918.000000 1.140589 1.402735
1919.000000 0.964065 1.032097
1920.000000 1.108688 1.356416
1921.000000 0.978941 1.125111
1922.000000 1.069926 1.241045
1923.000000 0.861264 1.001563
1924.000000 0.930893 0.944316
1925.000000 0.931194 0.893442
1926.000000 1.017908 1.112521
1927.000000 0.980154 1.117406
1928.000000 1.129057 1.389795
1929.000000 0.986957 1.171736
1930.000000 0.913172 1.033345
1931.000000 0.998361 1.132061
1932.000000 0.571941 0.729009
1933.000000 1.047045 1.238217
1934.000000 0.779418 0.866902
1935.000000 0.945325 1.078085
1936.000000 0.803784 0.912777
1937.000000 0.549644 0.473008
1938.000000 0.955596 1.304663
1939.000000 0.814035 1.037660
1940.000000 1.001666 1.171353
1941.000000 0.882492 1.008446
1942.000000 0.889946 0.862668
1943.000000 0.819933 0.827096
1944.000000 1.119731 1.333862
1945.000000 0.840524 0.826010
1946.000000 0.916193 1.033301
1947.000000 0.762632 0.644509
1948.000000 0.635645 0.637116
1949.000000 0.910468 0.963547
1950.000000 1.018195 1.158565
1951.000000 0.837265 0.857190
1952.000000 1.042577 1.306895
1953.000000 0.973811 1.055527
1954.000000 1.038050 1.384122
1955.000000 0.847243 0.818712
1956.000000 1.126312 1.387063
1957.000000 0.743732 0.818808
1958.000000 0.900897 1.038154
1959.000000 0.883797 0.859562
1960.000000 0.927371 1.010855
1961.000000 1.006431 1.199744
1962.000000 1.112340 1.428894
1963.000000 1.027627 1.124570
1964.000000 1.122731 1.319711
1965.000000 0.935885 0.933705
1966.000000 0.897463 0.849512
1967.000000 0.762555 0.784284
1968.000000 0.987214 1.029752
1969.000000 1.024091 1.209405
1970.000000 0.868414 1.000799
1971.000000 0.940241 0.991608
1972.000000 0.994494 1.086226
1973.000000 0.739608 0.706329
1974.000000 0.920362 1.116224
1975.000000 0.885580 0.989015
1976.000000 0.687842 0.710035
1977.000000 1.114664 1.465766
1978.000000 0.958876 1.105757
1979.000000 0.895183 0.906183
1980.000000 1.139651 1.395197
1981.000000 0.605283 0.697367
1982.000000 1.012830 1.155343
1983.000000 0.708866 0.569103
1984.000000 1.106602 1.383120
1985.000000 0.756828 0.944382
1986.000000 0.730816 0.647666
1987.000000 0.945242 0.940154
1988.000000 1.125464 1.364468
1989.000000 1.071989 1.201907
1990.000000 0.757285 0.656903
1991.000000 0.896590 0.949743
1992.000000 0.858873 0.884199
1993.000000 0.946651 0.998730
1994.000000 0.951279 1.004725
1995.000000 1.045461 1.301812
1996.000000 1.020038 1.531581
1997.000000 1.013656 1.243110
1998.000000 0.964887 1.062108
1999.000000 0.781963 1.073995
2000.000000 1.011874 1.169719
2001.000000 0.736244 0.831304
2002.000000 0.783729 0.683715
2003.000000 0.821721 0.767021
2004.000000 0.779219 0.942648
2005.000000 0.792965 0.712406
2006.000000 0.856209 1.025072
2007.000000 0.927868 0.927017
2008.000000 0.746168 0.670596
2009.000000 0.771953 0.772940
2010.000000 0.777885 0.792174
2011.000000 0.982387 1.275655
2012.000000 0.865736 0.936667
2013.000000 0.872810 0.901217
2014.000000 0.857748 0.930180
2015.000000 0.730016 0.803983
2016.000000 1.003604 1.192150
2017.000000 1.076969 1.367755
2018.000000 0.818305 0.854800
2019.000000 0.874821 0.929188
2020.000000 1.025286 1.207902
2021.000000 0.957522 1.048624
2022.000000 1.010492 1.239571
2023.000000 0.983482 1.048992
2024.000000 0.760501 0.881661
2025.000000 0.693033 0.799361
2026.000000 0.791962 0.857204
2027.000000 0.812751 0.788533
2028.000000 0.759002 0.834334
2029.000000 0.862697 0.834547
2030.000000 0.851759 0.929984
2031.000000 1.153838 1.613401
2032.000000 0.944967 1.039642
2033.000000 0.915874 1.149941
2034.000000 1.002724 1.149973
2035.000000 0.913468 0.885349
2036.000000 0.977201 1.146078
2037.000000 1.074425 1.243382
2038.000000 1.012930 1.126036
2039.000000 0.882736 0.900963
2040.000000 0.927117 0.965739
2041.000000 0.932449 0.943411
2042.000000 0.576273 0.796135
2043.000000 0.696628 0.738047
2044.000000 0.836544 1.088029
2045.000000 1.271880 1.797031
2046.000000 1.062616 1.249670
2047.000000 0.871317 0.987404
2048.000000 0.908614 1.108979
2049.000000 0.978702 1.052573
2050.000000 1.025113 1.177247
2051.000000 1.044745 1.202042
2052.000000 0.832733 1.101372
2053.000000 0.694381 0.834648
2054.000000 1.014405 1.115877
2055.000000 1.024066 1.116340
2056.000000 0.967319 1.161760
2057.000000 0.941633 1.017022
2058.000000 1.129983 1.389215
2059.000000 0.942729 1.120677
2060.000000 1.113298 1.308582
2061.000000 0.900654 1.067917
2062.000000 0.838568 0.923423
2063.000000 0.860620 1.012463
2064.000000 0.922799 1.078989
2065.000000 0.822522 0.770468
2066.000000 1.083519 1.295746
2067.000000 0.687989 0.731278
2068.000000 0.633349 0.585325
2069.000000 1.030904 1.204385
2070.000000 0.939148 1.025982
2071.000000 1.021377 1.214542
2072.000000 0.954003 0.949854
2073.000000 0.937394 1.008167
2074.000000 0.967204 1.114133
2075.000000 0.901274 0.923623
2076.000000 1.139013 1.374209
2077.000000 0.773509 0.856092
2078.000000 1.026847 1.095641
2079.000000 1.032366 1.132201
2080.000000 0.824260 0.834387
2081.000000 1.108100 1.348387
2082.000000 1.053228 1.246247
2083.000000 0.949204 1.171400
2084.000000 0.818804 0.896099
2085.000000 0.831012 0.854987
2086.000000 0.913970 1.156683
2087.000000 1.153599 1.403610
2088.000000 0.968507 1.022270
2089.000000 0.829726 1.035415
2090.000000 0.798496 0.811868
2091.000000 0.853234 0.921067
2092.000000 0.782784 0.741915
2093.000000 0.866449 0.986098
2094.000000 0.919265 0.996674
2095.000000 1.018686 1.222181
2096.000000 1.304477 1.924009
2097.000000 0.903536 0.956952
2098.000000 0.900543 0.959445
2099.000000 0.879113 1.005234
2100.000000 1.117742 1.317187
2101.000000 0.811134 0.729180
2102.000000 0.542309 0.499522
2103.000000 0.553112 0.503319
2104.000000 0.723692 0.637025
2105.000000 0.810136 0.978168
2106.000000 0.954590 1.198027
2107.000000 0.866522 0.892937
2108.000000 1.166286 1.528797
2109.000000 1.029967 1.334364
2110.000000 0.666335 0.701813
2111.000000 0.848379 0.946287
2112.000000 0.814019 0.900703
2113.000000 1.066271 1.295986
2114.000000 1.003376 1.289291
2115.000000 0.700081 0.674885
2116.000000 1.230655 1.556469
2117.000000 1.116517 1.330251
2118.000000 1.107941 1.328727
2119.000000 0.805647 0.821294
2120.000000 0.831493 0.785296
2121.000000 0.900029 0.928605
2122.000000 1.008113 1.327578
2123.000000 1.016748 1.138440
2124.000000 0.819487 0.874718
2125.000000 0.968865 1.135988
2126.000000 1.095000 1.242505
2127.000000 1.084187 1.241837
2128.000000 1.103323 1.416558
2129.000000 0.983730 1.112809
2130.000000 0.957341 1.049416
2131.000000 0.839304 0.814834
2132.000000 0.799343 0.865902
2133.000000 0.894929 1.083112
2134.000000 0.826793 0.842744
2135.000000 0.944340 1.058125
2136.000000 1.030646 1.264030
2137.000000 0.931298 0.973190
2138.000000 0.966704 1.068127
2139.000000 0.872263 1.012345
2140.000000 1.140949 1.364933
2141.000000 1.011965 1.095538
2142.000000 0.689470 0.847499
2143.000000 0.980501 1.082214
2144.000000 0.991611 1.132184
2145.000000 0.972410 1.020502
2146.000000 0.882464 1.036153
2147.000000 0.887544 0.976378
2148.000000 1.204699 1.509950
2149.000000 1.041933 1.132167
2150.000000 0.976308 1.169554
2151.000000 0.806465 0.840827
2152.000000 0.910159 0.968057
2153.000000 1.120514 1.326389
2154.000000 0.781800 0.865031
2155.000000 0.944309 1.126135
2156.000000 0.778916 0.752619
2157.000000 0.950655 1.305012
2158.000000 0.619135 0.903791
2159.000000 1.122427 1.351590
2160.000000 0.886442 1.171474
2161.000000 0.976690 1.279951
