0.000000 1.033917 1.077340
1.000000 0.498900 0.598134
2.000000 0.616980 0.894535
3.000000 1.152660 1.817209
4.000000 0.921261 1.102682
5.000000 0.589540 0.678133
6.000000 0.553502 0.761085
7.000000 0.218711 0.404356
8.000000 0.797730 1.277123
9.000000 0.498505 1.248609
10.000000 0.826354 1.649179
11.000000 0.236297 0.790084
12.000000 0.499963 0.377977
13.000000 0.744077 0.682566
14.000000 0.876101 1.755446
15.000000 0.831171 1.116129
16.000000 1.108912 1.790688
17.000000 1.091742 1.783833
18.000000 0.715068 1.391769
19.000000 1.076481 1.782811
20.000000 1.066533 1.740085
21.000000 1.017276 1.391950
22.000000 0.746912 0.761095
23.000000 0.938699 1.429931
24.000000 0.769567 1.493171
25.000000 0.863963 1.104812
26.000000 0.805045 1.749354
27.000000 1.325507 2.271374
28.000000 1.078852 2.001723
29.000000 0.499493 1.052240
30.000000 0.476601 0.822448
31.000000 0.778199 0.867230
32.000000 0.936016 1.022054
33.000000 0.888698 1.521925
34.000000 0.879228 1.131729
35.000000 0.667591 0.772101
36.000000 0.777908 1.635451
37.000000 0.700680 1.311851
38.000000 1.088468 1.568947
39.000000 0.761947 1.050835
40.000000 0.907933 1.432207
41.000000 0.826163 1.381375
42.000000 0.602645 1.570276
43.000000 0.723977 1.336319
44.000000 0.423347 1.120858
45.000000 0.364186 0.858130
46.000000 0.379641 1.383755
47.000000 0.503745 0.902459
48.000000 0.559121 0.976360
49.000000 0.499522 0.972034
50.000000 0.369426 0.916655
51.000000 0.197168 1.137354
52.000000 0.312190 0.790895
53.000000 0.407726 0.629743
54.000000 0.893069 1.852141
55.000000 0.647148 1.486083
56.000000 0.758007 1.371436
57.000000 0.493703 0.759794
58.000000 0.504720 0.856581
59.000000 0.634062 0.946673
60.000000 0.805341 1.904221
61.000000 0.562908 0.831813
62.000000 0.641763 0.660717
63.000000 0.609336 0.658225
64.000000 0.628301 0.641788
65.000000 0.941287 1.095680
66.000000 0.208605 0.794211
67.000000 0.344283 0.586833
68.000000 0.208190 1.096339
69.000000 0.450275 0.847031
70.000000 0.376403 0.366996
71.000000 0.574902 0.916086
72.000000 0.919903 1.117088
73.000000 0.459794 0.529378
74.000000 1.281743 1.993565
75.000000 0.472021 0.751304
76.000000 0.174297 0.631745
77.000000 0.683181 0.692218
78.000000 0.589253 1.007054
79.000000 0.468122 0.714324
80.000000 0.752673 1.343836
81.000000 0.346675 0.604925
82.000000 0.607490 0.786063
83.000000 0.604177 0.920738
84.000000 0.915255 1.165100
85.000000 0.436300 1.029478
86.000000 0.488252 0.428624
87.000000 0.445684 1.101889
88.000000 0.496317 0.573961
89.000000 0.452650 0.924959
90.000000 0.565860 1.587898
91.000000 0.474424 0.629485
92.000000 0.370726 0.987280
93.000000 0.341797 0.365889
94.000000 0.532711 0.992690
95.000000 0.530883 0.938744
96.000000 0.341584 0.826603
97.000000 0.417201 0.567041
98.000000 -0.010854 0.863484
99.000000 0.281688 0.681572
100.000000 -0.002281 0.690136
101.000000 0.330649 0.737945
102.000000 0.468849 1.168501
103.000000 0.977753 1.218074
104.000000 0.718144 1.140077
105.000000 0.766927 0.969240
106.000000 0.715479 0.722879
107.000000 0.667188 1.190036
108.000000 0.021315 0.615244
109.000000 0.425982 0.789456
110.000000 0.789445 1.256516
111.000000 0.713147 0.798610
112.000000 0.820695 1.277221
113.000000 0.541759 0.743236
114.000000 -0.183641 0.896359
115.000000 0.685171 1.278377
116.000000 0.428213 0.745578
117.000000 0.568555 0.796156
118.000000 0.096772 0.733745
119.000000 0.507807 0.817431
120.000000 0.201210 0.394805
121.000000 0.464123 0.657916
122.000000 0.317189 0.439680
123.000000 0.196716 0.733330
124.000000 0.449542 1.593822
125.000000 0.331376 0.699626
126.000000 -0.151798 0.397197
127.000000 0.541740 0.921646
128.000000 0.223393 0.496322
129.000000 0.322526 0.914477
130.000000 0.433815 0.599982
131.000000 0.522141 0.666468
132.000000 0.484875 1.140509
133.000000 0.482097 1.536179
134.000000 0.341404 1.236071
135.000000 0.712500 1.137458
136.000000 0.347254 1.333294
137.000000 0.468860 1.016760
138.000000 0.356819 0.832452
139.000000 0.287734 0.739666
140.000000 0.374850 0.882017
141.000000 0.317646 0.350984
142.000000 0.249808 1.040585
143.000000 0.406806 0.926429
144.000000 0.310282 0.882651
145.000000 -0.123775 0.829146
146.000000 0.412739 1.206173
147.000000 0.130667 0.554850
148.000000 0.185022 0.743513
149.000000 0.129093 0.604723
150.000000 0.452819 0.721234
151.000000 -0.134518 0.516952
152.000000 -0.323607 1.587093
153.000000 0.253834 1.063781
154.000000 0.258922 1.364371
155.000000 -0.064919 0.705501
156.000000 0.742227 0.992645
157.000000 0.369673 0.724085
158.000000 0.394069 0.930572
159.000000 0.368104 0.499120
160.000000 0.428965 0.598863
161.000000 0.332799 0.969216
162.000000 0.215038 0.496612
163.000000 0.444195 1.126959
164.000000 0.405381 0.767675
165.000000 0.486426 1.467876
166.000000 0.727990 1.052882
167.000000 0.996149 1.625659
168.000000 0.546789 1.331153
169.000000 0.525258 0.990131
170.000000 0.201719 0.802534
171.000000 0.362429 1.380071
172.000000 0.441336 1.088108
173.000000 0.368261 0.613032
174.000000 0.328923 0.820827
175.000000 0.470277 1.265865
176.000000 0.412554 0.824791
177.000000 0.484824 0.393309
178.000000 0.486447 0.848716
179.000000 0.653069 1.390585
180.000000 0.878268 1.761517
181.000000 0.776505 1.274624
182.000000 0.891321 1.898553
183.000000 0.483007 1.389663
184.000000 0.954597 2.117839
185.000000 0.746386 1.613447
186.000000 0.945843 1.707831
187.000000 0.725399 1.272526
188.000000 -0.024251 1.626876
189.000000 0.381369 1.416718
190.000000 0.414672 0.871406
191.000000 0.508035 1.263129
192.000000 0.741002 1.267421
193.000000 0.426081 1.369005
194.000000 0.434163 1.155322
195.000000 0.503814 1.061815
196.000000 0.277955 0.896202
197.000000 0.373853 0.969859
198.000000 0.464874 1.219616
199.000000 0.320744 1.784993
200.000000 0.231680 1.318672
201.000000 0.495349 0.979794
202.000000 0.444023 0.902682
203.000000 0.431943 1.415799
204.000000 0.615598 1.750722
205.000000 0.168186 0.982174
206.000000 0.149010 0.940562
207.000000 0.103541 1.628281
208.000000 -0.193083 0.895741
209.000000 0.273796 1.388846
210.000000 0.341566 0.662386
211.000000 0.210050 1.333877
212.000000 0.116096 1.053419
213.000000 0.143761 1.099746
214.000000 0.109478 1.238078
215.000000 0.203409 0.370255
216.000000 0.011378 0.335401
217.000000 0.007300 0.525859
218.000000 -0.108661 1.072326
219.000000 0.093110 1.551432
220.000000 -0.014295 0.622999
221.000000 0.288622 0.677504
222.000000 0.588444 0.972027
223.000000 0.392153 0.977599
224.000000 0.239955 1.839080
225.000000 0.310495 0.951123
226.000000 0.173452 0.508826
227.000000 0.542121 1.350878
228.000000 0.591370 1.400998
229.000000 0.852019 1.421811
230.000000 0.491799 1.103801
231.000000 0.658090 0.776826
232.000000 0.657555 1.215876
233.000000 0.402552 0.941227
234.000000 0.175592 0.691012
235.000000 0.005748 0.786185
236.000000 0.661686 0.820595
237.000000 0.166304 0.511301
238.000000 0.403110 0.851006
239.000000 0.546802 1.729966
240.000000 0.540975 1.583287
241.000000 0.414521 0.511149
242.000000 0.111184 0.523313
243.000000 0.091224 0.560719
244.000000 0.351942 1.016357
245.000000 0.382673 0.767740
246.000000 0.654069 1.190430
247.000000 0.518848 0.793585
248.000000 0.357028 0.465397
249.000000 0.275717 0.728892
250.000000 0.215283 1.299849
251.000000 0.163796 0.941519
252.000000 0.518080 1.518334
253.000000 0.064232 0.681451
254.000000 0.014277 0.857622
255.000000 0.435160 0.786817
256.000000 0.431123 0.901848
257.000000 0.445537 0.621704
258.000000 0.665580 1.550203
259.000000 0.530582 1.198962
260.000000 0.598272 0.881659
261.000000 0.232301 0.685683
262.000000 0.280439 0.978685
263.000000 0.837673 1.762163
264.000000 0.409689 1.487836
265.000000 0.225202 1.198827
266.000000 0.959170 1.935509
267.000000 0.205748 0.937917
268.000000 0.004950 0.693468
269.000000 -0.084262 1.572354
270.000000 0.561374 0.976679
271.000000 0.517102 0.897636
272.000000 0.626788 0.616775
273.000000 0.446141 1.004929
274.000000 0.101746 0.490449
275.000000 0.805138 1.637374
276.000000 0.417795 1.085476
277.000000 0.402196 1.361646
278.000000 0.408918 1.103890
279.000000 -0.276753 1.054360
280.000000 0.137994 0.858051
281.000000 0.085235 0.522028
282.000000 -0.284365 0.255925
283.000000 0.147174 0.760342
284.000000 0.176143 0.598192
285.000000 0.346829 0.575247
286.000000 0.092903 0.409233
287.000000 -0.016625 0.583758
288.000000 0.183091 0.599117
289.000000 0.272345 0.707596
290.000000 0.298200 1.378912
291.000000 0.345983 1.003016
292.000000 0.060032 1.339585
293.000000 0.361667 1.380427
294.000000 0.735250 1.107378
295.000000 0.457607 0.861388
296.000000 0.316823 1.281284
297.000000 -0.230923 0.864312
298.000000 0.271311 0.626538
299.000000 0.033764 0.556817
300.000000 0.035095 0.830466
301.000000 0.184375 0.792621
302.000000 0.145465 0.905838
303.000000 0.350938 0.347904
304.000000 0.454619 0.611340
305.000000 0.261986 0.468682
306.000000 0.466304 1.366173
307.000000 0.555364 1.208798
308.000000 0.644466 1.030825
309.000000 0.642468 0.519978
310.000000 0.841237 1.673433
311.000000 0.344619 0.497049
312.000000 0.241707 1.247637
313.000000 0.635378 1.336857
314.000000 0.408277 0.890730
315.000000 0.727218 1.369334
316.000000 0.219498 0.881171
317.000000 0.059626 0.909546
318.000000 0.313677 0.653057
319.000000 0.773446 1.050758
320.000000 0.253868 0.867282
321.000000 0.297939 0.418351
322.000000 0.627813 0.905905
323.000000 0.961572 1.553453
324.000000 0.391934 1.145080
325.000000 0.274614 1.478392
326.000000 0.587388 1.213584
327.000000 0.643673 1.587836
328.000000 1.027181 1.760426
329.000000 0.676579 0.941940
330.000000 0.263689 0.807568
331.000000 0.495122 0.960930
332.000000 0.237992 1.801719
333.000000 0.114857 1.015634
334.000000 0.794872 1.231539
335.000000 0.287652 0.369776
336.000000 0.752627 1.062566
337.000000 0.530849 1.091110
338.000000 0.623225 1.089096
339.000000 0.804146 1.000282
340.000000 0.839006 0.993047
341.000000 0.420406 0.549375
342.000000 0.781312 1.184653
343.000000 0.734050 1.616592
344.000000 0.747153 0.818494
345.000000 0.500018 1.178565
346.000000 0.653864 1.109162
347.000000 0.584941 1.379878
348.000000 0.762499 1.168753
349.000000 0.523580 0.670996
350.000000 0.342023 0.836259
351.000000 0.573394 1.249658
352.000000 0.381789 0.401210
353.000000 0.415155 0.313291
354.000000 0.357187 1.064260
355.000000 0.473286 0.710411
356.000000 0.550403 0.841939
357.000000 0.433249 1.281743
358.000000 0.347498 0.781443
359.000000 0.777377 0.810314
360.000000 0.659427 0.702413
361.000000 0.874905 1.212740
362.000000 0.712880 0.952017
363.000000 0.018249 0.783391
364.000000 0.316814 0.790887
365.000000 0.813506 1.674409
366.000000 0.538465 0.885896
367.000000 0.663335 1.561116
368.000000 0.360692 0.992772
369.000000 0.474761 0.860297
370.000000 0.153500 0.681947
371.000000 0.546560 1.186735
372.000000 0.430731 0.673917
373.000000 0.815048 1.194908
374.000000 0.600732 1.050310
375.000000 0.424846 0.596298
376.000000 0.079298 0.974805
377.000000 0.328215 1.566492
378.000000 0.002875 1.254143
379.000000 0.235679 1.028410
380.000000 0.017878 0.854184
381.000000 -0.234745 0.594816
382.000000 0.236419 0.702995
383.000000 0.298929 0.401615
384.000000 0.325378 1.456460
385.000000 0.374671 0.736293
386.000000 0.203847 0.811995
387.000000 0.433067 0.602057
388.000000 0.325509 0.718493
389.000000 0.502528 0.710457
390.000000 0.492551 0.814968
391.000000 0.162106 0.784804
392.000000 -0.114238 0.871619
393.000000 0.241484 0.952771
394.000000 0.340212 0.997542
395.000000 0.313248 0.830257
396.000000 0.397904 1.076200
397.000000 0.324405 0.909152
398.000000 0.482516 0.937842
399.000000 0.298547 0.635543
400.000000 0.678898 1.220695
401.000000 0.525895 0.539706
402.000000 0.657813 0.886228
403.000000 0.795041 0.832124
404.000000 0.770989 1.030642
405.000000 0.843572 1.247231
406.000000 0.431693 1.036230
407.000000 0.307504 1.615889
408.000000 0.510347 1.367772
409.000000 0.247800 0.947138
410.000000 0.520421 0.838276
411.000000 0.688902 1.270069
412.000000 0.352050 0.593717
413.000000 0.897544 1.953454
414.000000 0.388051 0.600273
415.000000 0.795563 1.255604
416.000000 1.007998 1.774416
417.000000 0.302394 1.023978
418.000000 0.151914 0.923309
419.000000 0.126507 0.444643
420.000000 0.350035 0.678207
421.000000 -0.128591 0.646809
422.000000 0.226531 0.700470
423.000000 0.580703 0.931062
424.000000 0.920781 1.192702
425.000000 0.756879 1.344190
426.000000 0.434633 1.559278
427.000000 0.797035 1.496336
428.000000 0.357279 1.232726
429.000000 -0.053243 1.369143
430.000000 -0.020642 1.554023
431.000000 0.372370 1.144549
432.000000 0.815142 1.841390
433.000000 0.561419 1.504653
434.000000 0.562685 1.057598
435.000000 0.205287 0.576818
436.000000 0.484486 1.311253
437.000000 0.289981 0.452604
438.000000 0.181505 0.552056
439.000000 0.067163 0.654526
440.000000 0.594247 0.544909
441.000000 0.749395 1.112629
442.000000 0.799567 1.230095
443.000000 0.913583 1.170734
444.000000 0.625625 1.083298
445.000000 0.708708 0.752599
446.000000 0.794561 1.295366
447.000000 0.693072 0.964388
448.000000 0.571384 0.940420
449.000000 0.507518 1.496883
450.000000 0.539432 1.507215
451.000000 0.648774 0.872643
452.000000 0.805771 1.296534
453.000000 0.183197 0.477745
454.000000 0.857233 0.923093
455.000000 0.469818 0.886219
456.000000 0.904945 1.708510
457.000000 0.990366 1.427678
458.000000 0.736815 1.350327
459.000000 0.687047 1.596437
460.000000 0.668473 0.700379
461.000000 0.493630 0.871374
462.000000 0.670907 1.222362
463.000000 0.465184 0.449138
464.000000 0.065092 0.602661
465.000000 0.218003 0.644761
466.000000 0.530387 0.627973
467.000000 0.393327 1.333905
468.000000 0.183688 0.726196
469.000000 0.581460 1.074502
470.000000 0.577002 1.074309
471.000000 0.176687 0.811446
472.000000 0.157174 0.409830
473.000000 0.235849 0.817493
474.000000 0.680733 1.165618
475.000000 0.385245 0.708590
476.000000 0.170642 0.543804
477.000000 0.258205 1.055042
478.000000 0.003332 0.768993
479.000000 0.269409 0.903066
480.000000 0.215429 1.021364
481.000000 0.417358 1.063435
482.000000 -0.213615 0.633339
483.000000 0.195279 0.869644
484.000000 0.390825 1.401308
485.000000 0.435597 0.861233
486.000000 0.101497 1.050489
487.000000 0.516029 1.046778
488.000000 0.061435 1.418997
489.000000 0.723957 1.245437
490.000000 0.765482 1.043103
491.000000 0.087824 0.242496
492.000000 -0.130367 0.398004
493.000000 0.132642 0.839389
494.000000 -0.372532 0.698001
495.000000 0.226414 1.234400
496.000000 0.340280 0.678116
497.000000 0.126189 0.710383
498.000000 -0.283047 0.581178
499.000000 -0.307000 0.711937
500.000000 -0.192901 1.293955
501.000000 -0.584654 1.507560
502.000000 0.208655 0.702561
503.000000 0.165486 0.705533
504.000000 -0.037146 1.053432
505.000000 -0.404522 1.243598
506.000000 -0.221339 0.639285
507.000000 -0.094596 0.675030
508.000000 -0.195108 0.863602
509.000000 -0.089622 1.003782
510.000000 0.122978 0.749362
511.000000 -0.086060 0.637154
512.000000 0.132566 0.431400
513.000000 0.327060 0.689845
514.000000 -0.126791 0.680102
515.000000 0.119554 1.559618
516.000000 0.399542 0.984429
517.000000 0.422259 1.326570
518.000000 0.493917 1.566589
519.000000 0.545055 0.731077
520.000000 0.265017 0.896262
521.000000 0.257758 0.772716
522.000000 0.454667 1.606914
523.000000 0.380556 1.508397
524.000000 0.446784 1.101695
525.000000 0.270223 0.916450
526.000000 -0.113577 0.890934
527.000000 -0.294405 0.585012
528.000000 -0.040513 0.441625
529.000000 -0.017944 1.198656
530.000000 0.076912 0.863909
531.000000 0.348646 0.793494
532.000000 0.601501 1.613871
533.000000 0.464482 1.228739
534.000000 -0.333869 1.235027
535.000000 0.100387 1.350358
536.000000 0.293134 1.273784
537.000000 0.334725 0.890481
538.000000 0.522350 0.849167
539.000000 -0.125352 1.060155
540.000000 0.438270 1.616359
541.000000 0.212038 1.642788
542.000000 0.668108 1.268016
543.000000 0.562736 2.228491
544.000000 0.146958 1.659500
545.000000 0.560231 1.815080
546.000000 0.464836 2.097009
547.000000 0.719743 1.324046
548.000000 0.461396 1.294814
549.000000 0.427892 1.301384
550.000000 0.407763 0.885639
551.000000 -0.092071 0.809684
552.000000 0.331391 0.698172
553.000000 0.389078 0.621981
554.000000 0.628973 0.681158
555.000000 0.315938 1.031586
556.000000 0.835119 1.205792
557.000000 0.429334 0.763314
558.000000 0.723190 1.401817
559.000000 0.630719 1.070028
560.000000 0.545052 1.143840
561.000000 0.239145 0.917706
562.000000 0.332884 1.066510
563.000000 0.593725 0.910218
564.000000 0.882075 1.999271
565.000000 0.431237 0.418442
566.000000 0.273430 0.824969
567.000000 0.263824 0.570652
568.000000 0.441089 1.303596
569.000000 0.376944 0.650243
570.000000 0.389463 0.628428
571.000000 0.226504 1.288041
572.000000 0.361640 0.654193
573.000000 0.667999 1.389955
574.000000 0.356033 0.953079
575.000000 0.375407 1.167760
576.000000 0.255809 1.295726
577.000000 0.130550 0.857882
578.000000 0.247578 0.862937
579.000000 0.030872 0.963399
580.000000 0.563568 1.404015
581.000000 0.458394 1.291718
582.000000 0.329017 1.068893
583.000000 0.271977 0.827689
584.000000 0.289284 0.508750
585.000000 0.203939 0.956040
586.000000 0.657143 1.925708
587.000000 0.540014 1.087619
588.000000 0.475657 1.053986
589.000000 0.608200 1.029599
590.000000 0.231659 0.797350
591.000000 0.183847 1.182023
592.000000 0.430740 1.278623
593.000000 -0.098599 0.796409
594.000000 -0.010118 1.038247
595.000000 0.059271 0.430321
596.000000 0.203783 0.989967
597.000000 0.460014 0.762444
598.000000 0.421749 0.773587
599.000000 0.082953 0.814284
600.000000 0.284322 0.868332
601.000000 0.034922 0.778811
602.000000 0.379483 1.651448
603.000000 0.238966 1.317390
604.000000 0.128842 1.209999
605.000000 0.263796 0.268527
606.000000 0.489566 1.058844
607.000000 0.314321 1.062248
608.000000 0.053294 0.943698
609.000000 0.007272 0.821013
610.000000 0.193504 0.551706
611.000000 0.536525 0.899211
612.000000 0.695267 1.343658
613.000000 0.351303 1.006214
614.000000 0.308374 0.820551
615.000000 0.576311 1.105204
616.000000 0.859344 1.486954
617.000000 0.634386 0.843413
618.000000 0.325107 0.995282
619.000000 0.275050 0.589234
620.000000 0.548970 0.942503
621.000000 0.537029 0.951106
622.000000 0.409325 1.138157
623.000000 0.468861 1.118414
624.000000 -0.022231 0.540338
625.000000 0.323046 1.034820
626.000000 -0.033644 0.724751
627.000000 -0.136953 0.893202
628.000000 0.277980 0.682383
629.000000 0.312515 1.439680
630.000000 0.164705 0.659980
631.000000 -0.045003 0.810235
632.000000 0.314610 1.589304
633.000000 0.212017 1.198309
634.000000 0.234036 0.583012
635.000000 0.688107 1.014587
636.000000 0.144293 0.733303
637.000000 0.012921 1.251476
638.000000 -0.052386 0.646132
639.000000 0.117645 1.107767
640.000000 -0.796793 1.176572
641.000000 -0.169157 0.750311
642.000000 0.339642 1.022152
643.000000 0.094377 1.045989
644.000000 0.126330 1.173721
645.000000 0.213370 0.814705
646.000000 -0.308221 0.415687
647.000000 0.153267 1.054886
648.000000 0.124506 0.803885
649.000000 0.255445 1.211478
650.000000 0.359250 1.468755
651.000000 0.341337 0.625241
652.000000 0.060023 0.777447
653.000000 0.263100 0.868612
654.000000 0.585172 1.459913
655.000000 0.111811 0.669741
656.000000 -0.089401 0.643393
657.000000 -0.065897 0.595165
658.000000 0.167987 0.620972
659.000000 0.719520 1.171925
660.000000 0.346096 0.913215
661.000000 0.913250 1.877106
662.000000 -0.000382 0.514550
663.000000 0.431945 0.726276
664.000000 0.159556 0.679281
665.000000 0.484446 0.928270
666.000000 0.267112 1.196873
667.000000 0.278179 1.021433
668.000000 0.205566 1.079431
669.000000 0.358502 0.784315
670.000000 0.192983 0.771907
671.000000 0.276883 1.107293
672.000000 0.204249 1.142823
673.000000 0.296704 1.328043
674.000000 0.539052 0.961716
675.000000 0.607053 1.227457
676.000000 0.482794 1.745115
677.000000 0.708902 1.003315
678.000000 0.438482 0.607734
679.000000 0.635586 1.061294
680.000000 0.426878 0.494816
681.000000 0.462350 1.015346
682.000000 0.171257 1.114805
683.000000 0.581904 1.291914
684.000000 0.595928 1.238040
685.000000 0.292951 0.466602
686.000000 0.388427 0.491265
687.000000 0.474345 0.727407
688.000000 0.216026 0.370879
689.000000 0.273879 0.973142
690.000000 0.176282 1.163679
691.000000 0.468348 1.376507
692.000000 0.468182 1.054010
693.000000 0.743298 1.226968
694.000000 0.883031 1.674274
695.000000 0.788323 1.087997
696.000000 0.816879 1.199141
697.000000 0.260153 0.527906
698.000000 0.357921 1.115733
699.000000 0.612590 1.215423
700.000000 0.633926 0.761064
701.000000 0.560693 1.090771
702.000000 0.579678 0.779093
703.000000 1.200232 1.906067
704.000000 0.765007 1.404156
705.000000 0.939816 1.134672
706.000000 0.242381 0.521013
707.000000 0.618951 0.954385
708.000000 0.281464 0.237542
709.000000 0.469782 0.652311
710.000000 0.297949 0.439085
711.000000 0.008236 0.552603
712.000000 -0.020304 0.580963
713.000000 0.528072 0.995643
714.000000 0.555398 0.776891
715.000000 0.712629 1.304259
716.000000 0.419502 1.332201
717.000000 0.490546 0.715351
718.000000 0.094165 0.823256
719.000000 0.243417 0.865516
720.000000 0.598411 1.032473
721.000000 0.013518 1.397423
722.000000 0.433317 0.527650
723.000000 0.174418 0.517349
724.000000 0.774208 1.101337
725.000000 0.301909 0.907707
726.000000 0.302862 0.881576
727.000000 0.597978 0.646810
728.000000 0.410618 0.676129
729.000000 0.573667 1.181485
730.000000 -0.009007 0.763512
731.000000 0.148797 1.014572
732.000000 0.105375 1.180221
733.000000 0.078388 0.629545
734.000000 0.391344 1.148563
735.000000 0.481365 0.507486
736.000000 0.369315 0.826862
737.000000 0.522234 0.788705
738.000000 0.173096 0.927658
739.000000 0.464488 1.007156
740.000000 -0.234511 0.642159
741.000000 0.056071 0.571999
742.000000 0.453281 0.633330
743.000000 0.478110 0.803455
744.000000 0.344275 1.018966
745.000000 0.960167 1.389804
746.000000 0.394702 0.358798
747.000000 0.271281 1.399295
748.000000 0.558022 0.986897
749.000000 0.287821 1.532942
750.000000 0.260138 1.379388
751.000000 0.190496 0.828978
752.000000 0.236282 0.819199
753.000000 0.138207 1.330782
754.000000 0.162770 0.547474
755.000000 0.251791 0.705115
756.000000 0.347284 0.987467
757.000000 0.115749 0.434529
758.000000 0.533887 0.646267
759.000000 0.471885 0.661139
760.000000 0.202896 0.563555
761.000000 0.514709 1.293944
762.000000 0.488676 0.889111
763.000000 0.274245 1.019491
764.000000 0.361535 0.603874
765.000000 0.673516 1.061639
766.000000 0.499406 1.080980
767.000000 0.578069 0.809934
768.000000 0.246474 0.470835
769.000000 0.055414 0.995422
770.000000 0.584860 1.164218
771.000000 0.844251 1.386456
772.000000 0.617332 0.978420
773.000000 0.490509 1.003925
774.000000 0.405952 1.494938
