0.000000 0.921553 0.859507
1.000000 0.592044 0.795255
2.000000 0.730960 0.931814
3.000000 0.204126 0.564139
4.000000 0.555622 0.810052
5.000000 0.852829 0.771629
6.000000 0.466032 0.428964
7.000000 0.370721 0.774506
8.000000 0.347477 0.693977
9.000000 0.503742 1.165900
10.000000 0.407961 0.325407
11.000000 0.310951 0.820470
12.000000 -0.096301 0.783927
13.000000 0.639846 1.038297
14.000000 0.557620 1.087531
15.000000 0.214323 1.476538
16.000000 0.148829 0.737257
17.000000 0.400384 1.705866
18.000000 0.633931 1.468413
19.000000 0.617895 0.974175
20.000000 1.000964 1.487318
21.000000 0.558691 0.737524
22.000000 0.659230 1.001545
23.000000 1.100375 1.829042
24.000000 0.979849 1.622991
25.000000 0.358064 0.729222
26.000000 0.411792 0.720553
27.000000 0.628325 1.110611
28.000000 0.673525 1.833017
29.000000 0.341050 0.746099
30.000000 0.067682 0.566662
31.000000 0.494317 0.750554
32.000000 0.731446 1.246143
33.000000 0.470439 0.679315
34.000000 0.594517 0.771417
35.000000 0.226786 2.393495
36.000000 -0.009795 0.888064
37.000000 0.418872 0.743514
38.000000 0.962831 1.224900
39.000000 0.824566 1.170023
40.000000 0.883416 1.361255
41.000000 0.689172 0.718621
42.000000 0.730036 1.261669
43.000000 0.120768 0.726236
44.000000 0.306520 1.347439
45.000000 0.432562 0.518267
46.000000 0.124115 0.431983
47.000000 0.523879 1.120248
48.000000 0.666120 0.847574
49.000000 0.499151 1.080738
50.000000 0.358707 0.791986
51.000000 0.317048 1.421870
52.000000 0.623940 1.585283
53.000000 0.106687 0.825830
54.000000 0.016976 0.575243
55.000000 0.251282 0.866967
56.000000 0.484642 0.673666
57.000000 0.404109 0.896380
58.000000 0.477238 0.919823
59.000000 0.585856 0.817026
60.000000 0.481158 0.654370
61.000000 0.247987 0.534971
62.000000 0.541272 1.365565
63.000000 0.817718 1.130178
64.000000 0.533000 0.959419
65.000000 0.012316 0.617384
66.000000 0.427150 0.440478
67.000000 0.515662 1.102954
68.000000 0.751274 1.008265
69.000000 0.488958 0.855721
70.000000 0.578230 0.923081
71.000000 0.682654 1.344438
72.000000 0.141584 0.703142
73.000000 0.287185 0.930258
74.000000 0.376732 1.120706
75.000000 0.194195 0.790707
76.000000 0.355150 1.194336
77.000000 0.714828 1.978614
78.000000 0.418635 0.945809
79.000000 0.233679 0.652749
80.000000 0.258159 0.862695
81.000000 0.207432 1.176483
82.000000 0.423466 0.899836
83.000000 0.635407 1.467123
84.000000 0.226992 1.065589
85.000000 0.495787 0.812672
86.000000 0.970555 1.967554
87.000000 0.389813 0.570406
88.000000 0.443423 0.885881
89.000000 0.374942 0.955913
90.000000 0.439597 0.890794
91.000000 0.377883 0.664687
92.000000 0.260289 0.534460
93.000000 0.071540 0.764423
94.000000 0.066875 0.731035
95.000000 -0.156703 0.953975
96.000000 0.227635 1.272465
97.000000 0.405370 0.796244
98.000000 0.291019 1.450442
99.000000 0.477909 0.757716
100.000000 0.396473 1.191902
101.000000 0.121444 1.295877
102.000000 0.094951 0.735913
103.000000 0.109765 0.757356
104.000000 0.417828 0.726851
105.000000 0.628272 0.858819
106.000000 0.792995 1.230585
107.000000 0.214646 0.393181
108.000000 0.437192 0.767331
109.000000 0.355236 0.886234
110.000000 0.666075 1.148485
111.000000 0.514782 1.504073
112.000000 0.217563 0.779762
113.000000 0.702998 1.430994
114.000000 0.157674 0.551002
115.000000 0.167794 0.960923
116.000000 -0.096276 0.320141
117.000000 0.098537 0.933159
118.000000 0.395633 0.457849
119.000000 -0.126367 0.813939
120.000000 0.266015 0.676921
121.000000 0.271668 0.721720
122.000000 0.287745 0.617010
123.000000 0.515091 0.702485
124.000000 0.364579 1.355189
125.000000 0.482484 0.837252
126.000000 0.385413 1.545124
127.000000 0.400812 0.881057
128.000000 0.696206 2.145519
129.000000 0.430547 1.285615
130.000000 0.184404 0.501081
131.000000 0.176776 0.743825
132.000000 0.159246 1.141749
133.000000 0.083640 1.277997
134.000000 -0.048282 0.740554
135.000000 0.024389 0.944025
136.000000 0.436382 1.217495
137.000000 0.420538 1.049169
138.000000 0.655035 1.140842
139.000000 0.027668 0.750065
140.000000 1.033672 1.804261
141.000000 1.019195 1.660183
142.000000 0.531431 0.871340
143.000000 0.408945 0.847703
144.000000 0.477166 0.519698
145.000000 0.453016 1.177430
146.000000 0.074932 1.261291
147.000000 0.162752 1.002314
148.000000 0.651536 0.948660
149.000000 0.498604 0.755398
150.000000 0.144874 1.103210
151.000000 -0.153402 1.352744
152.000000 0.334300 0.616573
153.000000 0.114771 1.444240
154.000000 -0.051087 0.906133
155.000000 0.337849 1.309347
156.000000 0.010706 0.891540
157.000000 -0.168900 1.074550
158.000000 0.475944 0.996405
159.000000 0.405739 1.359627
160.000000 0.255787 1.358329
161.000000 0.493054 1.270751
162.000000 0.677235 1.204486
163.000000 0.479224 1.277241
164.000000 0.338451 1.179259
165.000000 -0.203839 0.859035
166.000000 0.038616 0.867491
167.000000 0.329758 1.245574
168.000000 0.462088 0.707271
169.000000 0.292243 0.452097
170.000000 -0.159221 0.763844
171.000000 0.267240 0.489491
172.000000 0.482868 1.575557
173.000000 0.531222 1.187877
174.000000 0.569973 0.753348
175.000000 0.695202 1.084464
176.000000 0.176214 0.558010
177.000000 0.229602 1.857436
178.000000 -0.346121 1.808739
179.000000 -0.015038 1.369987
180.000000 -0.071413 1.586644
181.000000 0.046254 1.515302
182.000000 -0.161390 1.559100
183.000000 0.290015 1.592206
184.000000 -0.368266 1.014508
185.000000 -0.232074 0.274949
186.000000 -0.367596 0.914626
187.000000 0.052048 1.109893
188.000000 0.247558 1.602533
189.000000 -0.270069 1.053605
190.000000 -0.353622 0.864220
191.000000 -0.034015 1.031160
192.000000 -0.110056 1.648117
193.000000 0.161348 1.207295
194.000000 0.249259 1.872117
195.000000 0.188971 1.595175
196.000000 0.085136 1.181250
197.000000 0.318647 1.977398
198.000000 -0.010458 0.970315
199.000000 -0.489846 0.633651
200.000000 -0.312858 0.717918
201.000000 0.372122 1.309144
202.000000 0.066399 1.171815
203.000000 0.140903 0.705692
204.000000 -0.286866 1.057018
205.000000 0.183242 0.899219
206.000000 -0.135945 0.541775
207.000000 -0.162364 0.344063
208.000000 -0.045185 1.033478
209.000000 0.102116 0.396808
210.000000 0.007374 1.163300
211.000000 -0.116055 0.798937
212.000000 -0.055516 0.871549
213.000000 0.245372 0.999869
214.000000 -0.057650 1.258958
215.000000 0.475214 1.059708
216.000000 0.292190 0.616221
217.000000 0.176839 0.561260
218.000000 -0.170930 1.025948
219.000000 0.131765 1.234423
220.000000 -0.159598 0.781254
221.000000 -0.300786 0.806483
222.000000 -0.096994 1.300696
223.000000 0.122792 0.798346
224.000000 -0.180785 1.090904
225.000000 0.478162 0.887528
226.000000 -0.154183 0.943314
227.000000 0.321526 0.900158
228.000000 -0.152544 1.115633
229.000000 0.011358 0.655527
230.000000 0.229842 0.401264
231.000000 0.249634 1.016288
232.000000 0.082936 0.907519
233.000000 0.487161 1.047917
234.000000 -0.065082 0.753413
235.000000 -0.248330 1.515283
236.000000 0.406590 0.611085
237.000000 0.195587 0.726801
238.000000 -0.271667 0.457883
239.000000 0.020706 0.540387
240.000000 0.244175 0.454632
241.000000 0.613798 0.660471
242.000000 0.202474 0.563516
243.000000 -0.032209 0.695669
244.000000 0.102685 1.384128
245.000000 -0.205294 0.933302
246.000000 0.073917 0.926082
247.000000 -0.111939 0.949330
248.000000 0.029342 1.395644
249.000000 0.068988 1.353115
250.000000 0.412620 1.085107
251.000000 -0.066380 0.959138
252.000000 0.349455 1.382702
253.000000 0.003114 1.174389
254.000000 0.372118 0.761958
255.000000 0.236709 0.479302
256.000000 -0.039728 0.487601
257.000000 -0.233511 0.836191
258.000000 -0.171847 0.789283
259.000000 -0.107943 1.357855
260.000000 -0.138093 0.374926
261.000000 -0.388547 1.390552
262.000000 0.000809 0.585318
263.000000 -0.055136 0.813751
264.000000 -0.169220 1.473251
265.000000 0.246708 1.362537
266.000000 0.028568 1.665000
267.000000 -0.349055 1.303045
268.000000 -0.646200 1.297998
269.000000 0.059710 1.346676
270.000000 -0.436171 0.522983
271.000000 -0.310948 0.990970
272.000000 -0.008048 0.374657
273.000000 0.043383 0.821453
274.000000 -0.371127 0.926333
275.000000 -0.379568 0.743572
276.000000 0.100856 1.007880
277.000000 -0.384408 0.637044
278.000000 -0.096745 1.209752
279.000000 -0.232334 0.725658
280.000000 -0.113640 1.075722
281.000000 -0.288820 1.032438
282.000000 -0.405002 1.666908
283.000000 -0.192867 1.039847
284.000000 -0.188042 0.679494
285.000000 -0.507271 1.233007
286.000000 -0.083099 0.360246
287.000000 -0.087715 0.592410
288.000000 -0.333238 0.861984
289.000000 -0.450340 0.823573
290.000000 0.118867 0.538332
291.000000 0.315715 1.002339
292.000000 0.596562 1.349035
293.000000 -0.185222 1.353211
294.000000 -0.585873 1.059652
295.000000 -0.449678 1.756368
296.000000 -0.155233 0.904958
297.000000 -0.264139 1.232243
298.000000 -0.047948 0.790562
299.000000 0.119847 0.477200
300.000000 -0.005275 0.538385
301.000000 -0.351113 1.028087
302.000000 -0.275772 0.189731
303.000000 -0.292717 0.493338
304.000000 -0.392505 1.080150
305.000000 -0.269845 0.530495
306.000000 -0.257309 0.961353
307.000000 -0.240915 0.867976
308.000000 -0.279293 1.278293
309.000000 -0.374638 1.690100
310.000000 -0.171315 0.838596
311.000000 -0.240852 0.820978
312.000000 -0.167499 0.355372
313.000000 -0.264893 0.620811
314.000000 -0.450100 1.039782
315.000000 -0.422666 1.091335
316.000000 0.012105 1.005210
317.000000 -0.351264 1.059620
318.000000 -0.399375 0.889438
319.000000 -0.036953 1.585534
320.000000 -0.299294 0.821221
321.000000 -0.759035 1.860599
322.000000 -0.244879 0.970933
323.000000 -0.281557 0.751014
324.000000 -0.555176 0.941363
325.000000 -0.427691 1.538130
326.000000 0.074003 1.244337
327.000000 0.006550 1.086928
328.000000 -0.319280 0.719779
329.000000 -0.319300 1.073925
330.000000 -0.277736 0.992478
331.000000 -0.475776 1.131293
332.000000 -0.102598 0.797662
333.000000 -0.343628 0.787477
334.000000 -0.167179 1.015784
335.000000 -0.498759 0.823747
336.000000 -0.110162 0.678236
337.000000 -0.458023 1.229177
338.000000 -0.043276 0.623445
339.000000 -0.384904 0.575666
340.000000 -0.525602 0.774912
341.000000 -0.530980 0.750841
342.000000 -0.619839 1.075686
343.000000 -0.149751 0.435486
344.000000 -0.382678 1.181598
345.000000 -0.140154 1.195862
346.000000 -0.022754 0.630303
347.000000 -0.095807 0.896605
348.000000 0.110942 1.016309
349.000000 0.235270 1.342417
350.000000 -0.068630 0.245897
351.000000 -0.036318 1.707776
352.000000 -0.390384 0.782022
353.000000 0.068155 1.128164
354.000000 0.153594 0.654419
355.000000 0.024317 1.477913
356.000000 -0.021421 1.133660
357.000000 0.602608 0.874854
358.000000 0.168463 1.066720
359.000000 0.497500 1.533402
360.000000 -0.035391 1.281594
361.000000 0.025351 0.966108
362.000000 -0.215393 0.960323
363.000000 -0.067894 1.427484
364.000000 -0.203347 0.571401
365.000000 -0.300667 1.247361
366.000000 -0.403252 1.170204
367.000000 -0.290304 0.895744
368.000000 -0.419312 1.667230
369.000000 0.051013 0.668236
370.000000 0.145867 0.865415
371.000000 -0.021750 0.699738
372.000000 -0.390924 0.741071
373.000000 -0.243031 0.739605
374.000000 -0.213577 1.077462
375.000000 -0.281967 0.983107
376.000000 0.189258 1.527401
377.000000 -0.191591 1.345688
378.000000 -0.140817 0.957681
379.000000 -0.014149 1.149467
380.000000 -0.244108 0.646019
381.000000 -0.040863 0.528836
382.000000 -0.139693 0.682044
383.000000 -0.205346 1.040366
384.000000 -0.281284 0.681597
385.000000 -0.236663 1.225397
386.000000 -0.122252 1.545282
387.000000 -0.056612 0.790336
388.000000 -0.084573 0.628812
389.000000 -0.163628 1.027887
390.000000 -0.586892 1.213208
391.000000 -0.131377 0.547481
392.000000 -0.138705 0.493272
393.000000 -0.626702 1.166762
394.000000 -0.569631 0.975675
395.000000 -0.049786 0.460089
396.000000 -0.230455 1.215507
397.000000 -0.242294 0.973802
398.000000 -0.515745 1.290753
399.000000 -0.022583 0.785753
400.000000 -0.239030 0.783196
401.000000 -0.061219 0.201610
402.000000 0.106232 0.699444
403.000000 0.103318 0.552012
404.000000 -0.038690 0.568908
405.000000 -0.391487 0.839691
406.000000 -0.047919 0.257305
407.000000 -0.181900 1.439895
408.000000 -0.433006 1.067259
409.000000 -0.022288 0.582310
410.000000 -0.157470 0.884898
411.000000 -0.074563 0.323556
412.000000 0.178803 1.161747
413.000000 -0.599405 1.348428
414.000000 -0.122105 1.863093
415.000000 0.142340 2.135770
416.000000 -0.150892 1.130369
417.000000 -0.160525 0.953090
418.000000 0.026562 0.388557
419.000000 -0.118117 0.427095
420.000000 0.032210 0.696745
421.000000 -0.057818 0.676938
422.000000 -0.274856 1.319332
423.000000 -0.476195 1.206873
424.000000 -0.012701 0.974519
425.000000 0.014587 1.065911
426.000000 -0.207592 0.580916
427.000000 -0.212467 1.232524
428.000000 -0.142508 1.184231
429.000000 -0.202931 0.848989
430.000000 -0.244062 0.665310
431.000000 0.267464 0.840766
432.000000 -0.066079 1.575922
433.000000 -0.197634 0.923664
434.000000 -0.116223 1.151406
435.000000 0.051083 0.954423
436.000000 -0.010385 0.914843
437.000000 -0.151402 1.350012
438.000000 -0.302358 0.815186
439.000000 -0.373388 1.078635
440.000000 -0.519406 0.903521
441.000000 -0.099911 1.173633
442.000000 -0.183341 0.693087
443.000000 -0.331725 1.111520
444.000000 -0.020797 0.971712
445.000000 -0.098429 1.903661
446.000000 -0.048242 1.208187
447.000000 -0.265571 1.568388
448.000000 0.049849 1.278074
449.000000 -0.347363 1.963796
450.000000 0.179461 2.244127
451.000000 -0.206603 1.862293
452.000000 0.020927 1.240683
453.000000 -0.310828 0.862781
454.000000 -0.014198 0.534269
455.000000 0.086955 0.771093
456.000000 0.486807 1.523642
457.000000 0.255205 0.442622
458.000000 -0.194153 0.686716
459.000000 -0.115867 0.619379
460.000000 0.104372 1.303798
461.000000 0.154632 0.741874
462.000000 -0.051272 0.817367
463.000000 -0.433379 0.872713
464.000000 -0.399395 1.802288
465.000000 -0.465169 0.886791
466.000000 -0.239366 0.938531
467.000000 -0.524493 1.991017
468.000000 -0.155435 1.094575
469.000000 -0.264665 0.344620
470.000000 -0.321930 0.659528
471.000000 -0.398561 1.534072
472.000000 -0.404944 1.187766
473.000000 -0.735346 2.298466
474.000000 -0.256315 0.808437
475.000000 -0.274049 1.062252
476.000000 -0.266158 0.378807
477.000000 -0.141792 0.809927
478.000000 -0.307154 0.621584
479.000000 -0.283567 1.204106
480.000000 -0.269132 1.034419
481.000000 -0.156136 1.033085
482.000000 0.064366 1.184386
483.000000 -0.186359 0.628341
484.000000 -0.279863 1.087697
485.000000 0.024574 1.515019
486.000000 -0.297152 1.206069
487.000000 -0.175046 1.620117
488.000000 -0.510547 1.450773
489.000000 -0.031237 0.692669
490.000000 -0.014318 0.644964
491.000000 -0.316572 1.240705
492.000000 -0.468106 1.493434
493.000000 -0.160577 1.052534
494.000000 0.179097 1.016800
495.000000 0.400355 1.209448
496.000000 0.227426 1.433442
497.000000 0.153174 0.731227
498.000000 0.138676 1.469690
499.000000 0.495908 0.516137
500.000000 0.192798 0.491113
501.000000 -0.264248 0.646844
502.000000 -0.351988 0.574005
503.000000 -0.034490 1.166411
504.000000 -0.558123 1.592687
505.000000 -0.243382 1.528740
506.000000 -0.375267 1.914997
507.000000 -0.282788 1.603944
508.000000 -0.246065 1.364243
509.000000 0.114470 1.060846
510.000000 0.363579 1.456812
511.000000 -0.190236 0.804477
512.000000 0.277049 1.616533
513.000000 -0.176862 1.058480
514.000000 -0.193732 0.700437
515.000000 -0.034480 1.009337
516.000000 -0.539752 1.233380
517.000000 -0.149432 0.954752
518.000000 -0.166180 1.145665
519.000000 0.059564 1.159124
520.000000 0.130749 0.493578
521.000000 0.085069 0.525726
522.000000 -0.041502 0.478990
523.000000 -0.308440 0.937390
524.000000 -0.001366 0.489023
525.000000 0.006476 0.993214
526.000000 -0.474555 1.168189
527.000000 -0.051992 1.096676
528.000000 -0.103856 0.564079
529.000000 -0.022565 1.124704
530.000000 -0.357110 0.742813
531.000000 -0.026616 1.247765
532.000000 -0.429934 1.118991
533.000000 -0.390014 0.674159
534.000000 -0.340357 0.514253
535.000000 -0.563956 1.830376
536.000000 -0.426943 1.434358
537.000000 -0.306593 1.911794
538.000000 -0.089678 0.869415
539.000000 -0.484436 1.185239
540.000000 -0.555795 1.449953
541.000000 -0.133201 0.878544
542.000000 -0.006837 1.129538
543.000000 -0.341093 0.747228
544.000000 -0.088853 0.327239
545.000000 -0.588883 1.047867
546.000000 0.112041 1.580936
547.000000 -0.267768 0.973625
548.000000 -0.111960 0.843422
549.000000 -0.303751 0.670846
550.000000 0.019196 1.092210
551.000000 -0.270587 0.933428
552.000000 0.198532 1.356742
553.000000 0.004426 0.826407
554.000000 0.152421 0.899389
555.000000 -0.225843 1.564931
556.000000 -0.217168 1.148248
557.000000 -0.048675 1.342820
558.000000 -0.448954 0.933857
559.000000 -0.687568 1.879546
560.000000 -0.159810 0.299430
561.000000 -0.368348 1.299295
562.000000 -0.306517 0.629075
563.000000 -0.012868 1.157322
564.000000 -0.024139 0.763603
565.000000 -0.224212 1.263300
566.000000 -0.467366 1.401218
567.000000 0.031709 1.391051
568.000000 -0.226642 0.633515
569.000000 -0.198042 1.244071
570.000000 -0.201005 1.307849
571.000000 -0.243890 1.343415
572.000000 0.151958 1.012313
573.000000 -0.254343 1.153929
574.000000 0.276576 0.988726
575.000000 -0.105893 0.883609
576.000000 -0.028568 0.946501
577.000000 0.361834 0.607557
578.000000 0.359963 1.168252
579.000000 -0.029585 0.965387
580.000000 0.035095 0.891447
581.000000 0.093262 1.794582
582.000000 0.099281 1.018359
583.000000 0.039727 1.639764
584.000000 0.162753 0.983016
585.000000 0.456903 2.050367
586.000000 -0.115919 0.421366
587.000000 0.099574 0.498417
588.000000 0.346720 1.083956
589.000000 0.252401 0.854715
590.000000 -0.234084 1.717833
591.000000 0.017164 1.495368
592.000000 0.410603 0.744733
593.000000 -0.118124 0.343856
594.000000 0.096997 0.505076
595.000000 -0.228501 0.891779
596.000000 0.117969 0.809559
597.000000 -0.317239 0.998133
598.000000 0.158826 0.650146
599.000000 0.000076 0.541114
600.000000 -0.103886 0.561940
601.000000 -0.012120 1.041854
602.000000 -0.045628 1.620676
603.000000 -0.269863 1.047853
604.000000 -0.116864 0.467461
605.000000 -0.076772 0.758260
606.000000 0.076530 0.976950
607.000000 -0.380233 1.363809
608.000000 -0.149086 1.183920
609.000000 0.088854 0.540470
610.000000 -0.213353 0.650694
611.000000 -0.135849 1.516164
612.000000 0.328085 1.009852
613.000000 -0.117463 1.239549
614.000000 0.241840 1.473750
615.000000 0.038418 1.156232
616.000000 0.323461 1.285717
617.000000 -0.098212 1.148508
618.000000 -0.075817 1.368104
619.000000 -0.416398 0.517677
620.000000 -0.136454 1.465320
621.000000 -0.007811 0.809070
622.000000 -0.230428 0.474141
623.000000 -0.128422 1.502452
624.000000 -0.248482 0.902576
625.000000 0.017716 1.247559
626.000000 -0.273995 1.327966
627.000000 -0.124707 0.609726
628.000000 0.293590 0.841316
629.000000 -0.111648 0.977261
630.000000 0.095650 0.831877
631.000000 -0.094422 1.531436
632.000000 -0.231427 1.264022
633.000000 0.301696 0.957765
634.000000 -0.215164 0.561908
635.000000 -0.496802 0.896196
636.000000 -0.269013 0.548218
637.000000 -0.137897 1.336168
638.000000 -0.526197 0.935722
639.000000 -0.504402 0.679914
640.000000 -0.179879 0.950761
641.000000 -0.028573 0.706563
642.000000 -0.410162 1.053442
643.000000 -0.093097 0.905043
644.000000 -0.090610 0.975658
645.000000 -0.148475 0.463848
646.000000 -0.380925 1.808355
647.000000 0.140077 0.634517
648.000000 -0.644052 1.097319
649.000000 0.111135 0.871011
650.000000 0.056157 1.176628
651.000000 -0.253676 0.909782
652.000000 -0.073456 1.069377
653.000000 -0.526645 0.808673
654.000000 -0.179309 0.762632
655.000000 -0.407555 0.511170
656.000000 -0.012185 0.534562
657.000000 0.117504 1.116222
658.000000 -0.025661 0.727475
659.000000 -0.265311 1.106722
660.000000 -0.013948 0.849378
661.000000 -0.131310 0.683837
662.000000 0.163547 0.630445
663.000000 -0.122490 0.476400
664.000000 0.180940 0.993936
665.000000 0.078978 0.618895
666.000000 0.105997 1.004247
667.000000 -0.006329 1.017943
668.000000 0.226931 0.898818
669.000000 -0.161699 0.916958
670.000000 0.196578 0.949826
671.000000 0.460937 1.076596
672.000000 0.094737 1.183408
673.000000 0.716328 1.307561
674.000000 0.168161 0.725080
675.000000 0.190351 1.189112
676.000000 0.562849 1.286584
677.000000 0.244369 0.526581
678.000000 0.323675 0.849872
679.000000 -0.082076 0.958883
680.000000 0.412429 1.496222
681.000000 0.496196 1.617691
682.000000 0.396123 1.061671
683.000000 0.548439 0.751659
684.000000 0.253966 1.193569
685.000000 0.169938 0.461432
686.000000 0.372153 1.107011
687.000000 0.547211 1.259171
688.000000 0.312502 0.753668
689.000000 0.333573 0.890658
690.000000 0.566135 1.236259
691.000000 0.333219 1.617644
692.000000 0.420132 1.667780
693.000000 0.304543 0.927211
694.000000 0.049396 1.291684
695.000000 -0.091000 1.832912
696.000000 0.177479 1.409662
697.000000 0.421975 0.721487
698.000000 0.181058 1.252457
699.000000 0.306643 1.587574
700.000000 0.560497 1.749384
701.000000 0.162655 0.993210
702.000000 0.216444 2.024859
703.000000 0.437002 1.238230
704.000000 0.266713 0.867390
705.000000 0.445025 0.643405
706.000000 0.086314 0.627048
707.000000 -0.098132 0.849489
708.000000 0.132699 0.882797
709.000000 0.337036 1.518697
710.000000 0.113776 1.336182
711.000000 -0.060124 0.410436
712.000000 0.062573 1.366690
713.000000 0.730333 0.981920
714.000000 0.154340 0.334974
715.000000 0.113044 0.544637
716.000000 0.372274 1.092494
717.000000 -0.198455 0.765068
718.000000 0.205728 1.205017
719.000000 -0.474114 0.920214
720.000000 -0.128576 0.855307
721.000000 0.217448 0.879618
722.000000 0.227000 0.421649
723.000000 0.101164 0.569379
724.000000 0.214967 0.787721
725.000000 0.109564 0.872615
726.000000 0.272326 0.619302
727.000000 0.025103 1.480519
728.000000 0.165870 0.961847
729.000000 -0.164274 0.965606
730.000000 0.026144 1.119990
731.000000 -0.152095 0.719195
732.000000 0.181193 0.285706
733.000000 0.112493 1.254383
734.000000 -0.873367 1.464724
735.000000 -0.585836 1.207692
736.000000 -0.327861 0.772180
737.000000 0.340532 0.877125
738.000000 0.211695 0.567852
739.000000 0.188847 1.224342
740.000000 0.253305 1.236040
741.000000 0.126659 0.717094
742.000000 0.219460 0.970495
743.000000 -0.098763 0.550158
744.000000 0.404157 0.965391
745.000000 0.165744 0.445421
746.000000 0.166866 0.933269
747.000000 -0.378160 0.819596
748.000000 0.094967 0.575689
749.000000 0.399898 1.075212
750.000000 0.202391 0.472893
751.000000 0.541350 1.198219
752.000000 0.016671 0.652424
753.000000 0.369062 0.776625
754.000000 0.333305 0.952025
755.000000 0.466462 0.907463
756.000000 0.037430 0.905373
757.000000 -0.034272 1.663756
758.000000 -0.371130 1.401927
759.000000 0.027627 0.309218
760.000000 0.100595 0.776868
761.000000 0.213180 1.299160
762.000000 0.084975 1.027536
763.000000 0.099739 1.141854
764.000000 0.052471 1.866276
765.000000 0.348197 1.219320
766.000000 0.122075 1.112921
767.000000 0.214813 1.504643
768.000000 -0.550202 0.879039
769.000000 0.387205 0.810782
770.000000 -0.010041 1.372535
771.000000 0.206111 0.644022
772.000000 0.094029 0.883547
773.000000 -0.440574 0.917995
774.000000 -0.004783 0.932964
775.000000 -0.062620 1.574012
776.000000 -0.324897 0.708657
777.000000 -0.398880 1.366400
778.000000 -0.109552 1.506287
779.000000 -0.184305 0.514920
780.000000 -0.099964 0.311362
781.000000 0.275973 1.241521
782.000000 0.129965 0.893084
783.000000 0.263550 1.122187
784.000000 -0.116191 1.186406
785.000000 -0.347689 1.028382
786.000000 0.186830 0.855282
787.000000 0.015317 1.499192
788.000000 0.333356 1.430990
789.000000 0.130029 0.837998
790.000000 0.196359 1.602745
791.000000 -0.157200 0.843329
792.000000 0.334028 1.560639
793.000000 0.288871 1.694440
794.000000 -0.123091 0.726803
795.000000 -0.119268 2.132236
796.000000 -0.000617 1.664483
797.000000 -0.059745 1.215589
798.000000 0.020436 0.831830
799.000000 -0.171452 1.056569
800.000000 0.252301 1.680818
801.000000 0.113483 0.743359
802.000000 0.488164 1.685515
803.000000 -0.157056 1.029965
804.000000 0.159114 0.797590
805.000000 -0.277879 1.159748
806.000000 0.064714 0.594120
807.000000 -0.024007 1.321036
808.000000 -0.135291 0.650960
809.000000 0.328529 1.359714
810.000000 0.143318 1.236088
811.000000 -0.140931 1.053068
812.000000 -0.000505 0.395911
813.000000 0.029284 1.611600
814.000000 0.529016 0.894652
815.000000 0.126289 1.078134
816.000000 -0.080317 0.870179
817.000000 0.320648 0.855837
818.000000 0.474835 1.345771
819.000000 0.179065 0.799659
820.000000 -0.097946 1.975838
821.000000 0.224279 1.613883
822.000000 -0.144816 0.601731
823.000000 -0.103959 1.266336
824.000000 0.013824 0.665151
825.000000 0.020049 1.270442
826.000000 0.319106 0.877677
827.000000 0.395821 1.126838
828.000000 0.191004 1.037902
829.000000 0.260274 0.529069
830.000000 0.369201 1.842765
831.000000 0.095874 0.951665
832.000000 -0.128885 2.118719
833.000000 0.103361 1.026181
834.000000 -0.179067 0.855277
835.000000 -0.120144 1.104421
836.000000 -0.067468 0.426749
837.000000 -0.124496 0.999045
838.000000 0.520777 1.301521
839.000000 0.317973 1.054768
840.000000 0.070352 1.376105
841.000000 0.417714 0.992951
842.000000 0.081400 0.862637
843.000000 -0.058557 1.157291
844.000000 0.171372 0.627333
845.000000 0.392468 1.744153
846.000000 0.022325 1.194665
847.000000 0.170235 1.293557
848.000000 0.264131 1.231549
849.000000 0.241419 0.602722
850.000000 0.077039 1.193825
851.000000 0.340595 0.926379
852.000000 0.064637 0.720240
853.000000 0.004423 0.339731
854.000000 0.072355 0.727896
855.000000 0.456007 0.936715
856.000000 0.129577 0.739589
857.000000 0.405493 0.825554
858.000000 0.400992 0.818996
859.000000 0.438823 1.263279
860.000000 0.844498 1.053231
861.000000 0.350168 0.557165
862.000000 0.386427 0.702267
863.000000 0.497466 0.636972
864.000000 -0.181438 0.791374
865.000000 0.322881 1.580647
866.000000 -0.023953 0.642277
867.000000 0.198550 1.214748
868.000000 -0.025386 0.753637
869.000000 -0.306827 1.268608
870.000000 0.190549 1.059514
871.000000 0.168594 0.768974
872.000000 -0.037573 0.696112
873.000000 0.127200 1.361347
874.000000 0.221862 0.836446
875.000000 0.359923 1.525641
876.000000 0.190988 1.045431
877.000000 -0.451946 1.004171
878.000000 -0.018420 1.236752
879.000000 0.344760 1.245079
880.000000 0.433915 2.071952
881.000000 0.150196 1.063406
882.000000 0.607150 1.242680
883.000000 0.682069 1.147484
884.000000 -0.135207 0.511718
885.000000 0.219515 0.996857
886.000000 0.554218 0.757524
887.000000 0.258736 1.419695
888.000000 0.525033 0.948226
889.000000 0.094786 1.025822
890.000000 0.007944 0.747864
891.000000 -0.172390 0.601687
892.000000 0.141397 1.412499
893.000000 0.378459 0.939947
894.000000 0.286936 1.523734
895.000000 0.283191 0.913601
896.000000 -0.249338 1.110697
897.000000 0.145487 0.964356
898.000000 0.323870 1.036097
899.000000 -0.149283 1.593672
900.000000 -0.393836 1.418879
901.000000 -0.001342 0.486100
902.000000 0.179942 0.938905
903.000000 -0.072539 0.622800
904.000000 0.354604 0.873091
905.000000 0.513576 1.163057
906.000000 -0.008687 0.772583
907.000000 0.052272 0.808419
908.000000 -0.032631 0.586286
909.000000 0.039484 0.356343
910.000000 0.067898 0.415437
911.000000 0.275061 1.539695
912.000000 0.168079 1.090540
913.000000 0.342817 0.841140
914.000000 0.167178 0.276592
915.000000 0.136251 0.375550
916.000000 0.221914 0.392209
917.000000 0.244147 1.112146
918.000000 0.253148 0.568810
919.000000 0.423488 1.378515
920.000000 0.666104 1.343685
921.000000 0.383093 0.872791
922.000000 0.412398 1.256608
923.000000 0.330297 0.824645
924.000000 0.293716 0.512932
925.000000 0.117385 1.022359
926.000000 0.708189 1.362488
927.000000 0.270851 0.876220
928.000000 0.354011 1.145510
929.000000 0.202367 1.157304
930.000000 -0.164740 0.744188
931.000000 0.109158 0.889951
932.000000 0.378106 0.734270
933.000000 0.287320 1.372740
934.000000 0.005614 0.929013
935.000000 0.725835 1.207309
936.000000 -0.140610 0.994698
937.000000 -0.042236 0.563188
938.000000 0.031638 1.224474
939.000000 0.221067 0.735263
940.000000 0.131634 1.092137
941.000000 0.102274 0.821537
942.000000 -0.196543 1.143975
943.000000 0.349113 1.388276
944.000000 -0.225349 1.160296
945.000000 -0.261724 0.913398
946.000000 0.000631 1.282423
947.000000 -0.573089 1.033823
948.000000 -0.453178 1.252158
949.000000 0.042855 1.275805
950.000000 -0.206671 1.089899
951.000000 -0.028483 1.371548
952.000000 -0.095777 0.954700
953.000000 0.085774 0.751490
954.000000 -0.221974 0.806219
955.000000 0.151434 0.679263
956.000000 -0.031857 1.320763
957.000000 0.083804 0.871681
958.000000 0.118876 1.390817
959.000000 -0.087629 0.685628
960.000000 0.189927 1.047896
961.000000 -0.066684 0.801334
962.000000 -0.033249 0.673326
963.000000 0.070154 1.138104
964.000000 0.137771 0.703224
965.000000 0.087446 0.431978
966.000000 0.059232 0.574248
967.000000 -0.042112 1.316767
968.000000 0.392999 2.043462
969.000000 0.281524 1.491975
970.000000 0.316997 1.016890
971.000000 0.201972 1.430581
972.000000 0.227643 1.615015
973.000000 0.514420 1.365932
974.000000 0.357825 0.593412
975.000000 0.045445 0.963251
976.000000 0.292616 1.152391
977.000000 0.112211 1.157114
978.000000 0.189904 0.961784
979.000000 0.151248 0.506910
980.000000 0.278649 1.246875
981.000000 0.212379 1.200453
982.000000 0.612851 1.355023
983.000000 -0.064841 1.126340
984.000000 0.069466 1.554922
985.000000 0.275003 0.996229
986.000000 0.402747 0.939643
987.000000 0.404857 1.128348
988.000000 0.270116 0.491201
989.000000 0.354691 1.133707
990.000000 0.518222 1.437239
991.000000 0.257424 0.771444
992.000000 0.116726 0.897992
993.000000 -0.082001 1.360333
994.000000 0.166004 1.371984
995.000000 -0.100619 0.284824
996.000000 -0.301009 0.871374
997.000000 -0.151602 0.639144
998.000000 -0.002551 0.383598
999.000000 0.007673 0.188316
1000.000000 0.213945 0.990858
1001.000000 0.094593 0.990394
1002.000000 0.145214 1.306124
1003.000000 0.049762 0.807943
1004.000000 0.384303 1.785745
1005.000000 -0.194763 0.772152
1006.000000 0.011768 0.744071
1007.000000 -0.040779 0.865789
1008.000000 -0.131655 1.525817
1009.000000 -0.075921 0.535371
1010.000000 -0.201902 1.240392
1011.000000 -0.215769 0.796688
1012.000000 -0.411610 1.214456
1013.000000 -0.175770 0.437849
1014.000000 -0.419001 1.055032
1015.000000 -0.501215 0.670711
1016.000000 0.017825 0.528506
1017.000000 -0.002082 0.310402
1018.000000 -0.311868 1.046189
1019.000000 -0.310075 1.204962
1020.000000 -0.232511 0.421008
1021.000000 -0.229779 1.037544
1022.000000 -0.145899 0.559925
1023.000000 -0.161485 0.842091
1024.000000 0.306552 0.626836
1025.000000 -0.158611 0.817587
1026.000000 -0.198540 0.879493
1027.000000 0.232844 0.919519
1028.000000 0.092274 0.729328
1029.000000 -0.111592 0.814214
1030.000000 0.299817 0.872731
1031.000000 0.375659 0.817219
1032.000000 0.008491 0.455252
1033.000000 0.250951 0.841654
1034.000000 0.139479 0.399398
1035.000000 -0.052526 0.966469
1036.000000 -0.231921 0.709569
1037.000000 0.035625 1.118023
1038.000000 -0.115962 0.847398
1039.000000 0.253088 0.427695
1040.000000 0.173924 0.792326
1041.000000 -0.116794 1.416621
1042.000000 0.159350 0.551231
1043.000000 -0.131772 0.826853
1044.000000 0.215757 0.479849
1045.000000 0.213228 0.625832
1046.000000 0.022244 0.797115
1047.000000 0.143899 0.872329
1048.000000 0.121191 1.245043
1049.000000 0.265865 1.679547
1050.000000 -0.227949 0.696756
1051.000000 0.395847 1.457363
1052.000000 -0.170391 0.785042
1053.000000 -0.017936 0.821568
1054.000000 0.070334 0.856577
1055.000000 -0.193904 1.232890
1056.000000 -0.385104 1.449678
1057.000000 -0.421867 1.623452
1058.000000 -0.496899 1.683603
1059.000000 -0.482621 1.089898
1060.000000 0.121383 1.511748
1061.000000 -0.292698 1.172483
1062.000000 -0.267507 1.123023
1063.000000 -0.085085 0.831408
1064.000000 0.243953 0.794702
1065.000000 0.165868 1.051373
1066.000000 -0.101714 0.286451
1067.000000 0.288228 1.012059
1068.000000 0.637819 1.543146
1069.000000 0.233689 1.530501
1070.000000 0.473123 1.626286
1071.000000 0.238946 0.744150
1072.000000 0.531195 0.891689
1073.000000 0.435761 1.274991
1074.000000 0.212707 0.593666
1075.000000 0.470670 1.339206
1076.000000 0.426988 1.317259
1077.000000 0.342881 0.964822
1078.000000 0.206280 1.067447
1079.000000 0.212202 1.349138
1080.000000 0.157331 1.188520
1081.000000 0.234869 1.362138
1082.000000 0.200818 0.703181
1083.000000 0.249356 0.942896
1084.000000 0.309922 0.903529
1085.000000 0.466725 1.293478
1086.000000 0.079729 1.571571
1087.000000 0.179158 1.091394
1088.000000 0.235241 0.999140
1089.000000 0.531502 0.651811
1090.000000 0.237552 1.347517
1091.000000 0.160124 0.883422
1092.000000 -0.138075 1.049064
1093.000000 0.692344 1.071368
1094.000000 0.672292 0.899142
1095.000000 0.728972 1.556250
1096.000000 0.230996 1.334399
1097.000000 -0.092306 0.843145
1098.000000 0.103237 0.900677
1099.000000 0.778776 1.885782
1100.000000 0.505097 0.937526
1101.000000 0.292062 0.752659
1102.000000 0.249653 0.679950
1103.000000 0.176961 1.211665
1104.000000 0.309440 1.097245
1105.000000 0.093494 0.781511
1106.000000 0.207424 1.500709
1107.000000 0.221946 1.409784
1108.000000 -0.162125 1.363710
1109.000000 0.053781 0.423941
1110.000000 -0.276991 1.190052
1111.000000 0.037126 0.688337
1112.000000 -0.221269 1.030916
1113.000000 0.081265 0.836973
1114.000000 0.268747 0.860189
1115.000000 0.318717 1.382017
1116.000000 0.463317 0.857454
1117.000000 -0.025279 0.487696
1118.000000 -0.214608 1.162639
1119.000000 0.067729 1.716339
1120.000000 0.165277 0.847794
1121.000000 0.039899 1.599398
1122.000000 -0.017787 0.798873
1123.000000 0.079792 0.721905
1124.000000 -0.074215 0.878795
1125.000000 0.182173 0.769419
1126.000000 0.228211 0.851320
1127.000000 -0.375323 0.946246
1128.000000 0.090074 1.254803
1129.000000 -0.215783 0.846458
1130.000000 0.214645 0.904810
1131.000000 -0.073806 0.822308
1132.000000 0.106206 0.779927
1133.000000 0.147343 0.819017
1134.000000 0.228489 1.648493
1135.000000 0.004472 0.553096
1136.000000 0.193507 0.632922
1137.000000 0.215185 1.006358
1138.000000 -0.001516 0.829157
1139.000000 0.248093 0.991923
1140.000000 0.267132 1.752820
1141.000000 0.178576 1.000128
1142.000000 -0.090447 1.003743
1143.000000 0.024297 1.005616
1144.000000 0.378342 0.642065
1145.000000 0.341188 1.094140
1146.000000 0.712378 1.141145
1147.000000 -0.014520 0.371088
1148.000000 0.114826 1.160892
1149.000000 0.140386 0.878664
1150.000000 0.092774 0.886309
1151.000000 0.154547 0.943698
1152.000000 -0.161194 1.088798
1153.000000 0.331598 1.398974
1154.000000 0.234056 1.332276
1155.000000 0.018575 0.661114
1156.000000 0.057250 1.109205
1157.000000 -0.049089 0.843265
1158.000000 0.078179 1.370055
1159.000000 0.282162 0.889872
1160.000000 0.526793 0.941764
1161.000000 0.541205 1.189119
1162.000000 0.148443 1.177395
1163.000000 0.146236 0.565300
1164.000000 -0.025305 1.000574
1165.000000 0.390476 1.484869
1166.000000 0.670668 1.494067
1167.000000 0.301092 1.415361
1168.000000 0.403924 0.706053
1169.000000 0.243177 1.015754
1170.000000 0.413003 1.195403
1171.000000 0.179678 0.676398
1172.000000 0.197820 1.154323
1173.000000 0.062669 0.712815
1174.000000 0.584573 1.852419
1175.000000 0.230494 1.021685
1176.000000 0.146943 1.071728
1177.000000 0.245559 1.182136
1178.000000 0.661099 1.697309
1179.000000 -0.020847 0.238459
1180.000000 0.570690 1.369854
1181.000000 0.434409 0.703143
1182.000000 0.122050 1.056508
1183.000000 0.622564 1.767761
1184.000000 0.457228 0.591588
1185.000000 0.388041 0.973194
1186.000000 0.250117 0.837663
1187.000000 0.631926 1.329479
1188.000000 0.485315 1.559093
1189.000000 0.194053 1.131663
1190.000000 0.223026 1.121014
1191.000000 0.200882 1.039118
1192.000000 0.071280 1.080147
1193.000000 0.122555 1.343945
1194.000000 0.257686 1.155998
1195.000000 0.020385 1.044446
1196.000000 0.132331 1.131619
1197.000000 -0.044501 1.745166
1198.000000 -0.270558 1.330229
1199.000000 0.008367 0.847023
1200.000000 -0.145242 0.442705
1201.000000 0.224232 1.355542
1202.000000 0.068160 0.647947
1203.000000 -0.028920 1.111538
1204.000000 -0.454762 1.104000
1205.000000 0.022595 0.516371
1206.000000 0.003652 0.232869
1207.000000 0.012850 0.219940
1208.000000 0.253375 1.273937
1209.000000 0.081720 0.527360
1210.000000 0.410131 1.482616
1211.000000 0.290092 0.876021
1212.000000 -0.022853 0.882586
1213.000000 -0.176814 1.301824
1214.000000 0.343232 0.731487
1215.000000 0.187431 1.330957
1216.000000 0.173359 1.338702
1217.000000 0.018211 0.699338
1218.000000 0.332279 0.843766
1219.000000 -0.000381 0.409277
1220.000000 0.103434 0.755660
1221.000000 -0.080474 1.460179
1222.000000 0.242018 1.124482
1223.000000 0.279976 1.256933
1224.000000 0.096295 1.237227
1225.000000 -0.103404 1.115969
1226.000000 0.152352 0.690248
1227.000000 0.071124 0.567074
1228.000000 0.194003 0.765481
1229.000000 0.398636 1.319583
1230.000000 0.340189 0.998402
1231.000000 0.489525 1.223000
1232.000000 0.592992 1.017812
1233.000000 0.421669 0.878815
1234.000000 0.367911 0.753347
1235.000000 0.327348 1.019043
1236.000000 0.274191 0.849228
1237.000000 0.060180 1.041503
1238.000000 -0.139247 0.459419
1239.000000 0.079473 1.481498
1240.000000 0.118338 1.128724
1241.000000 0.251617 1.830238
1242.000000 0.248010 1.840582
1243.000000 -0.191630 1.228164
1244.000000 0.045918 1.114362
1245.000000 -0.372796 1.254460
1246.000000 0.067043 0.348214
1247.000000 0.139119 1.553024
1248.000000 -0.115480 1.145461
1249.000000 -0.663358 1.517645
1250.000000 -0.147797 1.550926
1251.000000 -0.403968 1.146510
1252.000000 -0.111388 0.515640
1253.000000 0.357881 0.852842
1254.000000 -0.063668 0.441254
1255.000000 -0.311665 1.149013
1256.000000 0.004815 0.769042
1257.000000 -0.182857 0.969817
1258.000000 -0.019137 1.215153
1259.000000 0.254422 1.334719
1260.000000 0.330739 1.504820
1261.000000 0.282955 1.164020
1262.000000 0.162445 0.674505
1263.000000 0.153638 0.855648
1264.000000 0.576593 0.863400
1265.000000 0.094971 0.908822
1266.000000 0.162432 0.795129
1267.000000 0.172568 1.073822
1268.000000 0.306592 0.668597
1269.000000 0.086191 1.108204
1270.000000 0.253145 1.047312
1271.000000 0.387556 0.385695
1272.000000 0.352816 1.036834
1273.000000 -0.208393 1.180354
1274.000000 -0.194120 2.100918
1275.000000 0.060522 0.694776
1276.000000 -0.027539 1.253815
1277.000000 0.320916 1.559502
1278.000000 -0.248779 1.540224
1279.000000 -0.351072 1.672902
1280.000000 -0.153198 0.735916
1281.000000 -0.158713 0.942542
1282.000000 0.013610 1.097065
1283.000000 -0.211204 0.586823
1284.000000 0.058780 0.714156
1285.000000 -0.274768 0.987407
1286.000000 0.034541 1.358827
1287.000000 0.216773 0.531730
1288.000000 0.120374 1.416733
1289.000000 0.394153 1.599528
1290.000000 0.347667 0.882761
1291.000000 0.388398 1.464498
1292.000000 0.161472 1.542284
1293.000000 0.161602 0.927630
1294.000000 0.240062 0.953311
1295.000000 -0.140836 1.753517
1296.000000 0.319757 0.971113
1297.000000 0.638411 1.205642
1298.000000 0.490070 0.786923
1299.000000 0.540836 1.332811
1300.000000 0.470702 1.462403
1301.000000 0.393118 1.124983
1302.000000 0.139123 1.011994
1303.000000 0.478330 0.895307
1304.000000 0.562581 1.480209
1305.000000 0.276997 0.792917
1306.000000 0.171806 0.745383
1307.000000 0.186121 0.917692
1308.000000 -0.236633 0.478400
1309.000000 -0.122275 0.227416
1310.000000 0.505340 0.848061
1311.000000 0.248873 0.739482
1312.000000 0.147115 0.714350
1313.000000 0.100407 0.948633
1314.000000 0.080184 0.350916
1315.000000 0.056526 1.469910
1316.000000 0.204337 0.524821
1317.000000 0.461457 0.819772
1318.000000 0.327004 0.994468
1319.000000 0.001330 1.265001
1320.000000 0.575716 1.495168
1321.000000 0.366965 1.302941
1322.000000 0.384249 0.840949
1323.000000 0.420999 0.642627
1324.000000 0.568200 1.261805
1325.000000 0.338060 0.774830
1326.000000 0.381117 1.211653
1327.000000 0.533591 0.803269
1328.000000 0.229144 1.392394
1329.000000 0.117553 0.617651
1330.000000 0.193841 1.044875
1331.000000 0.183450 1.035660
1332.000000 -0.226522 1.112778
1333.000000 -0.137109 1.429301
1334.000000 0.091810 1.130529
1335.000000 -0.195320 1.158967
1336.000000 -0.277767 0.987171
1337.000000 0.330776 0.867588
1338.000000 0.110651 1.528130
1339.000000 0.229367 0.261800
1340.000000 -0.420360 1.029411
1341.000000 -0.007562 1.148084
1342.000000 -0.033421 0.273241
1343.000000 0.060150 1.091584
1344.000000 0.378132 1.003388
1345.000000 0.075000 0.913607
1346.000000 0.213762 0.902068
1347.000000 -0.210674 1.933491
1348.000000 -0.191302 1.639797
1349.000000 -0.108910 1.771371
1350.000000 -0.429060 0.625909
1351.000000 0.059391 0.618748
1352.000000 0.128393 0.937525
1353.000000 0.125441 1.069482
1354.000000 -0.095814 0.843772
1355.000000 -0.002679 0.802777
1356.000000 -0.146723 1.272031
1357.000000 -0.165241 1.336046
1358.000000 0.454934 1.797134
1359.000000 0.189765 2.500466
1360.000000 0.015421 0.927852
1361.000000 0.155522 1.650409
1362.000000 0.017037 0.289900
1363.000000 0.153200 1.693689
1364.000000 0.252720 2.146852
1365.000000 0.078628 1.093851
1366.000000 0.221402 0.999819
1367.000000 0.328348 0.911145
1368.000000 -0.409019 1.164049
1369.000000 -0.170221 0.932940
1370.000000 -0.356337 1.451463
1371.000000 -0.108145 0.644382
1372.000000 0.214135 1.291943
1373.000000 0.242195 0.783155
1374.000000 0.256978 1.771904
1375.000000 0.384916 2.219276
1376.000000 -0.026534 0.848895
1377.000000 -0.218345 1.013560
1378.000000 0.145756 0.601651
1379.000000 0.150104 0.987803
1380.000000 0.043677 0.881475
1381.000000 0.195730 0.884247
1382.000000 -0.177736 1.352227
1383.000000 0.339942 0.931964
1384.000000 -0.060842 0.621135
1385.000000 0.175312 0.940962
1386.000000 -0.097171 1.821461
1387.000000 0.366606 1.157046
1388.000000 0.600089 0.872160
1389.000000 0.291695 1.325605
1390.000000 0.171474 0.754011
1391.000000 0.423117 1.170181
1392.000000 -0.010727 0.824963
1393.000000 0.227205 0.959789
1394.000000 0.295410 0.295442
1395.000000 0.019558 1.019271
1396.000000 0.126566 0.981198
1397.000000 0.229088 0.762812
1398.000000 0.252299 0.877276
1399.000000 0.109052 1.085037
1400.000000 0.007221 1.162641
1401.000000 0.502839 2.239221
1402.000000 0.163992 1.719446
1403.000000 0.055284 1.481555
1404.000000 0.193753 0.958157
1405.000000 0.176266 0.797121
1406.000000 0.061868 1.109607
1407.000000 -0.234337 1.970458
1408.000000 0.138571 1.351918
1409.000000 -0.067592 0.679202
1410.000000 0.242173 1.235803
1411.000000 -0.175802 1.212744
1412.000000 0.055052 1.396287
1413.000000 -0.249455 1.023846
1414.000000 -0.463082 0.819700
1415.000000 -0.077737 0.829188
1416.000000 0.075697 0.483347
1417.000000 0.313293 0.948886
1418.000000 0.264634 0.721436
1419.000000 0.309604 0.791213
1420.000000 0.400747 1.319992
1421.000000 0.373067 1.186980
1422.000000 0.330195 1.000500
1423.000000 0.119139 1.042796
1424.000000 0.790270 1.366436
1425.000000 0.692003 0.967383
1426.000000 0.254900 1.198871
1427.000000 -0.048232 0.424619
1428.000000 0.070536 0.451171
1429.000000 0.260964 0.454844
1430.000000 0.363873 0.852732
1431.000000 -0.016587 1.075070
1432.000000 0.514735 0.843525
1433.000000 0.524540 1.333623
1434.000000 -0.047220 0.696896
1435.000000 -0.064093 0.560217
1436.000000 -0.046430 0.866687
1437.000000 -0.312508 1.040078
1438.000000 -0.025420 0.606855
1439.000000 -0.098298 0.465032
1440.000000 -0.302170 0.543207
1441.000000 0.133419 0.755722
1442.000000 0.320064 0.658234
1443.000000 0.344541 0.442822
1444.000000 0.347186 0.864935
1445.000000 0.485590 1.110251
1446.000000 0.469375 0.820450
1447.000000 0.383264 0.872969
1448.000000 0.075772 1.257724
1449.000000 0.413872 1.115131
1450.000000 0.237375 0.851062
1451.000000 0.355825 0.943522
1452.000000 0.077048 0.840890
1453.000000 0.115101 0.944883
1454.000000 0.057678 0.891923
1455.000000 -0.251621 0.742510
1456.000000 -0.072821 0.529156
1457.000000 0.149878 0.728206
1458.000000 -0.027895 0.691839
1459.000000 0.104920 0.548489
1460.000000 -0.069250 1.317359
1461.000000 0.383251 0.755828
1462.000000 0.155299 0.561938
1463.000000 0.313378 1.378473
1464.000000 0.395035 0.939713
1465.000000 0.478162 1.336181
1466.000000 0.347691 0.594399
1467.000000 0.186555 1.329875
1468.000000 0.420109 0.852475
1469.000000 0.386294 0.673981
1470.000000 0.345111 0.571286
1471.000000 0.747225 1.563812
1472.000000 0.206078 1.506284
1473.000000 0.405742 1.529840
1474.000000 0.490977 1.166691
1475.000000 0.076834 1.334736
1476.000000 0.253868 1.486911
1477.000000 0.363671 1.217069
1478.000000 0.788199 0.875183
1479.000000 0.356624 0.682191
1480.000000 0.124109 1.555186
1481.000000 0.223911 0.886876
1482.000000 0.469152 2.352271
1483.000000 0.592542 1.000052
1484.000000 0.526524 1.258402
1485.000000 0.383208 0.937942
1486.000000 0.350859 1.147774
1487.000000 0.176218 1.136914
1488.000000 0.223958 0.771436
1489.000000 0.274223 0.730648
1490.000000 0.139512 0.862215
1491.000000 -0.029443 0.553765
1492.000000 0.475124 0.891756
1493.000000 -0.008018 0.680711
1494.000000 0.444276 1.189330
1495.000000 0.451935 1.643432
1496.000000 0.243226 1.083002
1497.000000 0.357655 1.660647
1498.000000 0.234935 0.421168
1499.000000 0.584251 1.012634
1500.000000 0.350618 0.765244
1501.000000 0.039852 0.549361
1502.000000 0.426078 0.996746
1503.000000 0.115352 1.597886
1504.000000 0.640961 1.397315
1505.000000 0.424731 1.091733
1506.000000 -0.086350 0.808124
1507.000000 0.322475 1.647711
1508.000000 0.141917 1.350123
1509.000000 0.140578 1.621839
1510.000000 0.040893 1.482714
1511.000000 0.405386 1.412890
1512.000000 0.534848 1.438078
1513.000000 -0.092961 0.895855
1514.000000 -0.096732 0.873218
1515.000000 0.295685 0.798228
1516.000000 0.111340 1.091752
1517.000000 -0.316611 0.846488
1518.000000 0.690954 1.221812
1519.000000 0.203201 1.374049
1520.000000 0.074874 1.384030
1521.000000 -0.069453 0.601045
1522.000000 -0.199724 0.755860
1523.000000 0.212917 0.960129
1524.000000 0.416901 0.805327
1525.000000 0.317008 0.978180
1526.000000 0.513413 1.526656
1527.000000 0.197022 1.065333
1528.000000 -0.028095 0.672122
1529.000000 0.100774 1.430098
1530.000000 -0.074780 0.747847
1531.000000 0.358866 0.807218
1532.000000 0.574609 1.607343
1533.000000 -0.050594 0.545374
1534.000000 -0.140681 1.188082
1535.000000 0.422932 1.733224
1536.000000 0.291350 1.935296
1537.000000 0.815436 1.014174
1538.000000 0.488407 0.998766
1539.000000 0.434719 0.990945
1540.000000 0.289390 1.120250
1541.000000 0.304269 1.421765
1542.000000 0.012101 1.252822
1543.000000 0.471225 1.614523
1544.000000 0.335049 1.131511
1545.000000 0.412993 1.281960
1546.000000 0.060636 1.597015
1547.000000 0.411361 1.277313
1548.000000 0.546175 1.372091
1549.000000 0.017630 1.330368
1550.000000 0.065856 0.515579
1551.000000 0.348052 0.728245
1552.000000 0.182678 0.552304
1553.000000 0.077332 0.642893
1554.000000 -0.240887 1.328008
1555.000000 -0.118474 1.267712
1556.000000 0.220162 0.714295
1557.000000 0.245487 0.774028
1558.000000 0.357276 1.148535
1559.000000 0.668835 0.977635
1560.000000 0.303207 0.673258
1561.000000 0.547300 0.694817
1562.000000 0.335763 0.581023
1563.000000 0.202706 0.576843
1564.000000 -0.078194 0.386472
1565.000000 0.070672 0.573112
1566.000000 0.381507 1.182475
1567.000000 0.351344 1.368391
1568.000000 0.118158 0.983935
1569.000000 0.580218 1.389730
1570.000000 0.321176 1.009019
1571.000000 0.404018 1.048925
1572.000000 0.182078 0.570187
1573.000000 -0.529030 0.910691
1574.000000 0.026392 0.813628
1575.000000 0.148595 0.390153
1576.000000 0.387713 0.838974
1577.000000 0.651926 1.573275
1578.000000 0.371928 0.598703
1579.000000 0.061842 0.922175
1580.000000 0.345010 1.371877
1581.000000 0.075491 0.602913
1582.000000 0.158942 0.738098
1583.000000 0.455812 0.730293
1584.000000 0.467021 0.749818
1585.000000 0.384466 1.403348
1586.000000 0.113385 0.528627
1587.000000 0.361826 0.654309
1588.000000 0.472761 1.269688
1589.000000 0.206003 1.606774
1590.000000 -0.188100 1.563857
1591.000000 0.084261 0.849197
1592.000000 0.377270 1.067408
1593.000000 0.629105 1.771702
1594.000000 0.348458 0.998305
1595.000000 0.128962 1.016953
1596.000000 0.327169 0.895352
1597.000000 0.283852 1.041813
1598.000000 0.426290 0.986263
1599.000000 -0.097751 1.304464
1600.000000 0.139952 1.181047
1601.000000 0.473575 1.157951
1602.000000 0.364410 1.219007
1603.000000 0.642206 1.717251
1604.000000 0.032881 0.557650
1605.000000 0.319590 0.891722
1606.000000 0.698862 1.596382
1607.000000 0.133913 1.380007
1608.000000 0.135468 1.179506
1609.000000 0.457646 1.064131
1610.000000 0.061202 0.759520
1611.000000 0.187221 0.852415
1612.000000 0.358177 0.779300
1613.000000 0.468584 1.423408
1614.000000 0.350305 1.063354
1615.000000 0.415771 1.012789
1616.000000 0.532933 0.860658
1617.000000 0.515093 0.678937
1618.000000 0.325241 0.527859
1619.000000 0.121900 0.758746
1620.000000 0.518884 1.171030
1621.000000 0.423751 0.879182
1622.000000 0.155430 1.311345
1623.000000 0.034872 1.233683
1624.000000 0.127345 1.022086
1625.000000 0.150124 0.964310
1626.000000 0.277661 0.708507
1627.000000 -0.038924 0.887622
1628.000000 0.247268 0.769589
1629.000000 0.319991 0.843264
1630.000000 -0.164053 1.302752
1631.000000 0.015446 0.906986
1632.000000 -0.333810 0.545660
1633.000000 0.279567 0.517339
1634.000000 0.311092 0.913652
1635.000000 -0.107834 0.779972
1636.000000 0.155410 0.535522
1637.000000 0.221362 0.484732
1638.000000 0.124749 0.432160
1639.000000 0.035619 1.514920
1640.000000 0.367036 1.370938
1641.000000 0.110344 0.752667
1642.000000 0.321524 0.894349
1643.000000 0.543337 1.242030
1644.000000 0.597904 1.066694
1645.000000 0.419369 0.594253
1646.000000 0.465336 1.196737
1647.000000 0.377597 0.831539
1648.000000 0.569268 1.200359
1649.000000 0.138831 0.963570
1650.000000 0.236294 0.321003
1651.000000 0.178289 1.079973
1652.000000 0.512279 0.950643
1653.000000 0.554607 0.985837
1654.000000 0.470029 0.935953
1655.000000 0.452759 0.777426
1656.000000 0.283621 0.459021
1657.000000 0.513523 1.419315
1658.000000 0.344938 1.303699
1659.000000 0.046249 0.858830
1660.000000 0.279485 0.342208
1661.000000 0.618627 1.091262
1662.000000 0.675638 1.061020
1663.000000 0.091830 0.853890
1664.000000 0.230518 1.674040
1665.000000 0.382286 0.776630
1666.000000 -0.119466 1.538013
1667.000000 -0.208746 0.706081
1668.000000 -0.140144 1.540271
1669.000000 0.300572 0.808838
1670.000000 0.087562 0.848678
1671.000000 0.177562 1.365894
1672.000000 0.473191 1.782114
1673.000000 0.147413 1.331106
1674.000000 -0.038696 1.154099
1675.000000 0.288714 0.856264
1676.000000 0.401527 0.986410
1677.000000 0.142500 0.894593
1678.000000 0.282476 1.395917
1679.000000 0.390489 0.501285
1680.000000 0.135130 0.918603
1681.000000 -0.097938 0.446830
1682.000000 0.233318 0.591007
1683.000000 -0.109930 0.732363
1684.000000 0.330094 0.948616
1685.000000 0.244955 1.309740
1686.000000 0.124060 1.002960
1687.000000 0.612391 1.601452
1688.000000 0.335032 1.455376
1689.000000 0.140224 1.131602
1690.000000 0.502056 1.504135
1691.000000 0.326603 1.121676
1692.000000 -0.018205 0.655758
1693.000000 0.420181 0.952254
1694.000000 0.380592 0.484905
1695.000000 -0.115762 1.051407
1696.000000 -0.116465 0.795989
1697.000000 0.236293 0.808259
1698.000000 0.277510 0.658960
1699.000000 0.303877 0.844026
1700.000000 -0.384185 1.275453
1701.000000 0.097674 1.447637
1702.000000 0.114160 0.665040
1703.000000 0.552548 1.351562
1704.000000 0.410248 1.325273
1705.000000 0.078362 1.307702
1706.000000 0.445735 1.294208
1707.000000 -0.020187 1.387651
1708.000000 -0.104867 0.823266
1709.000000 0.211636 0.868507
1710.000000 0.416955 0.686912
1711.000000 0.128980 0.796806
1712.000000 0.416532 1.276890
1713.000000 0.487248 1.323578
1714.000000 0.004771 1.172224
1715.000000 0.422075 1.079098
1716.000000 0.230131 1.120576
1717.000000 0.330017 1.337608
1718.000000 0.175334 1.349131
1719.000000 0.436942 1.210421
1720.000000 0.771090 1.613690
1721.000000 0.625441 0.843289
1722.000000 0.129765 0.769237
1723.000000 -0.106756 0.358709
1724.000000 0.511185 1.036391
1725.000000 0.176168 0.866632
1726.000000 0.288896 1.007043
1727.000000 0.211833 0.928553
1728.000000 0.228178 1.253766
1729.000000 0.356917 1.283393
1730.000000 0.247321 1.457976
1731.000000 0.179307 1.789758
1732.000000 0.359581 1.907586
1733.000000 0.396074 1.983005
1734.000000 0.093506 0.841179
1735.000000 0.181533 1.477546
1736.000000 0.246507 1.180074
1737.000000 0.283103 1.445884
1738.000000 0.065690 0.978068
1739.000000 0.359493 0.807214
1740.000000 0.746787 1.363169
1741.000000 0.148789 1.042315
1742.000000 0.459011 1.342180
1743.000000 0.125849 1.248755
1744.000000 0.602233 1.192125
1745.000000 0.116972 0.938788
1746.000000 0.179280 1.357679
1747.000000 -0.256650 1.876303
1748.000000 0.263835 1.075137
1749.000000 0.410944 1.372616
1750.000000 0.766790 1.133493
1751.000000 0.177406 1.357864
1752.000000 0.437790 1.113219
1753.000000 0.538946 1.421390
1754.000000 0.532026 1.079266
1755.000000 -0.111314 0.675363
1756.000000 0.004347 0.531162
1757.000000 0.098896 1.235427
1758.000000 -0.016949 1.841312
1759.000000 0.169770 0.732452
1760.000000 0.008640 0.607655
1761.000000 -0.077586 0.677496
1762.000000 0.022337 0.696537
1763.000000 -0.119413 1.282239
1764.000000 0.251712 0.151864
1765.000000 -0.023908 0.206484
1766.000000 0.250966 0.543996
1767.000000 0.407683 1.055133
1768.000000 0.491461 0.915028
1769.000000 -0.382163 0.839089
1770.000000 -0.206497 1.162917
1771.000000 -0.285002 0.674911
1772.000000 0.301706 1.171171
1773.000000 0.137962 1.140900
1774.000000 0.164857 0.874178
1775.000000 -0.005915 0.379658
1776.000000 -0.162835 0.558234
1777.000000 0.676244 1.210178
1778.000000 -0.045822 0.528546
1779.000000 0.494632 0.952618
1780.000000 0.267410 0.392589
1781.000000 0.634628 0.984167
1782.000000 0.215711 0.761488
1783.000000 0.235912 0.429036
1784.000000 0.314415 1.046327
1785.000000 0.104391 1.460344
1786.000000 -0.231608 1.360679
1787.000000 -0.360763 1.229603
1788.000000 -0.310035 0.760001
1789.000000 -0.107745 0.573374
1790.000000 -0.027912 0.811387
1791.000000 -0.494141 0.736159
1792.000000 0.014131 1.278996
1793.000000 -0.118069 0.683106
1794.000000 -0.211942 1.215738
1795.000000 0.116876 1.260049
1796.000000 0.231412 1.158734
1797.000000 -0.248738 0.689127
1798.000000 0.210414 0.757298
1799.000000 0.070396 0.468947
1800.000000 0.223600 0.604863
1801.000000 0.157100 0.478270
1802.000000 -0.019936 0.832153
1803.000000 -0.114542 0.245175
1804.000000 0.498904 1.301671
1805.000000 0.089211 0.645575
1806.000000 -0.100116 0.838726
1807.000000 0.066055 0.754019
1808.000000 0.302120 0.762089
1809.000000 0.698525 1.409073
1810.000000 0.061392 0.780864
1811.000000 0.223387 1.124058
1812.000000 0.084022 0.717631
1813.000000 0.009372 0.342221
1814.000000 0.136580 0.306315
1815.000000 0.466248 1.649046
1816.000000 0.126492 1.723865
1817.000000 0.038788 1.104080
1818.000000 0.261628 0.645234
1819.000000 0.253670 0.997298
1820.000000 0.471663 2.623505
1821.000000 -0.027255 0.885329
1822.000000 0.122530 0.862470
1823.000000 -0.229397 0.998988
1824.000000 0.341932 1.563089
1825.000000 -0.001886 0.635294
1826.000000 -0.383474 1.154543
1827.000000 0.009522 0.941292
1828.000000 0.179829 0.498839
1829.000000 0.298399 0.612846
1830.000000 0.046441 0.503514
1831.000000 0.229764 0.311008
1832.000000 0.351185 0.460348
1833.000000 0.427213 1.105728
1834.000000 0.232003 0.960503
1835.000000 0.342704 1.312322
1836.000000 -0.158336 1.183285
1837.000000 -0.002004 0.846656
1838.000000 0.475334 1.208855
1839.000000 -0.070134 0.786413
1840.000000 -0.084891 1.173289
1841.000000 0.068462 1.811125
1842.000000 0.000175 0.917821
1843.000000 0.119252 0.881108
1844.000000 0.186929 0.670896
1845.000000 0.227497 1.227822
1846.000000 0.062698 0.556503
1847.000000 0.272352 0.557345
1848.000000 0.397966 0.416044
1849.000000 0.293598 1.287154
1850.000000 -0.131920 1.096282
1851.000000 -0.048214 0.599850
1852.000000 0.486983 1.107516
1853.000000 0.240436 0.658639
1854.000000 -0.024194 1.159232
1855.000000 0.071600 0.984466
1856.000000 -0.040880 0.537040
1857.000000 0.114688 0.629726
1858.000000 0.069321 0.932439
1859.000000 0.495733 1.192443
1860.000000 0.278887 1.144052
1861.000000 0.720859 1.092690
1862.000000 0.243511 1.696406
1863.000000 0.218860 1.920330
1864.000000 -0.022215 1.206147
1865.000000 0.072390 2.047470
1866.000000 0.153566 1.651243
1867.000000 -0.013949 1.207145
1868.000000 0.334220 0.857417
1869.000000 0.222413 0.637414
1870.000000 0.361406 1.029928
1871.000000 0.385322 0.730608
1872.000000 0.045729 0.428219
1873.000000 0.575305 0.687202
1874.000000 0.284202 0.458796
1875.000000 0.258953 0.456376
1876.000000 0.302867 0.687184
1877.000000 0.260781 0.793866
1878.000000 0.259729 1.344671
1879.000000 0.525284 1.087429
1880.000000 0.325758 0.725171
1881.000000 0.487770 1.291587
1882.000000 0.257966 0.546632
1883.000000 0.254603 0.581277
1884.000000 0.120436 1.316425
1885.000000 0.251101 0.274537
1886.000000 0.293714 1.243608
1887.000000 -0.061366 0.269388
1888.000000 -0.362229 0.373811
1889.000000 -0.159538 0.796942
1890.000000 0.303433 0.832677
1891.000000 -0.154990 0.656656
1892.000000 -0.031605 0.884823
1893.000000 -0.126735 0.926873
1894.000000 0.211912 0.783610
1895.000000 0.160530 0.330976
1896.000000 -0.224415 1.184224
1897.000000 0.284191 0.734632
1898.000000 -0.080049 0.947588
1899.000000 -0.063676 0.606933
1900.000000 -0.086276 0.658332
1901.000000 0.359090 1.224783
1902.000000 0.398170 0.907009
1903.000000 -0.263668 1.005428
1904.000000 -0.066228 0.987112
1905.000000 0.304207 0.374658
1906.000000 -0.513044 0.949865
1907.000000 0.370654 0.963013
1908.000000 0.079408 0.834138
1909.000000 0.215140 0.597927
1910.000000 0.398876 1.235478
1911.000000 0.168270 1.220346
1912.000000 0.575413 1.019884
1913.000000 0.115157 0.420223
1914.000000 0.537534 0.836652
1915.000000 0.293390 0.423329
1916.000000 0.360283 0.707253
1917.000000 0.768760 1.282186
1918.000000 0.266057 0.799856
1919.000000 0.848439 1.728140
1920.000000 0.040300 0.782196
1921.000000 0.124855 0.970268
1922.000000 0.088865 0.472430
1923.000000 0.086166 0.240820
1924.000000 0.386980 0.813286
1925.000000 0.006950 1.059345
1926.000000 0.184584 0.723147
1927.000000 0.131099 0.554828
1928.000000 0.360402 1.147331
1929.000000 0.382378 1.617952
1930.000000 0.430547 0.865785
1931.000000 0.165244 0.733894
1932.000000 -0.005987 1.610024
1933.000000 -0.279760 1.118719
1934.000000 0.528814 0.659248
1935.000000 0.759911 1.359225
1936.000000 0.251277 1.061808
1937.000000 -0.165651 0.829591
1938.000000 0.028543 0.878801
1939.000000 -0.131135 0.852803
1940.000000 0.304110 0.571563
1941.000000 0.252984 1.283362
1942.000000 0.353337 1.043394
1943.000000 0.104208 1.116163
1944.000000 -0.149643 1.339741
1945.000000 -0.175414 1.090501
1946.000000 0.048250 1.310157
1947.000000 0.062151 1.533678
1948.000000 -0.126334 1.314491
1949.000000 0.162864 1.647330
1950.000000 -0.124019 1.311235
1951.000000 -0.017812 1.183430
1952.000000 0.134362 1.297754
1953.000000 -0.149087 1.432465
1954.000000 0.075610 1.020063
1955.000000 0.338809 0.305379
1956.000000 0.471803 0.568176
1957.000000 -0.073679 0.759820
1958.000000 0.141447 0.821844
1959.000000 0.426650 1.077923
1960.000000 0.307360 0.877221
1961.000000 0.140545 0.381553
1962.000000 0.511769 0.700922
1963.000000 0.026076 0.316155
1964.000000 0.319639 0.528116
1965.000000 0.270382 0.396149
1966.000000 0.247847 1.363110
1967.000000 0.731903 1.108941
1968.000000 0.255086 0.594798
1969.000000 0.466607 0.532302
1970.000000 0.439163 1.087009
1971.000000 0.006940 0.480613
1972.000000 0.121158 0.713603
1973.000000 0.322701 0.897251
1974.000000 0.082937 1.050513
1975.000000 0.459992 0.630456
1976.000000 0.144716 0.867414
1977.000000 0.237196 1.139763
1978.000000 0.027063 1.105315
1979.000000 0.172041 0.908833
1980.000000 0.195463 0.544782
1981.000000 0.463316 0.952527
1982.000000 0.278024 0.675397
1983.000000 0.256142 0.745877
1984.000000 0.157919 0.810693
1985.000000 0.264886 1.200975
1986.000000 0.174582 1.091561
1987.000000 0.146182 1.866161
1988.000000 -0.000609 1.274251
1989.000000 -0.033126 0.437526
1990.000000 0.366058 1.077346
1991.000000 0.022707 1.213638
1992.000000 -0.017499 1.036713
1993.000000 -0.041249 0.634808
1994.000000 -0.111376 1.314996
1995.000000 0.202690 0.984587
1996.000000 0.047383 1.063351
1997.000000 -0.441052 0.975474
1998.000000 -0.076689 0.856859
1999.000000 0.040124 0.374091
2000.000000 0.347549 0.923539
2001.000000 0.671628 0.769761
2002.000000 0.518937 0.519587
2003.000000 0.431202 1.736654
2004.000000 0.379241 1.009685
2005.000000 0.194287 0.593542
2006.000000 0.182397 0.358639
2007.000000 0.930341 1.283040
2008.000000 0.131042 0.547127
2009.000000 0.488855 1.545992
2010.000000 0.167091 1.246511
2011.000000 0.029201 0.908449
2012.000000 0.201194 0.840093
2013.000000 -0.053954 1.021831
2014.000000 0.229431 0.682529
2015.000000 0.037813 0.739753
2016.000000 0.349684 1.641409
2017.000000 0.337719 0.804076
2018.000000 0.118401 0.983021
2019.000000 0.294759 1.060202
2020.000000 0.348575 0.652452
2021.000000 0.460065 0.629905
2022.000000 0.929945 1.406623
2023.000000 0.795911 1.898639
2024.000000 0.700667 1.048943
2025.000000 0.525523 1.325938
2026.000000 0.331647 0.746855
2027.000000 0.924420 1.707841
2028.000000 0.475695 0.630554
2029.000000 0.598848 0.966450
2030.000000 0.457681 1.516047
2031.000000 0.615519 1.185778
2032.000000 -0.069649 0.533526
2033.000000 0.534761 0.787515
2034.000000 0.339360 1.028521
2035.000000 0.220879 0.745167
2036.000000 0.133423 0.794347
2037.000000 0.504177 0.722903
2038.000000 0.524882 0.916567
2039.000000 0.528685 0.525052
2040.000000 0.184568 0.774215
2041.000000 0.132789 0.767369
2042.000000 0.391113 0.506777
2043.000000 0.443276 0.676873
2044.000000 0.419883 0.801987
2045.000000 0.109712 0.401090
2046.000000 0.027552 0.699314
2047.000000 0.603479 1.028713
2048.000000 0.634357 0.620851
2049.000000 0.468038 0.809533
2050.000000 0.424920 1.088557
2051.000000 0.507061 0.720599
2052.000000 0.448654 1.249158
2053.000000 0.304416 1.195092
2054.000000 0.392077 1.020832
2055.000000 0.065045 0.890630
2056.000000 -0.033602 1.162685
2057.000000 -0.142291 0.771434
2058.000000 0.029155 1.005994
2059.000000 0.040369 0.816180
2060.000000 -0.120218 1.052969
2061.000000 -0.008812 0.980022
2062.000000 0.368407 1.366881
2063.000000 0.336477 0.632035
2064.000000 0.208386 0.977700
2065.000000 -0.001299 1.098662
2066.000000 0.025974 1.195095
2067.000000 -0.076852 1.097574
2068.000000 0.507090 1.580910
2069.000000 0.046929 1.274820
2070.000000 0.075035 1.023239
2071.000000 -0.073769 1.412290
2072.000000 0.169651 0.556934
2073.000000 -0.247014 1.069052
2074.000000 -0.335962 0.746867
2075.000000 -0.409717 1.349630
2076.000000 -0.059262 1.169601
2077.000000 0.072881 0.547265
2078.000000 -0.112520 0.829074
2079.000000 -0.023890 1.225482
2080.000000 0.041757 1.009585
2081.000000 -0.015246 0.762369
2082.000000 -0.033947 1.115183
2083.000000 -0.118764 1.134880
2084.000000 -0.220371 1.435422
2085.000000 -0.036104 0.547167
2086.000000 -0.480993 1.144110
2087.000000 -0.365920 0.740857
2088.000000 -0.324267 0.946186
2089.000000 -0.083207 0.317115
2090.000000 -0.165155 1.069197
2091.000000 -0.530390 0.901750
2092.000000 -0.407611 0.530993
2093.000000 -0.455131 1.009116
2094.000000 -0.142088 1.222608
2095.000000 -0.284096 1.153613
2096.000000 -0.269719 0.981493
2097.000000 -0.329218 0.982419
2098.000000 -0.191581 0.815991
2099.000000 -0.143664 0.768007
2100.000000 -0.538896 0.881985
2101.000000 -0.394774 0.671641
2102.000000 -0.421114 1.354422
2103.000000 -0.345106 1.340045
2104.000000 0.051060 0.947709
2105.000000 0.043954 1.170500
2106.000000 -0.039978 0.760696
2107.000000 -0.048065 1.155452
2108.000000 -0.432438 0.950509
2109.000000 -0.489054 1.651273
2110.000000 -0.373184 1.104551
2111.000000 -0.506838 1.558003
2112.000000 -0.579838 0.846995
2113.000000 -0.416802 0.603385
2114.000000 0.116003 1.173029
2115.000000 -0.699596 1.221795
2116.000000 -0.752053 1.578216
2117.000000 -0.154867 0.825287
2118.000000 -0.335689 0.778873
2119.000000 -0.562820 1.114654
2120.000000 -0.106545 1.427902
2121.000000 0.007006 0.361923
2122.000000 0.398963 1.208661
2123.000000 0.213969 1.312801
2124.000000 0.461104 1.499331
2125.000000 0.543688 0.663249
2126.000000 -0.004460 0.924806
2127.000000 -0.339081 1.126899
2128.000000 -0.343419 1.474611
2129.000000 -0.181623 1.091606
2130.000000 -0.055690 0.423534
2131.000000 -0.294785 0.576100
2132.000000 -0.037005 0.863425
2133.000000 -0.293797 0.641636
2134.000000 -0.263664 0.971919
2135.000000 -0.449902 0.653065
2136.000000 -0.832779 1.496449
2137.000000 -0.636048 1.075897
2138.000000 -0.212416 0.839791
2139.000000 -0.027144 1.287921
2140.000000 -0.537355 1.089694
2141.000000 -0.333834 1.275213
2142.000000 -0.292666 1.197141
2143.000000 -0.363357 0.459164
2144.000000 -0.356308 1.108829
2145.000000 -0.139849 0.635842
2146.000000 -0.450648 1.714897
2147.000000 -0.529556 1.188926
2148.000000 -0.464687 1.221115
2149.000000 -0.412086 2.258487
2150.000000 -0.305880 1.140961
2151.000000 0.203515 1.096695
2152.000000 0.184076 1.244743
2153.000000 0.384546 0.959422
2154.000000 -0.123199 0.479250
2155.000000 -0.261867 1.125034
2156.000000 -0.487782 1.085511
2157.000000 -0.374643 1.707542
2158.000000 -0.079644 0.994131
2159.000000 -0.066974 0.968292
2160.000000 -0.146577 0.563567
2161.000000 0.050015 0.943077
2162.000000 -0.421541 1.007131
2163.000000 -0.232859 0.751378
2164.000000 -0.416263 0.840731
2165.000000 -0.003822 0.563384
2166.000000 -0.106545 0.620473
2167.000000 -0.169039 0.248677
2168.000000 0.114392 0.970565
2169.000000 -0.114340 0.684996
2170.000000 -0.300253 0.607621
2171.000000 -0.084323 0.759643
2172.000000 -0.630357 1.749718
2173.000000 -0.101185 0.600439
2174.000000 0.036635 1.120645
2175.000000 -0.239576 1.316154
2176.000000 -0.198537 0.931507
2177.000000 -0.266804 0.603744
2178.000000 0.235020 0.552599
2179.000000 -0.097579 0.469769
2180.000000 0.256988 1.077618
2181.000000 -0.152932 1.626298
2182.000000 -0.236155 1.253827
2183.000000 -0.424176 1.363264
2184.000000 -0.328754 0.668343
2185.000000 -0.077616 1.015467
2186.000000 -0.259096 0.850526
2187.000000 -0.177289 1.048021
2188.000000 -0.384037 0.533943
2189.000000 -0.380837 1.209466
2190.000000 -0.229347 0.700668
2191.000000 -0.513508 1.038832
2192.000000 -0.568968 1.128508
2193.000000 -0.284138 1.090825
2194.000000 -0.186492 0.818044
2195.000000 -0.097367 1.184062
2196.000000 -0.605011 0.807970
2197.000000 -0.593325 1.737726
2198.000000 -0.300949 0.610018
2199.000000 -0.187586 0.653969
2200.000000 -0.157750 0.282719
2201.000000 -0.293291 0.929742
2202.000000 -0.293330 0.427117
2203.000000 -0.350135 0.890283
2204.000000 -0.307081 1.272538
2205.000000 -0.180037 1.237534
2206.000000 -0.073891 0.693265
2207.000000 -0.023578 0.326966
2208.000000 0.154051 0.655215
2209.000000 0.137882 0.772459
2210.000000 0.029769 0.882690
2211.000000 0.056023 0.999755
2212.000000 0.027648 0.649387
2213.000000 -0.113866 1.098657
2214.000000 0.499212 0.797447
2215.000000 -0.293939 1.069815
2216.000000 0.350190 1.024600
2217.000000 0.078240 0.777450
2218.000000 -0.149922 1.155898
2219.000000 -0.331842 0.672141
2220.000000 -0.019570 0.765553
2221.000000 0.087973 1.311481
2222.000000 -0.451352 1.031162
2223.000000 0.134896 0.833123
2224.000000 0.061722 1.073383
2225.000000 -0.558171 1.140046
2226.000000 -0.110449 0.761956
2227.000000 0.038694 1.325968
2228.000000 0.206207 0.833105
2229.000000 -0.127064 0.712580
2230.000000 -0.024067 0.780418
2231.000000 -0.196274 0.613023
2232.000000 -0.257081 1.337635
2233.000000 -0.038642 0.771033
2234.000000 -0.418937 0.744758
2235.000000 -0.233622 0.814786
2236.000000 -0.087523 1.298304
2237.000000 -0.239190 1.344815
2238.000000 -0.123444 1.430029
2239.000000 0.077708 0.554730
2240.000000 -0.409123 0.482098
2241.000000 -0.532803 1.323692
2242.000000 0.034691 0.348711
2243.000000 -0.227225 0.720923
2244.000000 -0.526438 1.154714
2245.000000 -0.181086 1.366872
2246.000000 -0.426101 1.100388
2247.000000 0.142013 1.069351
2248.000000 -0.370786 1.082953
2249.000000 -0.104113 1.212027
2250.000000 0.138202 1.070664
2251.000000 -0.546165 1.125517
2252.000000 -0.347327 1.219908
2253.000000 -0.208715 0.895233
2254.000000 -0.197257 0.735978
2255.000000 -0.226698 1.215930
2256.000000 -0.638560 0.862775
2257.000000 -0.344767 0.686325
2258.000000 -0.312492 0.887568
2259.000000 0.126249 0.901184
2260.000000 -0.512771 1.009928
2261.000000 0.116767 0.531038
2262.000000 0.157970 0.517733
2263.000000 -0.141290 0.526942
2264.000000 -0.305709 0.581594
2265.000000 0.154898 1.330309
2266.000000 0.362622 1.396875
2267.000000 0.384313 2.074313
2268.000000 -0.197588 1.447503
2269.000000 -0.209241 1.261720
2270.000000 0.062546 0.625603
2271.000000 -0.105789 1.391770
2272.000000 0.008370 0.733793
2273.000000 0.067584 1.151339
2274.000000 -0.143085 1.126515
2275.000000 -0.378076 0.618415
2276.000000 -0.205871 0.982865
2277.000000 0.036249 0.842474
2278.000000 -0.139254 0.792449
2279.000000 0.196814 1.282544
2280.000000 -0.121815 1.557714
2281.000000 0.160553 0.414509
2282.000000 0.109491 0.657871
2283.000000 -0.052723 0.768371
2284.000000 0.031393 0.835922
2285.000000 0.016655 0.866448
2286.000000 -0.183437 1.498806
2287.000000 -0.207240 0.470311
2288.000000 -0.104598 1.302292
2289.000000 0.185854 0.720711
2290.000000 -0.180075 0.512944
2291.000000 -0.105544 1.034107
2292.000000 -0.181554 0.916064
2293.000000 -0.395088 1.264533
2294.000000 -0.060356 0.615211
2295.000000 0.415765 0.443923
2296.000000 0.035038 1.816311
2297.000000 0.165997 1.250730
2298.000000 -0.105998 1.559776
2299.000000 0.098632 0.800569
2300.000000 -0.047408 1.512154
2301.000000 0.136133 0.812097
2302.000000 -0.206412 1.260692
2303.000000 -0.248828 1.095267
2304.000000 0.093212 1.022779
2305.000000 -0.093725 0.904906
2306.000000 -0.086706 1.308301
2307.000000 0.136722 0.584486
2308.000000 0.138940 1.055717
2309.000000 0.074126 0.773813
2310.000000 -0.059959 0.918532
2311.000000 0.325542 1.098376
2312.000000 0.555870 1.387187
2313.000000 0.283498 0.474247
2314.000000 0.148817 0.871392
2315.000000 0.277483 0.857630
2316.000000 0.145900 1.159260
2317.000000 0.482948 1.098792
2318.000000 0.201836 0.447517
2319.000000 0.426206 0.634559
2320.000000 0.443986 0.713621
2321.000000 0.290871 0.968082
2322.000000 0.398410 1.143362
2323.000000 0.040187 1.035963
2324.000000 0.442997 1.607017
2325.000000 0.469188 1.894128
2326.000000 0.498998 1.089297
2327.000000 0.615734 1.243965
2328.000000 0.639270 1.002586
2329.000000 -0.006873 0.729912
2330.000000 0.771470 1.581167
2331.000000 0.346350 0.746611
2332.000000 -0.389324 0.837816
2333.000000 0.469231 1.160381
2334.000000 0.122768 1.452569
2335.000000 0.037727 0.640850
2336.000000 0.083396 0.806193
2337.000000 0.056335 0.649308
2338.000000 0.330590 1.091300
2339.000000 0.030690 1.127075
2340.000000 -0.041743 0.753885
2341.000000 0.281581 0.770838
2342.000000 0.251721 0.803642
2343.000000 0.240133 0.492531
2344.000000 0.127988 0.535746
2345.000000 0.195654 0.573140
2346.000000 0.199691 1.395817
2347.000000 0.142169 0.642659
2348.000000 0.146856 0.773595
2349.000000 0.622261 0.856500
2350.000000 0.097441 0.909456
2351.000000 0.025910 1.158459
2352.000000 -0.042980 1.312799
2353.000000 -0.081651 1.012204
2354.000000 -0.231178 0.612227
2355.000000 0.008680 1.732195
2356.000000 0.144240 0.907124
2357.000000 0.444179 1.701790
2358.000000 0.103651 1.444951
2359.000000 0.480319 1.329635
2360.000000 -0.389949 1.433529
2361.000000 -0.043413 1.030420
2362.000000 0.346733 0.696354
2363.000000 -0.090166 0.617647
2364.000000 -0.130708 0.481035
2365.000000 0.004486 0.549692
2366.000000 0.499648 1.165512
2367.000000 -0.120841 0.709701
2368.000000 0.097151 0.413081
2369.000000 0.189721 0.643387
2370.000000 -0.328870 1.804970
2371.000000 0.221271 0.937129
2372.000000 0.009673 1.026161
2373.000000 0.143250 0.592201
2374.000000 0.144185 0.833193
2375.000000 -0.164885 0.949316
2376.000000 0.105999 0.615738
2377.000000 0.242664 0.972167
2378.000000 0.329311 1.343913
2379.000000 0.250124 1.779928
2380.000000 -0.054362 1.076866
2381.000000 0.644824 1.409131
2382.000000 0.476463 0.560824
2383.000000 0.226513 0.586829
2384.000000 0.255584 1.520389
2385.000000 0.184693 1.252509
2386.000000 0.154358 1.397165
2387.000000 0.560733 1.667998
2388.000000 0.167643 1.301151
2389.000000 0.151057 1.551377
2390.000000 0.063325 0.815882
2391.000000 0.283277 0.540165
2392.000000 -0.184756 1.228651
2393.000000 0.277021 1.111534
2394.000000 0.121644 0.737755
2395.000000 0.169811 1.555849
2396.000000 0.122681 0.471927
2397.000000 0.310929 1.267345
2398.000000 0.014915 0.892216
2399.000000 0.328644 1.020508
2400.000000 0.404135 0.708571
2401.000000 0.670192 1.155987
2402.000000 0.441707 0.942854
2403.000000 0.443209 1.192769
2404.000000 0.210012 0.854470
2405.000000 0.250133 0.297216
2406.000000 -0.083890 2.065893
2407.000000 -0.116438 1.514146
2408.000000 -0.005134 0.961693
2409.000000 0.463905 1.001957
2410.000000 -0.408444 2.015505
2411.000000 0.335513 1.241455
2412.000000 0.175015 1.112216
2413.000000 0.130549 0.503125
2414.000000 0.450105 1.505112
2415.000000 0.133310 0.991012
2416.000000 0.175352 1.152666
2417.000000 0.207019 0.935253
2418.000000 0.179409 0.536561
2419.000000 -0.193768 1.085699
2420.000000 0.174875 0.983616
2421.000000 0.248275 1.830115
2422.000000 0.549378 1.548233
2423.000000 0.427781 1.263620
2424.000000 -0.064830 0.909252
2425.000000 0.031987 0.905658
2426.000000 0.108522 0.263283
2427.000000 0.243461 0.799994
2428.000000 -0.047870 1.033530
2429.000000 0.250755 0.725500
2430.000000 0.063308 0.441037
2431.000000 0.068635 0.964417
2432.000000 -0.112969 1.001028
2433.000000 0.416361 1.082883
2434.000000 0.508880 1.653074
2435.000000 0.136489 1.328603
2436.000000 -0.198647 1.381975
2437.000000 0.251917 1.875307
2438.000000 -0.180701 1.695222
2439.000000 -0.205138 1.660940
2440.000000 -0.501908 1.659039
2441.000000 -0.169748 0.837229
2442.000000 -0.102413 0.764442
2443.000000 -0.167455 0.762326
2444.000000 0.133168 1.476101
2445.000000 -0.068037 1.577197
2446.000000 -0.360181 1.260797
2447.000000 -0.214005 1.389422
2448.000000 0.336963 1.765819
2449.000000 -0.365593 1.622090
2450.000000 0.055596 0.210134
2451.000000 0.023719 0.894791
2452.000000 0.189572 1.321317
2453.000000 -0.120941 0.717308
2454.000000 -0.149979 0.852307
2455.000000 -0.081646 0.629583
2456.000000 -0.052766 0.793417
2457.000000 -0.123079 0.794922
2458.000000 0.311714 1.020867
2459.000000 0.295239 1.745081
2460.000000 0.049177 1.275550
2461.000000 0.061322 1.602277
2462.000000 0.247902 1.028218
2463.000000 0.132402 0.921288
2464.000000 0.075575 1.479125
2465.000000 -0.033555 0.800493
2466.000000 -0.000525 1.291802
2467.000000 -0.233111 0.663591
2468.000000 -0.122464 1.413550
2469.000000 -0.280144 1.028531
2470.000000 -0.334269 0.525201
2471.000000 -0.025991 0.898363
2472.000000 -0.044845 0.598061
2473.000000 -0.229963 0.652192
2474.000000 -0.396737 0.767546
2475.000000 -0.112869 1.430578
2476.000000 0.266639 1.034198
2477.000000 -0.060975 1.176091
2478.000000 0.241110 1.552031
2479.000000 0.179791 0.927952
2480.000000 0.466274 0.876214
2481.000000 -0.090610 0.975890
2482.000000 0.328923 0.730011
2483.000000 0.171198 1.009184
2484.000000 0.223558 1.134047
2485.000000 0.245977 0.987971
2486.000000 0.250830 1.189109
2487.000000 0.100904 0.899978
2488.000000 -0.193697 0.548513
2489.000000 0.134341 0.670515
2490.000000 0.163278 0.920959
2491.000000 -0.420014 1.097655
2492.000000 -0.148832 0.817177
2493.000000 0.294409 1.321674
2494.000000 0.338909 1.283215
2495.000000 0.062592 0.942421
2496.000000 -0.276754 0.774662
2497.000000 0.187477 0.896062
2498.000000 0.117448 0.922246
2499.000000 0.047578 0.743043
2500.000000 -0.021009 1.139560
2501.000000 -0.024762 0.555380
2502.000000 0.208388 0.648906
2503.000000 -0.454146 1.299093
2504.000000 0.374637 0.988518
2505.000000 0.211415 0.886001
2506.000000 0.352132 0.817043
2507.000000 0.280616 1.014133
2508.000000 0.421658 0.826053
2509.000000 0.507847 1.450195
2510.000000 -0.081270 0.523553
2511.000000 0.515592 0.935548
2512.000000 0.190507 0.502819
2513.000000 -0.499903 0.901228
2514.000000 -0.140317 1.985199
2515.000000 0.040982 1.369405
2516.000000 0.524648 1.027355
2517.000000 0.093221 1.331880
2518.000000 0.329676 0.972007
2519.000000 0.108642 0.932802
2520.000000 -0.132764 1.168655
2521.000000 0.351167 0.980112
2522.000000 0.385213 1.168605
2523.000000 0.295160 0.853260
2524.000000 0.296496 0.931206
2525.000000 0.420821 0.878906
2526.000000 0.595943 1.126099
2527.000000 -0.086869 0.977455
2528.000000 0.128177 0.402583
2529.000000 0.255638 0.606596
2530.000000 -0.274311 0.454625
2531.000000 0.114143 0.879325
2532.000000 -0.221190 1.033300
2533.000000 -0.023735 0.691969
2534.000000 -0.241210 0.562641
2535.000000 -0.200098 0.832328
2536.000000 -0.274800 0.961588
2537.000000 0.118971 0.603246
2538.000000 -0.620434 1.460745
2539.000000 -0.163558 0.599823
2540.000000 -0.313291 1.058661
2541.000000 -0.489605 0.879180
2542.000000 -0.163119 0.817885
2543.000000 0.367656 1.281274
2544.000000 -0.209362 0.586637
2545.000000 -0.124576 0.928775
2546.000000 0.594875 1.740191
2547.000000 0.351678 1.997299
2548.000000 -0.027694 0.975585
2549.000000 -0.057890 1.107180
2550.000000 0.055994 0.825629
2551.000000 0.006093 0.728015
2552.000000 -0.214527 0.901187
2553.000000 -0.252226 0.679907
2554.000000 -0.000832 0.366764
2555.000000 -0.138902 0.439950
2556.000000 -0.096334 0.297505
2557.000000 -0.076872 0.585007
2558.000000 0.138977 1.115493
2559.000000 0.119549 1.306165
2560.000000 0.104948 1.358824
2561.000000 0.499193 1.613675
2562.000000 0.339290 0.676173
2563.000000 0.362586 1.049148
2564.000000 0.234309 0.926352
2565.000000 -0.105967 1.065454
2566.000000 -0.248692 0.729036
2567.000000 0.156936 1.112741
2568.000000 -0.172771 1.060623
2569.000000 0.171451 1.161400
2570.000000 0.037644 1.079801
2571.000000 0.225630 1.534410
2572.000000 0.045916 0.914377
2573.000000 0.320080 1.188570
2574.000000 0.685571 1.243425
2575.000000 0.376642 1.738936
2576.000000 0.192421 0.772525
2577.000000 0.132450 0.915862
2578.000000 -0.013856 0.780222
2579.000000 0.071225 0.857584
2580.000000 0.399994 0.666110
2581.000000 0.319054 0.970974
2582.000000 0.053864 0.877296
2583.000000 0.081871 0.603107
2584.000000 -0.066592 1.249203
2585.000000 0.288458 1.070208
2586.000000 -0.029959 0.871359
2587.000000 0.325803 0.854588
2588.000000 0.482969 0.984194
2589.000000 0.433406 1.231294
2590.000000 0.351956 1.536303
2591.000000 0.700669 1.636890
2592.000000 0.179331 0.754800
2593.000000 0.226416 0.398262
2594.000000 0.137775 1.371166
2595.000000 -0.258631 1.057933
2596.000000 -0.005260 0.936080
2597.000000 0.193891 1.020685
2598.000000 0.083248 1.272058
2599.000000 0.041171 1.867488
2600.000000 0.049566 0.712998
2601.000000 0.408863 0.836950
2602.000000 0.469524 0.757317
2603.000000 0.036212 0.575958
2604.000000 0.233079 0.729507
2605.000000 -0.543486 0.865355
2606.000000 0.286469 0.807439
2607.000000 -0.569641 1.263565
2608.000000 -0.464003 1.404547
2609.000000 0.002303 0.691328
2610.000000 -0.255254 1.406021
2611.000000 -0.323447 0.571184
2612.000000 -0.384654 1.024907
2613.000000 -0.079752 0.183340
2614.000000 -0.404819 0.782577
2615.000000 -0.242795 0.663684
2616.000000 -0.125554 0.558300
2617.000000 -0.382651 1.282753
2618.000000 -0.015130 0.931644
2619.000000 -0.293634 0.683270
2620.000000 -0.208163 0.990166
2621.000000 -0.085104 0.367049
2622.000000 -0.383794 0.553789
2623.000000 0.159603 0.767120
2624.000000 0.341867 1.223651
2625.000000 0.099646 1.422852
2626.000000 -0.261143 0.727780
2627.000000 -0.256507 1.020565
2628.000000 -0.424193 1.326015
2629.000000 -0.192535 0.990713
2630.000000 -0.453942 1.175358
2631.000000 -0.092044 0.716838
2632.000000 -0.383150 0.743711
2633.000000 -0.490177 1.747902
2634.000000 -0.355161 1.339484
2635.000000 -0.712340 2.095419
2636.000000 -0.473617 0.951159
2637.000000 -0.302631 0.629606
2638.000000 -0.265088 0.786084
2639.000000 -0.683572 1.399154
2640.000000 -0.397195 0.731590
2641.000000 -0.027479 0.444601
2642.000000 -0.098425 0.356073
2643.000000 0.077462 1.864598
2644.000000 -0.094310 0.428451
2645.000000 0.085246 1.523465
2646.000000 -0.099227 0.833545
2647.000000 -0.219050 0.516536
2648.000000 -0.013406 1.076030
2649.000000 -0.483567 1.321884
2650.000000 -0.488041 1.054783
2651.000000 -0.452717 0.454522
2652.000000 -0.225101 0.744582
2653.000000 -0.326893 0.899542
2654.000000 -0.165436 0.708527
2655.000000 -0.214354 1.137387
2656.000000 -0.164157 1.518252
2657.000000 -0.022887 0.369745
2658.000000 -0.161757 0.921592
2659.000000 0.205682 0.949592
2660.000000 -0.216086 1.250670
2661.000000 0.239440 0.632838
2662.000000 -0.021918 1.745245
2663.000000 0.237000 0.778734
2664.000000 0.323793 1.207549
2665.000000 0.064311 0.890227
2666.000000 0.333623 0.754122
2667.000000 0.031203 1.768953
2668.000000 0.171016 1.449763
2669.000000 0.303486 1.095110
2670.000000 0.044007 0.822943
2671.000000 0.393085 1.218960
2672.000000 -0.078611 0.790345
2673.000000 0.196882 1.078296
2674.000000 0.129002 0.797688
2675.000000 -0.060928 0.764948
2676.000000 -0.028331 0.684341
2677.000000 0.106495 1.099224
2678.000000 0.309845 0.822424
2679.000000 0.433929 1.020269
2680.000000 -0.115851 1.399442
2681.000000 -0.026952 0.817784
2682.000000 -0.324484 1.585720
2683.000000 0.033299 0.463490
2684.000000 -0.100015 0.537763
2685.000000 -0.164737 0.631044
2686.000000 0.131449 1.059635
2687.000000 0.079170 0.841844
2688.000000 -0.180986 1.639666
2689.000000 -0.329832 0.499600
2690.000000 -0.632057 1.330851
2691.000000 -0.248638 0.809873
2692.000000 0.127784 0.652643
2693.000000 -0.364134 0.984386
2694.000000 -0.197083 1.205901
2695.000000 -0.301482 1.123339
2696.000000 -0.548557 0.794192
2697.000000 -0.267001 0.747774
2698.000000 -0.037388 0.660382
2699.000000 -0.144468 1.107281
2700.000000 0.000344 0.938481
2701.000000 0.097110 0.813461
2702.000000 0.347833 0.880680
2703.000000 0.008701 1.083317
2704.000000 0.323371 0.734218
2705.000000 0.221633 0.688831
2706.000000 0.242761 0.709231
2707.000000 -0.450207 1.137168
2708.000000 -0.323847 1.820337
2709.000000 0.266504 0.826869
2710.000000 -0.068244 0.964739
2711.000000 -0.275389 0.312508
2712.000000 -0.114321 0.700998
2713.000000 0.083981 0.835053
2714.000000 -0.227819 0.786923
2715.000000 0.253731 1.751593
2716.000000 -0.362856 1.305223
2717.000000 -0.133743 1.329451
2718.000000 -0.299358 1.315189
2719.000000 -0.325991 1.031968
2720.000000 -0.480402 0.976176
2721.000000 -0.483729 1.340039
2722.000000 -0.277432 0.317194
2723.000000 -0.611142 1.831482
2724.000000 -0.063011 0.913563
2725.000000 -0.789408 1.595980
2726.000000 -0.213031 1.001201
2727.000000 -0.303041 0.667108
2728.000000 -0.186813 0.695993
2729.000000 0.293926 1.066499
2730.000000 -0.520589 0.570983
2731.000000 -0.624164 0.839089
2732.000000 -0.455889 0.496202
2733.000000 -0.495703 0.859232
2734.000000 0.029581 1.574808
2735.000000 0.005193 0.595262
2736.000000 -0.309523 0.648451
2737.000000 -0.396303 0.484527
2738.000000 -0.350918 2.114484
2739.000000 -0.584493 0.892882
2740.000000 -0.349542 1.338976
2741.000000 -0.557028 0.626793
2742.000000 0.068124 1.386003
2743.000000 -0.171061 1.547046
2744.000000 -0.340385 1.638973
2745.000000 -0.168643 0.681964
2746.000000 -0.138976 1.443666
2747.000000 0.155748 0.708382
2748.000000 0.225166 0.953064
2749.000000 0.304549 1.247005
2750.000000 0.117053 1.236054
2751.000000 -0.009076 0.797634
2752.000000 -0.256219 1.406091
2753.000000 -0.319091 1.265145
2754.000000 0.282634 0.741515
2755.000000 -0.057650 0.512768
2756.000000 -0.227720 0.684905
2757.000000 -0.125358 1.276179
2758.000000 -0.230816 0.508750
2759.000000 -0.179318 0.807574
2760.000000 -0.382848 0.953184
2761.000000 -0.273012 1.225356
2762.000000 -0.191834 1.409082
2763.000000 -0.506419 1.014228
2764.000000 -0.503436 1.231875
2765.000000 -0.030303 0.945058
2766.000000 0.107294 1.269429
2767.000000 -0.093047 1.140681
2768.000000 -0.184138 1.555758
2769.000000 -0.108681 1.037229
2770.000000 -0.195177 1.313839
2771.000000 -0.261492 1.104508
2772.000000 0.052575 0.709370
2773.000000 -0.531269 1.051991
2774.000000 -0.328584 1.379850
2775.000000 0.078185 0.902315
2776.000000 -0.118927 0.987023
2777.000000 -0.546951 1.462661
2778.000000 -0.611093 1.626508
2779.000000 -0.198356 1.183569
2780.000000 0.001765 0.528255
2781.000000 0.369990 1.387678
2782.000000 0.153945 0.960505
2783.000000 -0.171744 0.982244
2784.000000 0.221101 1.256388
2785.000000 -0.280635 0.975238
2786.000000 -0.448721 0.971575
2787.000000 -0.553389 1.524331
2788.000000 -0.417671 0.752677
2789.000000 -0.354422 0.688605
2790.000000 -0.220872 0.475029
2791.000000 -0.235433 1.364675
2792.000000 -0.193943 0.907674
2793.000000 -0.440005 0.858528
2794.000000 -0.319567 0.504957
2795.000000 -0.246257 0.843221
2796.000000 0.471069 1.698479
2797.000000 -0.066714 0.913755
2798.000000 0.356280 1.584575
2799.000000 0.419083 0.729920
2800.000000 0.257324 0.927007
2801.000000 -0.195369 0.562897
2802.000000 -0.245187 1.044107
2803.000000 -0.096017 1.436529
2804.000000 0.172851 1.502221
2805.000000 -0.140554 0.657665
2806.000000 -0.282066 1.033992
2807.000000 -0.009325 0.811054
2808.000000 0.078595 0.855296
2809.000000 -0.176157 1.118002
2810.000000 0.319858 0.968118
2811.000000 -0.235128 1.222115
2812.000000 -0.186914 0.890750
2813.000000 0.126005 1.027579
2814.000000 0.027885 1.150768
2815.000000 0.039235 0.988197
2816.000000 0.167906 1.515580
2817.000000 -0.206818 1.025947
2818.000000 0.075381 0.666814
2819.000000 0.158560 1.158423
2820.000000 -0.167090 0.455394
2821.000000 -0.458736 0.956102
2822.000000 -0.317806 1.149013
2823.000000 0.265614 0.875600
2824.000000 -0.344945 1.241762
2825.000000 -0.193624 1.102455
2826.000000 -0.795527 1.561057
2827.000000 -0.277690 0.945207
2828.000000 -0.479369 0.919958
2829.000000 -0.220944 0.533818
2830.000000 -0.319237 0.388763
2831.000000 0.001851 0.725319
2832.000000 -0.287438 0.713522
2833.000000 -0.282777 0.700544
2834.000000 -0.269791 1.160177
2835.000000 -0.684414 2.341510
2836.000000 -0.610244 0.864510
2837.000000 -0.114347 1.227399
2838.000000 -0.291350 0.888779
2839.000000 0.085097 0.783407
2840.000000 -0.312248 1.034004
2841.000000 0.133046 0.718766
2842.000000 -0.175828 1.323673
2843.000000 -0.023803 1.041425
2844.000000 -0.291503 0.753586
2845.000000 -0.271351 0.636188
2846.000000 -0.080467 1.539379
2847.000000 -0.234362 1.048414
2848.000000 -0.762804 1.462430
2849.000000 -0.166465 0.892483
2850.000000 -0.314321 0.160209
2851.000000 -0.492378 0.864515
2852.000000 -0.206872 0.658516
2853.000000 0.004295 0.964830
2854.000000 -0.381594 1.257081
2855.000000 -0.118010 1.034005
2856.000000 -0.397905 0.912317
2857.000000 -0.439154 0.503681
2858.000000 -0.233052 0.608989
2859.000000 -0.466088 1.077914
2860.000000 -0.152304 0.274706
2861.000000 -0.151218 1.124942
2862.000000 -0.776253 1.667912
2863.000000 -0.442407 1.309946
2864.000000 -0.368182 0.810710
2865.000000 -0.214778 0.410729
2866.000000 -0.024861 0.884641
2867.000000 0.121942 1.105209
2868.000000 -0.344288 1.328958
2869.000000 -0.683481 1.549812
2870.000000 -0.078513 1.361676
2871.000000 -0.242315 1.467512
2872.000000 -0.158245 0.982912
2873.000000 -0.457782 1.134054
2874.000000 -0.407869 1.522666
2875.000000 -0.383617 0.833959
2876.000000 -0.588251 1.389669
2877.000000 -0.066593 0.790441
2878.000000 -0.596026 1.383625
2879.000000 -0.236726 0.656933
2880.000000 0.064009 0.530229
2881.000000 0.001212 1.412536
2882.000000 -0.015426 0.588609
2883.000000 0.052322 0.482987
2884.000000 -0.248880 0.609748
2885.000000 -0.023380 1.078052
2886.000000 0.068197 0.957500
2887.000000 0.348630 0.892744
2888.000000 -0.284797 0.953366
2889.000000 0.033926 1.390978
2890.000000 -0.389709 0.791734
2891.000000 -0.538968 1.157266
2892.000000 -0.360290 1.138240
2893.000000 0.199834 0.983013
2894.000000 -0.243019 0.879842
2895.000000 -0.549978 1.558178
2896.000000 -0.491200 1.507852
2897.000000 -0.027323 0.750978
2898.000000 -0.619348 1.498020
2899.000000 -0.333087 1.748310
2900.000000 -0.263549 1.588715
2901.000000 -0.564371 1.695639
2902.000000 -0.526563 1.605197
2903.000000 -0.283153 0.965701
2904.000000 -0.544343 1.457641
2905.000000 -0.118262 1.032243
2906.000000 0.105285 1.818993
2907.000000 -0.091771 1.461265
2908.000000 -0.553005 1.537790
2909.000000 -0.024628 1.605281
2910.000000 -0.180201 0.903612
2911.000000 -0.300781 0.651487
2912.000000 0.250802 0.625994
2913.000000 -0.083580 0.755446
2914.000000 0.106990 0.887133
2915.000000 0.165071 1.236533
2916.000000 0.407634 1.117495
2917.000000 0.022981 0.391138
2918.000000 0.288043 0.571834
2919.000000 -0.399672 0.734356
2920.000000 -0.083255 0.859350
2921.000000 -0.133556 0.561806
2922.000000 -0.375011 1.390340
2923.000000 -0.007560 0.605300
2924.000000 -0.304848 1.292692
2925.000000 -0.232157 1.359320
2926.000000 0.095231 0.934023
2927.000000 -0.502907 1.169408
2928.000000 -0.059110 0.920008
2929.000000 -0.326145 1.256541
2930.000000 0.376412 1.037093
2931.000000 0.271959 0.862847
2932.000000 -0.114980 0.479373
2933.000000 -0.407212 0.842881
2934.000000 -0.022167 0.902321
2935.000000 0.124507 0.837724
2936.000000 -0.268307 0.900151
2937.000000 -0.078431 0.446617
2938.000000 -0.124375 0.575516
2939.000000 -0.194717 1.313073
2940.000000 -0.462355 0.462032
2941.000000 -0.613118 1.061030
2942.000000 -0.489420 1.210324
2943.000000 -0.443723 1.110491
2944.000000 -0.576411 0.955226
2945.000000 -0.503892 1.000946
2946.000000 -0.273536 0.727735
2947.000000 -0.333597 1.213496
2948.000000 -0.551687 1.055435
2949.000000 -0.233265 0.716100
2950.000000 -0.077831 0.912046
2951.000000 -0.293919 1.085612
2952.000000 -0.643834 1.157888
2953.000000 -0.377617 0.854150
2954.000000 -0.248348 0.615548
2955.000000 -0.538672 1.377193
2956.000000 -0.321977 0.924652
2957.000000 -0.470210 0.925298
2958.000000 -0.226310 0.689899
2959.000000 -0.119112 0.877791
2960.000000 0.010316 1.071844
2961.000000 -0.300102 0.845004
2962.000000 -0.240209 0.746619
2963.000000 -0.095425 0.445310
2964.000000 0.012883 0.742003
2965.000000 -0.356553 0.667742
2966.000000 -0.468192 0.628184
2967.000000 -0.412820 0.976345
2968.000000 -0.452456 0.554212
2969.000000 -0.623532 0.656717
2970.000000 -0.068011 0.469090
2971.000000 -0.589206 0.558079
2972.000000 -0.210826 0.673221
2973.000000 -0.101530 0.908182
2974.000000 0.180197 1.219370
2975.000000 -0.035414 1.134087
2976.000000 -0.025063 0.997540
2977.000000 0.154854 0.765395
2978.000000 0.140702 0.778120
2979.000000 0.336098 0.872948
2980.000000 0.121787 1.435515
2981.000000 -0.057979 0.701976
2982.000000 -0.139850 0.892022
2983.000000 0.306279 0.903755
2984.000000 0.521398 1.430022
2985.000000 0.089867 0.975024
2986.000000 0.045580 0.662613
2987.000000 -0.071278 0.999736
2988.000000 0.255847 0.900269
2989.000000 0.401433 1.118985
2990.000000 0.168837 0.852097
2991.000000 -0.010863 1.260867
2992.000000 0.097588 0.957496
2993.000000 -0.001807 1.061581
2994.000000 -0.535535 1.226567
2995.000000 -0.357939 1.500056
2996.000000 0.102105 1.319259
2997.000000 -0.061584 1.398864
2998.000000 -0.058264 1.292336
2999.000000 -0.127325 1.396862
3000.000000 -0.212773 0.690487
3001.000000 -0.293399 1.172721
3002.000000 -0.020698 0.804993
3003.000000 -0.025564 1.099537
3004.000000 -0.385870 1.254025
3005.000000 0.130608 1.386469
3006.000000 0.345523 1.796572
3007.000000 -0.362163 1.307551
3008.000000 0.171882 0.843569
3009.000000 -0.125630 1.462919
3010.000000 -0.124961 1.563420
3011.000000 0.121524 0.628047
3012.000000 0.396508 0.805475
3013.000000 -0.367757 0.729874
3014.000000 0.115385 0.824975
3015.000000 0.199771 0.938171
3016.000000 -0.065088 1.385977
3017.000000 -0.086324 1.456942
3018.000000 -0.104488 1.258423
3019.000000 0.163592 0.964852
3020.000000 0.223847 1.229928
3021.000000 -0.159596 0.750119
3022.000000 0.049518 0.966904
3023.000000 0.544470 1.138649
3024.000000 0.215256 1.174349
3025.000000 0.508707 1.150324
3026.000000 0.385501 0.414689
3027.000000 0.354618 1.038278
3028.000000 0.321614 0.667693
3029.000000 -0.268747 1.231151
3030.000000 0.259033 1.046102
3031.000000 -0.141229 1.372643
3032.000000 -0.028934 1.021238
3033.000000 -0.044022 1.019570
3034.000000 0.060557 0.787864
3035.000000 0.079134 0.936118
3036.000000 -0.348637 1.310023
3037.000000 -0.119797 1.488028
3038.000000 0.256106 0.958015
3039.000000 -0.202932 1.358017
3040.000000 -0.451706 0.792575
3041.000000 -0.040374 1.194403
3042.000000 0.114971 1.087290
3043.000000 0.098209 1.194729
3044.000000 0.295819 0.837089
3045.000000 -0.027910 1.462199
3046.000000 -0.004133 1.247943
3047.000000 0.057538 1.037339
3048.000000 0.077529 0.758049
3049.000000 0.394869 1.445345
3050.000000 -0.017719 0.938708
3051.000000 0.378465 0.761886
3052.000000 -0.091072 1.065889
3053.000000 -0.225522 0.553804
3054.000000 -0.189634 1.110520
3055.000000 -0.467761 1.269580
3056.000000 -0.386382 0.747685
3057.000000 -0.188062 0.962085
3058.000000 -0.212909 0.724313
3059.000000 -0.120922 0.909023
3060.000000 -0.261233 1.110160
3061.000000 -0.089357 1.115120
3062.000000 -0.042055 1.042064
3063.000000 -0.499500 1.246782
3064.000000 0.014222 0.578053
3065.000000 -0.074677 0.704407
3066.000000 -0.079082 1.616283
3067.000000 -0.390770 1.687907
3068.000000 -0.313402 1.523893
3069.000000 -0.156895 1.459083
3070.000000 -0.352504 0.974163
3071.000000 0.107764 1.255156
3072.000000 -0.122147 1.410994
3073.000000 -0.057019 0.972226
3074.000000 -0.221346 1.182348
3075.000000 -0.392101 0.827903
3076.000000 -0.205085 0.895042
3077.000000 -0.192983 1.442842
3078.000000 -0.334823 0.757695
3079.000000 -0.449412 0.992300
3080.000000 -0.558289 0.947284
3081.000000 -0.087727 0.887982
3082.000000 -0.251525 0.845957
3083.000000 -0.647596 1.494775
3084.000000 -0.565963 1.828310
3085.000000 -0.289096 0.820439
3086.000000 -0.481409 0.842395
3087.000000 -0.269792 0.487839
3088.000000 -0.568110 1.586862
3089.000000 -0.595820 1.285005
3090.000000 -0.460181 1.422361
3091.000000 -0.064186 0.828160
3092.000000 0.031915 0.784024
3093.000000 -0.270902 0.816994
3094.000000 0.049768 0.447197
3095.000000 0.210486 0.896954
3096.000000 -0.344128 1.361115
3097.000000 -0.213073 0.705026
3098.000000 0.131813 1.054221
3099.000000 0.181840 0.644595
3100.000000 0.113800 0.937869
3101.000000 -0.156721 0.811411
3102.000000 0.140125 0.895474
3103.000000 -0.484610 1.943022
3104.000000 -0.241077 1.850413
3105.000000 0.435407 1.157567
3106.000000 -0.175839 1.405311
3107.000000 0.364380 1.433525
3108.000000 -0.282143 1.137399
3109.000000 0.191348 1.422073
3110.000000 -0.275875 1.065139
3111.000000 -0.638164 1.225948
3112.000000 -0.108120 0.782438
3113.000000 -0.312374 0.846673
3114.000000 -0.410086 0.867274
3115.000000 -0.245915 0.759460
3116.000000 0.061650 0.505494
3117.000000 0.082955 0.869527
3118.000000 -0.048905 0.624886
3119.000000 0.223064 0.826288
3120.000000 0.177798 0.591938
3121.000000 -0.449946 0.654006
3122.000000 -0.070834 0.671571
3123.000000 0.111066 0.797255
3124.000000 -0.183591 1.096803
3125.000000 0.126946 0.175321
3126.000000 -0.300093 0.826583
3127.000000 -0.121930 1.077353
3128.000000 -0.224775 0.619018
3129.000000 -0.054666 0.716127
3130.000000 -0.245998 1.100473
3131.000000 0.167920 1.092869
3132.000000 -0.051954 0.548944
3133.000000 0.406297 2.206960
3134.000000 -0.205277 1.005137
3135.000000 -0.110487 1.164281
3136.000000 0.410606 1.720447
3137.000000 -0.362256 1.321802
3138.000000 0.077253 0.987694
3139.000000 0.044897 0.949237
3140.000000 -0.159169 0.636018
3141.000000 -0.392958 0.769123
3142.000000 0.135275 1.087450
3143.000000 -0.470049 0.568941
3144.000000 0.226324 0.791059
3145.000000 0.267189 0.656196
3146.000000 -0.224129 0.265576
3147.000000 -0.345458 1.307363
3148.000000 -0.626829 1.434282
3149.000000 -0.131055 0.479203
3150.000000 -0.368579 1.441465
3151.000000 -0.080438 0.923080
3152.000000 0.344969 0.767247
3153.000000 0.218411 1.112650
3154.000000 -0.260510 0.907047
3155.000000 0.078815 0.647845
3156.000000 -0.061796 0.824385
3157.000000 0.280488 0.905359
3158.000000 0.009666 1.065767
3159.000000 -0.143572 0.980612
3160.000000 -0.310080 1.184003
3161.000000 -0.240115 1.118468
3162.000000 0.168388 1.096907
3163.000000 -0.208417 0.741898
3164.000000 -0.177801 1.323558
3165.000000 -0.407268 1.183418
3166.000000 0.156623 1.068135
3167.000000 -0.016023 0.659605
3168.000000 0.224200 0.467271
3169.000000 -0.438017 1.310068
3170.000000 -0.035811 0.787366
3171.000000 -0.357402 0.833931
3172.000000 -0.184738 1.032950
3173.000000 -0.581264 1.063964
3174.000000 0.017882 1.548419
3175.000000 -0.201391 0.745843
3176.000000 -0.298437 1.673925
3177.000000 -0.310352 0.917747
3178.000000 -0.613282 1.390216
3179.000000 -0.725487 1.232966
3180.000000 -0.638791 1.322919
3181.000000 -0.389959 0.655134
3182.000000 -0.214050 1.588325
3183.000000 -0.588054 1.211587
3184.000000 -0.351534 1.410092
3185.000000 -0.176452 0.896789
3186.000000 -0.161397 0.735669
3187.000000 -0.543718 1.416582
3188.000000 0.001413 0.569964
3189.000000 -0.578804 1.119930
3190.000000 -0.184105 0.484235
3191.000000 -0.256013 1.246607
3192.000000 -0.148412 0.881548
3193.000000 -0.378145 1.593588
3194.000000 -0.351258 0.600829
3195.000000 0.165011 0.684158
3196.000000 -0.231328 0.959538
3197.000000 -0.233269 1.055079
3198.000000 -0.210734 0.529914
3199.000000 -0.330666 0.920875
3200.000000 0.067504 1.063452
3201.000000 -0.110630 1.228735
3202.000000 -0.216371 1.292951
3203.000000 -0.113954 1.473618
3204.000000 0.051987 1.094715
3205.000000 -0.103631 1.504881
3206.000000 -0.304574 1.188240
3207.000000 0.045371 0.806202
3208.000000 -0.056258 1.331331
3209.000000 -0.109849 1.151175
3210.000000 -0.293173 0.552616
3211.000000 0.150751 1.348572
3212.000000 -0.121054 0.446219
3213.000000 0.172074 0.739741
3214.000000 -0.247935 1.323498
3215.000000 -0.033228 1.696347
3216.000000 -0.088226 2.372953
3217.000000 0.012253 1.454104
3218.000000 -0.101353 1.221041
3219.000000 -0.013634 1.343958
3220.000000 -0.292125 0.792735
3221.000000 -0.294309 1.940735
3222.000000 0.006803 1.119737
3223.000000 -0.023322 1.798702
3224.000000 -0.270402 0.998383
3225.000000 -0.143241 1.288128
3226.000000 0.186739 0.933863
3227.000000 0.114572 0.767033
3228.000000 -0.480348 1.310155
3229.000000 -0.262362 1.098743
3230.000000 0.015115 0.337424
3231.000000 0.113956 1.090874
3232.000000 -0.063191 0.837559
3233.000000 0.043131 1.029252
3234.000000 -0.010051 1.614962
3235.000000 -0.386375 0.515836
3236.000000 0.147092 0.885567
3237.000000 -0.007333 0.993536
3238.000000 0.204125 0.451065
3239.000000 -0.004695 0.420182
3240.000000 0.183145 0.976239
3241.000000 -0.003273 1.746306
3242.000000 0.168019 0.963404
3243.000000 -0.221533 1.544305
3244.000000 -0.317639 0.799633
3245.000000 0.121558 0.784145
3246.000000 0.049309 1.092271
3247.000000 -0.027392 0.489038
3248.000000 -0.017599 0.835663
3249.000000 -0.077845 1.228519
3250.000000 0.028194 1.256647
3251.000000 0.353572 0.721704
3252.000000 0.048849 0.594656
3253.000000 0.508812 1.008636
3254.000000 0.156207 0.878563
3255.000000 0.105240 1.028698
3256.000000 0.126934 1.120411
3257.000000 -0.210042 0.976662
3258.000000 -0.418688 0.944163
3259.000000 0.454498 0.599460
3260.000000 0.073183 0.381904
3261.000000 -0.096155 0.421425
3262.000000 -0.010413 0.495167
3263.000000 -0.127795 0.777850
3264.000000 -0.242265 0.842408
3265.000000 -0.128855 0.925044
3266.000000 0.102850 0.457981
3267.000000 -0.003901 1.535793
3268.000000 -0.107984 0.716943
3269.000000 0.617563 0.924751
3270.000000 -0.240543 1.018084
