0.000000 0.990779 0.994353
1.000000 0.808387 0.962982
2.000000 0.948178 1.378193
3.000000 0.594300 0.802746
4.000000 0.992786 1.263595
5.000000 0.638189 0.599616
6.000000 0.933252 1.213047
7.000000 0.607977 0.855988
8.000000 0.472753 0.805752
9.000000 0.694294 1.227505
10.000000 0.321923 0.433581
11.000000 0.114397 0.508701
12.000000 0.232182 0.482780
13.000000 0.435662 0.860180
14.000000 0.386774 0.394337
15.000000 0.730344 0.816017
16.000000 0.466376 0.566272
17.000000 0.437780 0.725377
18.000000 0.334580 0.639915
19.000000 0.427513 0.498846
20.000000 0.898681 2.084262
21.000000 0.148297 0.663734
22.000000 0.232462 0.666454
23.000000 0.228614 0.545189
24.000000 0.040230 0.355964
25.000000 0.235750 0.579606
26.000000 0.045574 0.418324
27.000000 0.499718 0.497596
28.000000 0.595993 0.620955
29.000000 1.045366 1.431725
30.000000 0.754371 1.556826
31.000000 1.068280 2.009442
32.000000 0.983054 1.258157
33.000000 0.877776 1.674570
34.000000 0.846251 1.020941
35.000000 0.463860 0.432024
36.000000 0.527325 0.672082
37.000000 0.505524 1.571826
38.000000 0.305272 0.462076
39.000000 0.958899 1.064462
40.000000 1.043939 1.652380
41.000000 0.803194 0.768101
42.000000 0.834370 1.127524
43.000000 0.643415 0.897060
44.000000 0.863641 1.377394
45.000000 0.618377 0.971235
46.000000 0.570888 1.510311
47.000000 0.662325 0.917101
48.000000 0.742052 1.177088
49.000000 0.388918 1.279333
50.000000 0.219588 0.627386
51.000000 0.401284 0.874439
52.000000 0.574827 1.113360
53.000000 0.470421 2.196819
54.000000 0.490960 0.975249
55.000000 0.646904 1.116052
56.000000 0.728410 1.062224
57.000000 0.768263 1.438346
58.000000 0.695306 1.619491
59.000000 0.896402 1.286625
60.000000 0.589354 1.029271
61.000000 0.637551 1.384510
62.000000 0.333011 1.748096
63.000000 0.507423 1.194110
64.000000 0.426993 0.791059
65.000000 0.533201 0.677871
66.000000 0.566600 0.624876
67.000000 0.438330 1.199679
68.000000 0.239019 1.065146
69.000000 0.695390 1.280872
70.000000 0.649328 1.234695
71.000000 0.448127 1.670738
72.000000 0.150571 0.721229
73.000000 0.733874 1.078390
74.000000 0.862483 1.535512
75.000000 0.730854 0.688990
76.000000 0.422233 0.561737
77.000000 0.698851 1.207713
78.000000 0.247176 0.819021
79.000000 0.647849 0.937797
80.000000 0.651560 0.894068
81.000000 0.753625 1.199922
82.000000 0.566687 1.542550
83.000000 0.145486 0.790173
84.000000 0.148624 1.052859
85.000000 0.167765 1.330370
86.000000 0.440973 0.467209
87.000000 0.661393 0.801424
88.000000 0.393942 1.187986
89.000000 0.321047 0.766283
90.000000 0.086535 0.672563
91.000000 0.190428 1.064336
92.000000 0.614852 0.912768
93.000000 0.579053 0.976015
94.000000 0.258978 0.652793
95.000000 0.158142 1.204343
96.000000 0.425163 0.594724
97.000000 0.060639 0.905154
98.000000 0.234098 1.122505
99.000000 0.521301 0.665248
100.000000 0.564889 1.005869
101.000000 0.331907 0.975004
102.000000 -0.161471 0.553235
103.000000 0.144472 1.234100
104.000000 -0.113937 0.771321
105.000000 -0.296390 0.605417
106.000000 0.116153 0.801092
107.000000 0.030259 1.088763
108.000000 0.509543 1.128425
109.000000 0.692133 1.742031
110.000000 -0.207024 1.008302
