1.200000 3636.494789 0.040715
1.200000 3600.432957 0.096023
1.200000 3644.805881 0.007959
1.200000 3647.045943 -0.008861
1.200000 3625.502831 0.062402
1.200000 3635.838579 -0.045066
1.200000 3640.642473 0.030256
1.200000 3643.422393 -0.019068
1.200000 3601.797209 -0.093068
1.200000 3644.381544 -0.013384
1.200000 3640.164330 0.034176
1.270000 3501.392050 0.015763
1.270000 3502.491146 0.009280
1.270000 3498.977224 -0.030060
1.270000 3502.977979 -0.000782
1.270000 3501.150211 -0.005236
1.270000 3501.904462 0.010896
1.270000 3494.781922 0.042633
1.270000 3488.607029 -0.054350
1.270000 3504.937390 0.008438
1.270000 3502.315640 0.005015
1.270000 3492.465891 -0.046261
1.000000 3949.737394 -0.099587
1.000000 3861.128715 -0.165783
1.000000 3851.257932 0.171773
1.000000 3664.015334 0.258032
1.000000 3683.146204 0.250804
1.000000 3757.041779 0.219386
1.000000 3968.364150 0.079324
1.000000 3587.926466 0.285595
1.000000 3763.096596 0.216725
1.000000 3709.554435 0.239960
1.000000 3252.408736 0.384750
