1.250000 1564.746290 0.819007
1.330000 2227.452497 0.790971
1.410000 177489.808325 0.366207
1.490000 206424.648185 0.035409
1.570000 171748.203140 -0.115069
1.650000 146866.507938 0.021681
1.730000 109287.845045 0.075242
1.810000 85384.475936 -0.049405
1.890000 61599.218355 -0.036219
1.970000 47346.176329 -0.031917
2.050000 35365.701855 -0.009958
2.130000 26925.218413 -0.013908
2.210000 21139.578331 0.006279
2.290000 17503.944745 -0.011508
2.370000 14003.138050 0.006879
2.450000 12004.442292 -0.003252
