1.000000 0.000000 nan
1.000000 0.000000 nan
1.000000 0.000000 nan
1.000000 0.000000 nan
1.000000 0.000000 nan
1.000000 0.000000 nan
1.000000 0.000000 nan
1.000000 0.000000 nan
1.000000 0.000000 nan
1.000000 0.000000 nan
1.000000 0.000000 nan
1.000000 0.000000 nan
1.000000 0.000000 nan
1.000000 0.000000 nan
1.000000 0.000000 nan
1.000000 0.000000 nan
1.000000 0.000000 nan
1.000000 0.000000 nan
1.000000 0.000000 nan
1.000000 0.000000 nan
1.000000 0.000000 nan
1.000000 0.000000 nan
1.000000 0.000000 nan
1.000000 0.000000 nan
1.000000 0.000000 nan
1.000000 0.000000 nan
1.000000 0.000000 nan
1.000000 0.000000 nan
1.000000 0.000000 nan
1.000000 0.000000 nan
1.000000 0.000000 nan
1.000000 0.000000 nan
1.000000 0.000000 nan
