1.250000 4013.696789 0.819733
1.330000 6073.830316 0.790718
1.410000 13288.381402 0.749512
1.490000 879746.271503 0.451715
1.570000 1211032.732219 0.045873
1.650000 844184.736847 -0.131650
1.730000 616406.887269 -0.002484
1.810000 335501.677355 -0.013341
1.890000 205493.254985 0.000332
1.970000 139618.568056 -0.015410
2.050000 102434.342233 0.006769
2.130000 74208.269626 -0.002093
2.210000 58794.423610 0.002185
2.290000 45024.348469 0.002116
2.370000 40953.307660 -0.006802
2.450000 33435.959911 0.000459
