0.900000 179.272647 0.901414
1.080000 302.426419 0.866338
1.020000 250.486287 0.879218
1.170000 425.170535 0.844047
0.960000 211.106477 0.890870
1.200000 483.765209 0.835721
0.930000 193.820174 0.896345
0.990000 230.562098 0.885211
1.110000 339.210746 0.859236
1.140000 385.148258 0.851771
1.050000 1251.914319 0.865791
1.250000 646.439598 0.819799
1.330000 44336.337473 0.292293
1.410000 43452.559003 0.211282
1.490000 42739.850436 0.037165
1.570000 38562.622885 0.020013
1.650000 32860.348483 -0.018626
1.730000 28083.642611 0.022511
1.810000 23688.013205 0.048393
1.890000 19498.864662 0.012837
1.970000 16285.178531 0.027692
2.050000 13346.798254 0.012348
2.130000 11041.987196 -0.018913
2.210000 9034.895706 -0.000492
2.290000 7412.638099 -0.005657
