1.250000 3353.386063 0.818732
1.330000 4097.956620 0.789395
1.410000 324355.346439 0.559308
1.490000 238057.489337 0.551082
1.570000 526725.995716 -0.023640
1.650000 348661.401012 0.183111
1.730000 279926.690061 0.062014
1.810000 194640.880424 -0.062305
1.890000 129647.341673 -0.036238
1.970000 88139.300923 0.004594
2.050000 65049.968667 0.000952
2.130000 46752.016103 -0.013643
2.210000 37379.612629 0.006876
2.290000 31212.908458 0.001528
2.370000 24847.065168 -0.001099
2.450000 22003.600709 0.000357
