1.250000 33813.845341 -0.027823
1.330000 29976.496137 0.020824
1.410000 26294.536735 0.038015
1.490000 22889.493014 0.010674
1.220000 34911.478713 -0.015812
1.190000 34956.446091 -0.127249
1.160000 36946.940781 0.103266
1.130000 37712.422583 0.136413
1.100000 40695.827033 -0.039221
1.070000 41429.258226 -0.089757
1.040000 42168.203822 0.118486
1.010000 43368.211207 0.128213
0.980000 42608.568613 -0.215121
0.950000 43062.233792 0.235866
0.920000 42807.553833 -0.270937
0.890000 46664.895221 0.205684
0.860000 48519.918244 0.187190
0.830000 42325.176863 0.356390
0.800000 46426.659429 0.302804
0.770000 44391.174935 0.362047
