1.250000 407656.589517 0.089753
1.330000 341271.719622 -0.016993
1.410000 259974.813736 -0.061693
1.250000 411813.793268 0.092818
1.220000 452359.177761 -0.025472
1.190000 477401.999230 0.072320
1.160000 464718.693649 -0.196943
1.130000 546601.395870 -0.032521
1.100000 578050.615441 0.051714
1.070000 575540.243488 0.157038
1.040000 519935.968624 0.302932
1.010000 394078.921025 0.465915
0.980000 154879.495426 0.648232
0.950000 272375.586903 0.592695
0.920000 10441.792031 0.760570
0.890000 8686.296812 0.774096
0.860000 8623.611566 0.783908
0.830000 7903.053491 0.794600
0.800000 6559.529023 0.806481
0.770000 5875.946611 0.817004
