1.250000 931947.226049 -0.061752
1.330000 700299.635003 -0.096818
1.410000 496818.379799 0.021303
1.250000 922763.101846 -0.002420
1.220000 951127.854641 0.149699
1.190000 1017915.557791 0.156570
1.160000 1202496.268338 0.084169
1.130000 1250950.828965 0.116315
1.100000 1376909.264404 0.068569
1.070000 211782.396248 0.629668
1.040000 604588.186831 0.543920
1.010000 1354700.671261 0.281745
0.980000 627741.364536 0.579410
0.950000 25956.744632 0.742927
0.920000 17775.882804 0.758293
0.890000 14476.591978 0.771840
0.860000 12813.401551 0.784258
0.830000 11908.261060 0.794976
0.800000 9257.716608 0.807489
0.770000 8311.479751 0.817678
