1.250000 146978.331667 -0.027439
1.330000 125196.150277 -0.036631
1.410000 102217.182220 0.001369
1.490000 83962.409543 0.047464
1.250000 147601.117760 -0.049737
1.220000 154423.769304 -0.085366
1.190000 162226.729377 0.105618
1.160000 173733.971603 -0.052788
1.130000 181832.124343 0.069603
1.100000 184037.750174 -0.151593
1.070000 191854.134595 0.144341
1.040000 186118.183064 -0.232591
1.010000 214498.066142 0.079648
0.980000 225218.594606 0.001886
0.950000 6337.584403 0.747165
0.920000 157889.535048 0.449420
0.890000 92164.785621 0.618383
0.860000 4763.739814 0.783990
0.830000 79084.954472 0.669952
0.800000 3661.211632 0.806543
0.770000 3068.596955 0.818152
