0.000000 0.944624 0.932705
1.000000 0.876300 1.060851
2.000000 0.761542 0.888273
3.000000 0.803808 1.066406
4.000000 0.790426 0.956892
5.000000 0.750387 0.931786
6.000000 0.970972 1.311182
7.000000 0.867904 1.089383
8.000000 0.702931 1.010744
9.000000 0.638299 0.899127
10.000000 0.737786 0.947245
11.000000 0.714507 0.903090
12.000000 0.691548 1.272176
13.000000 0.696330 0.932875
14.000000 0.825473 1.001300
15.000000 0.627874 0.946971
16.000000 0.798192 1.089947
17.000000 0.945894 1.436965
18.000000 0.812648 1.132630
19.000000 0.832765 1.213728
20.000000 0.690038 0.823742
21.000000 0.803381 1.037327
22.000000 0.678785 0.775456
23.000000 0.776222 1.038818
24.000000 0.760044 0.908188
25.000000 0.598805 0.856005
26.000000 0.691840 0.955775
27.000000 0.677998 1.048322
28.000000 0.773414 1.280078
29.000000 0.582381 0.818674
30.000000 0.592004 0.836623
31.000000 0.601858 0.895576
32.000000 0.627441 0.958634
33.000000 0.748332 1.222603
34.000000 0.660101 0.913851
35.000000 0.607388 1.014104
36.000000 0.600262 1.048794
37.000000 0.402914 0.861757
38.000000 0.503048 1.010397
39.000000 0.587673 1.072046
40.000000 0.613412 0.879364
41.000000 0.732561 1.066964
42.000000 0.830606 1.238722
43.000000 0.898812 1.205789
44.000000 0.636505 1.098261
45.000000 0.577029 0.994316
46.000000 0.700308 1.119653
47.000000 0.739381 0.903896
48.000000 0.598193 0.699073
49.000000 0.877503 1.156719
50.000000 0.636835 0.894153
