0.000000 0.988992 1.003176
1.000000 0.981993 1.183561
2.000000 0.654181 0.915678
3.000000 0.671575 1.076608
4.000000 0.725275 0.919273
5.000000 0.743463 1.113309
6.000000 0.720017 0.922845
7.000000 0.669973 0.826413
8.000000 0.615024 0.912040
9.000000 0.733155 1.053889
10.000000 0.723798 1.139183
11.000000 0.874668 1.176820
12.000000 0.693209 1.031565
13.000000 0.934947 1.167878
14.000000 0.865407 1.063659
15.000000 0.775865 1.084353
16.000000 0.619069 0.814671
17.000000 0.846597 1.414632
18.000000 0.736250 0.946115
19.000000 0.692344 1.036042
20.000000 0.761571 1.066296
21.000000 0.675472 0.951196
22.000000 0.747377 1.035565
23.000000 0.712969 0.840038
24.000000 0.853805 0.956163
25.000000 0.872956 1.272913
26.000000 0.678188 0.861430
27.000000 0.626619 1.159938
28.000000 0.684869 1.015154
29.000000 0.596061 0.955379
30.000000 0.573031 0.979356
31.000000 0.709027 0.940698
32.000000 0.740171 1.185017
33.000000 0.717081 0.972725
34.000000 0.632462 1.096615
35.000000 0.666960 1.082870
36.000000 0.807095 1.163044
37.000000 0.675863 1.258663
38.000000 0.574654 1.020243
39.000000 0.713711 1.103185
40.000000 0.653066 0.975992
41.000000 0.701908 1.116963
42.000000 0.855952 1.423495
43.000000 0.504173 0.985388
44.000000 0.616138 0.993763
45.000000 0.599430 1.009747
46.000000 0.632216 1.063339
47.000000 0.626647 1.080972
48.000000 0.585237 1.114717
49.000000 0.598858 1.086933
50.000000 0.404705 0.954676
51.000000 0.622291 0.987832
52.000000 0.727898 1.065775
53.000000 0.560549 0.867983
54.000000 0.555896 1.068774
55.000000 0.589119 1.014460
56.000000 0.602435 1.131466
57.000000 0.572871 0.842087
58.000000 0.569698 0.967296
59.000000 0.599924 1.065016
60.000000 0.391252 0.776550
61.000000 0.719895 1.321548
62.000000 0.428805 0.956642
63.000000 0.489970 1.048218
64.000000 0.436824 0.923646
65.000000 0.492445 1.105739
66.000000 0.672998 1.106305
67.000000 0.747672 1.302289
68.000000 0.652606 0.996826
69.000000 0.667477 1.272341
70.000000 0.680855 1.137381
71.000000 0.493206 1.043399
72.000000 0.668176 1.127418
73.000000 0.521230 1.126192
74.000000 0.352811 0.995819
75.000000 0.421029 0.644305
76.000000 0.342298 1.026755
77.000000 0.445488 1.321312
78.000000 0.463363 1.066411
79.000000 0.483919 0.987489
80.000000 0.396796 0.996713
81.000000 0.453735 1.197821
82.000000 0.430058 0.977492
83.000000 0.514912 0.988856
84.000000 0.337336 0.903746
85.000000 0.429939 0.966783
86.000000 0.448809 0.891911
87.000000 0.247003 0.789993
88.000000 0.352397 1.028488
89.000000 0.521004 1.117967
90.000000 0.394678 1.119704
91.000000 0.491102 1.011848
92.000000 0.470051 1.002709
93.000000 0.372455 1.151522
94.000000 0.383456 1.201963
95.000000 0.499758 1.041204
96.000000 0.383670 1.067644
97.000000 0.338236 1.096820
98.000000 0.379627 0.970139
99.000000 0.413579 1.084902
100.000000 0.451250 1.023091
101.000000 0.299701 1.140327
102.000000 0.307480 1.088293
103.000000 0.362752 1.027179
104.000000 0.434343 0.914101
105.000000 0.435472 1.210857
106.000000 0.432865 0.931120
107.000000 0.381469 1.103197
108.000000 0.360568 0.845983
109.000000 0.466858 0.813482
110.000000 0.135095 0.872265
111.000000 0.324367 1.057901
112.000000 0.173180 1.096610
113.000000 0.243541 1.285394
114.000000 0.259029 0.898726
115.000000 0.271182 1.050960
116.000000 0.225513 0.973950
117.000000 0.445321 1.092345
118.000000 0.334090 0.925030
119.000000 0.244377 1.021411
120.000000 0.155764 1.108265
121.000000 0.247306 0.946968
122.000000 0.279201 1.043331
123.000000 0.392117 1.163373
124.000000 0.430591 1.120405
125.000000 0.236009 0.720538
126.000000 0.299386 0.851369
127.000000 0.345836 0.855712
128.000000 0.333719 0.991959
129.000000 0.328204 0.784757
130.000000 0.241182 1.221878
131.000000 0.310596 1.109141
132.000000 0.346612 0.863883
133.000000 0.444061 1.054053
134.000000 0.523551 1.015733
135.000000 0.508326 1.117974
136.000000 0.422564 0.963272
137.000000 0.656983 1.070818
138.000000 0.446151 1.072094
139.000000 0.366103 1.042909
140.000000 0.314967 1.166600
141.000000 0.227625 0.765761
142.000000 0.526658 1.202232
143.000000 0.341530 1.203340
144.000000 0.387895 1.089790
145.000000 0.443997 1.021902
146.000000 0.356091 0.784778
147.000000 0.412528 0.936702
148.000000 0.379996 1.137484
149.000000 0.361067 0.907335
150.000000 0.423800 0.986016
151.000000 0.539990 1.100791
152.000000 0.386048 0.821058
153.000000 0.466394 1.042600
154.000000 0.295146 0.992033
155.000000 0.208905 0.842934
156.000000 0.198501 0.986993
157.000000 0.124670 0.964653
158.000000 0.274925 1.105646
159.000000 0.273371 1.088959
160.000000 0.334578 1.180182
161.000000 0.386416 1.095517
162.000000 0.254297 1.038720
163.000000 0.270497 0.727780
164.000000 0.447949 1.201395
165.000000 0.256420 1.088889
166.000000 0.393322 0.991901
167.000000 0.417124 1.066018
168.000000 0.229633 0.919350
169.000000 0.243362 1.043161
170.000000 0.174491 0.965745
171.000000 0.196546 0.860909
172.000000 0.409204 1.205681
173.000000 0.160470 1.189037
174.000000 0.329688 1.069552
175.000000 0.236167 0.973267
176.000000 0.216838 0.970200
177.000000 0.279444 0.939736
178.000000 0.242326 1.224127
179.000000 0.284725 1.013328
180.000000 0.361410 1.147728
181.000000 0.311442 1.072295
182.000000 0.029703 1.029506
183.000000 0.224647 0.946454
184.000000 0.225054 1.248842
185.000000 0.116813 1.148814
186.000000 0.111290 0.995061
187.000000 0.221398 1.162334
188.000000 0.155705 1.193537
189.000000 0.202545 0.971702
190.000000 0.177656 0.841217
191.000000 0.209039 0.911004
192.000000 0.138431 1.042885
193.000000 0.188917 0.963868
194.000000 0.388162 1.033971
195.000000 0.127093 1.053901
196.000000 0.340748 1.135226
197.000000 0.261314 0.795084
198.000000 0.221457 0.827362
199.000000 0.159916 0.941917
200.000000 0.234770 0.909969
201.000000 0.245643 1.089910
202.000000 0.411220 0.926742
203.000000 0.190361 1.311856
204.000000 0.180422 1.243638
205.000000 0.132472 0.870876
206.000000 0.209679 1.089987
207.000000 0.244379 1.226930
208.000000 0.128492 0.941432
209.000000 0.263856 1.132792
210.000000 0.015373 1.147264
211.000000 0.201891 1.055485
212.000000 0.158111 1.031411
213.000000 0.057379 0.974278
214.000000 0.054681 1.187659
215.000000 0.104331 1.145429
216.000000 0.115458 0.974901
217.000000 0.061869 0.950679
218.000000 0.163064 1.034083
219.000000 0.163956 0.970935
220.000000 0.320122 0.869976
221.000000 0.011561 0.798707
222.000000 0.182866 1.268482
223.000000 0.159030 1.157596
224.000000 0.036793 0.950945
225.000000 0.194970 0.972756
226.000000 0.091428 0.758150
227.000000 0.138717 0.815854
228.000000 0.115726 0.836976
229.000000 0.071846 0.909439
230.000000 0.097421 0.932368
231.000000 0.085335 1.006781
232.000000 0.028836 1.112540
233.000000 0.209269 1.120236
234.000000 0.176859 1.040505
235.000000 0.161330 1.153367
236.000000 -0.006347 0.946831
237.000000 0.056537 1.120670
238.000000 0.022761 0.903879
239.000000 -0.069558 0.824897
240.000000 0.103500 1.070851
241.000000 0.188785 1.084684
242.000000 0.089243 1.189214
243.000000 0.223991 1.063289
244.000000 0.082251 0.918276
245.000000 0.247058 1.246873
246.000000 0.064621 1.192234
247.000000 0.094806 1.013698
248.000000 -0.083164 0.996176
249.000000 -0.030660 1.126714
250.000000 0.078784 0.936688
251.000000 -0.056336 0.941763
252.000000 -0.061886 1.028104
253.000000 -0.102182 1.241456
254.000000 0.048579 1.221135
255.000000 -0.171060 1.131218
256.000000 0.126193 1.243842
257.000000 -0.016263 0.885090
258.000000 0.047811 0.827425
259.000000 0.288603 1.312310
260.000000 0.154286 0.948659
261.000000 0.187608 1.162931
262.000000 0.019764 0.998808
263.000000 0.097567 0.956617
264.000000 0.139647 1.217031
265.000000 0.279452 1.162610
266.000000 0.206737 0.968279
267.000000 0.158357 1.231786
268.000000 -0.099108 0.861948
269.000000 -0.006827 1.005966
270.000000 0.178255 1.152217
271.000000 0.083423 0.891500
272.000000 0.088570 1.169095
273.000000 0.210738 1.031486
274.000000 0.326449 1.055579
275.000000 0.098059 1.141110
276.000000 0.184798 0.973572
277.000000 0.237909 1.076373
278.000000 0.210058 0.914531
279.000000 0.005815 1.149965
280.000000 0.241540 1.166971
281.000000 0.189902 1.078082
282.000000 -0.026693 0.948759
283.000000 0.067263 1.035534
284.000000 0.001552 1.048787
285.000000 0.097798 0.932530
286.000000 0.305028 1.011001
287.000000 0.169299 0.917854
288.000000 0.200806 0.914496
289.000000 0.104491 0.938288
290.000000 0.071454 0.807672
291.000000 0.157554 0.821459
292.000000 0.123099 1.054198
293.000000 0.273503 1.170094
294.000000 0.288572 1.019011
295.000000 0.200083 0.864645
296.000000 0.081156 1.015398
297.000000 0.238249 1.157793
298.000000 0.059043 0.970161
299.000000 0.086109 0.738483
300.000000 0.059608 1.021374
301.000000 -0.087779 0.978279
302.000000 -0.201923 1.130802
303.000000 0.117720 1.029571
304.000000 0.018297 1.294839
305.000000 0.022971 0.973439
306.000000 0.149962 1.099023
307.000000 0.073982 0.987897
308.000000 0.008699 1.100381
309.000000 -0.040597 0.866946
310.000000 0.115648 0.996383
311.000000 -0.042909 0.820231
312.000000 -0.002686 1.134481
313.000000 0.039119 1.070157
314.000000 0.024869 1.140285
315.000000 0.053971 0.936005
316.000000 -0.002891 1.111621
317.000000 0.304349 1.170404
318.000000 0.246622 1.058853
319.000000 0.192901 0.788219
320.000000 0.272800 1.077166
321.000000 0.212536 0.964763
322.000000 0.130238 1.270662
323.000000 0.227624 0.997556
324.000000 0.198303 0.749383
325.000000 0.168445 1.023810
326.000000 0.148487 1.015751
327.000000 -0.041826 0.949070
328.000000 0.117900 1.127929
329.000000 0.358284 1.254793
330.000000 0.284432 1.268890
331.000000 0.463540 1.241666
332.000000 0.240595 1.140340
333.000000 0.298718 1.231744
334.000000 0.265663 1.204159
335.000000 0.332122 1.002071
336.000000 0.238815 1.115932
337.000000 0.271409 1.115556
338.000000 0.206628 0.998493
339.000000 0.193679 1.029134
340.000000 0.198386 0.887957
341.000000 0.092935 1.024684
342.000000 0.137320 1.018035
343.000000 0.309508 1.130074
344.000000 0.134862 1.066838
345.000000 0.224618 0.873189
346.000000 0.292945 1.035930
347.000000 0.519732 1.192662
348.000000 0.315868 1.125563
349.000000 0.275846 1.085778
350.000000 0.352974 0.910861
351.000000 0.250298 1.045353
352.000000 0.242179 0.988006
353.000000 0.235926 1.112689
354.000000 0.101672 1.054722
355.000000 0.021203 1.095809
356.000000 0.227517 0.964266
357.000000 0.275434 1.258455
358.000000 0.205416 0.983970
359.000000 0.051041 1.083877
360.000000 0.145350 1.101380
361.000000 0.147578 1.286006
362.000000 0.185602 0.906387
363.000000 0.111669 1.051597
364.000000 0.289977 1.186788
365.000000 0.356351 1.038254
366.000000 0.143484 0.930194
367.000000 0.133617 0.948480
368.000000 0.069680 1.054087
369.000000 0.122677 0.956906
370.000000 0.225300 1.161433
371.000000 0.251600 1.070167
372.000000 0.107699 1.189121
373.000000 0.174396 0.872280
374.000000 0.109657 0.871723
375.000000 -0.099868 0.944629
376.000000 -0.014595 1.046919
377.000000 0.053258 0.978148
378.000000 0.162934 1.407217
379.000000 0.183062 0.992848
380.000000 0.068335 1.303624
381.000000 0.068569 1.168403
382.000000 0.138555 1.154232
383.000000 0.284741 0.952161
384.000000 0.049678 0.985884
385.000000 0.068217 0.886324
386.000000 0.066356 1.044975
387.000000 0.082336 1.025760
388.000000 0.229094 1.168621
389.000000 0.112536 1.135483
390.000000 0.073583 1.118804
391.000000 0.050402 1.038466
392.000000 0.190085 1.159677
393.000000 0.061782 1.287106
394.000000 0.105116 1.163704
395.000000 0.052608 0.870307
396.000000 0.149701 1.101016
397.000000 0.183547 1.056322
398.000000 0.188582 0.991970
399.000000 0.192459 1.210021
400.000000 0.224508 0.884007
401.000000 0.088640 1.075944
402.000000 0.236279 0.867465
403.000000 0.040883 0.982063
404.000000 0.112898 1.010215
405.000000 -0.004468 0.915396
406.000000 0.133204 0.738232
407.000000 0.191405 1.029384
408.000000 0.035171 0.952683
409.000000 0.185210 1.108671
410.000000 -0.076211 0.919686
411.000000 0.211655 0.999520
412.000000 0.114551 0.917283
413.000000 0.215522 0.931313
414.000000 0.151022 0.964472
415.000000 0.041026 1.112254
416.000000 0.086258 1.070960
417.000000 0.173883 0.931588
418.000000 0.082932 1.003600
419.000000 0.162374 1.158722
420.000000 -0.063941 1.154171
421.000000 0.022162 0.841743
422.000000 0.074809 1.123260
423.000000 0.040833 0.913086
424.000000 0.218329 1.080189
425.000000 0.052147 1.007824
426.000000 0.043201 0.841338
427.000000 0.095202 0.935336
428.000000 0.070539 0.897301
429.000000 0.066367 0.957969
430.000000 -0.002433 0.985071
431.000000 0.068301 1.106647
432.000000 0.006799 1.111203
433.000000 0.094142 1.030396
434.000000 0.089138 1.210754
435.000000 0.003652 0.986131
436.000000 -0.079608 0.959168
437.000000 0.037877 0.987558
438.000000 0.091282 1.155141
439.000000 0.167275 1.171542
440.000000 0.137915 0.978119
441.000000 0.103028 0.954752
442.000000 0.202194 1.102695
443.000000 0.222660 1.153939
444.000000 0.204914 1.097701
445.000000 0.249216 0.811065
446.000000 0.214521 1.236707
447.000000 0.006086 0.992085
448.000000 -0.022773 0.930180
449.000000 0.071049 0.744338
450.000000 -0.114324 0.884251
451.000000 0.130889 1.106231
452.000000 0.071004 1.111029
453.000000 0.080992 1.098240
454.000000 0.270627 0.878684
455.000000 0.190215 1.052570
456.000000 0.229480 1.176399
457.000000 0.044782 1.118054
458.000000 -0.032068 1.036581
459.000000 0.000975 1.122498
460.000000 0.110554 1.162529
461.000000 0.086204 1.180226
462.000000 0.038864 1.118087
463.000000 -0.102010 1.049359
464.000000 0.057853 0.906910
465.000000 0.043489 0.918537
466.000000 0.009753 1.039391
467.000000 0.019314 1.005364
468.000000 0.054005 0.835075
469.000000 0.178575 1.034655
470.000000 0.270636 0.855590
471.000000 0.169085 0.788815
472.000000 0.151740 1.030630
473.000000 0.286210 1.047871
474.000000 0.190774 0.839960
475.000000 0.184231 0.958539
476.000000 0.222294 0.948484
477.000000 0.181572 0.915477
478.000000 0.251463 1.081676
479.000000 0.154565 0.791306
480.000000 0.224967 1.060180
481.000000 0.288268 1.242509
482.000000 0.193458 1.084012
483.000000 0.256614 1.101898
484.000000 0.108076 1.024326
485.000000 0.275466 1.063235
486.000000 0.094426 1.267156
487.000000 0.049143 1.020746
488.000000 0.270108 1.070162
489.000000 0.236551 1.078301
490.000000 0.124140 1.125653
491.000000 0.184121 1.061931
492.000000 -0.050760 1.205780
493.000000 0.100050 1.098083
494.000000 0.001994 0.919838
495.000000 0.035002 0.957523
496.000000 0.115983 1.128307
497.000000 0.187911 1.038527
498.000000 0.220406 1.054444
499.000000 0.289354 1.117966
500.000000 0.006907 1.042031
501.000000 -0.021011 1.058471
502.000000 0.069885 0.981291
503.000000 0.072952 0.957500
504.000000 0.052334 1.028124
505.000000 0.036536 0.744621
506.000000 -0.070964 1.029612
507.000000 0.069792 1.013673
508.000000 0.008504 1.114349
509.000000 0.093217 0.979951
510.000000 0.056838 1.121391
511.000000 -0.027261 1.128849
512.000000 0.000846 1.065265
513.000000 0.075976 1.078554
514.000000 0.108331 1.091035
515.000000 0.059953 0.932087
516.000000 0.234606 0.946556
517.000000 0.214764 0.923048
518.000000 -0.001395 1.169311
519.000000 0.192919 1.394724
520.000000 -0.022730 1.430443
521.000000 0.224269 0.989282
522.000000 0.058333 1.162660
523.000000 0.041635 1.194359
524.000000 -0.015422 1.132771
525.000000 0.184866 1.079273
526.000000 -0.024515 1.038765
527.000000 -0.128431 1.275384
528.000000 0.088747 0.945695
529.000000 0.122661 0.919799
530.000000 0.073721 1.144849
531.000000 0.200137 0.922621
532.000000 0.156273 1.072080
533.000000 0.210456 1.023543
534.000000 0.110257 1.109084
535.000000 0.114958 1.019530
536.000000 0.215418 0.903607
537.000000 0.073192 0.949595
538.000000 0.173305 0.808732
539.000000 0.213514 1.021110
540.000000 -0.021094 0.682204
541.000000 0.168864 1.162322
542.000000 -0.172154 0.915807
543.000000 -0.014847 1.025819
544.000000 0.077738 1.134083
545.000000 0.117432 0.993920
546.000000 -0.021930 0.989408
547.000000 -0.125678 0.865548
548.000000 -0.040602 1.000948
549.000000 -0.073970 0.864400
550.000000 -0.045621 1.173283
551.000000 -0.237855 1.288168
552.000000 -0.100691 0.793546
553.000000 -0.056473 1.146825
554.000000 -0.029476 1.043586
555.000000 -0.021037 1.126924
556.000000 -0.065589 1.095176
557.000000 -0.065036 0.974669
558.000000 -0.075286 1.289157
559.000000 -0.031980 0.854595
560.000000 -0.017021 0.874234
561.000000 -0.137208 0.997444
562.000000 -0.153191 0.866728
563.000000 -0.075663 1.017878
564.000000 -0.107492 1.129069
565.000000 -0.028386 1.361578
566.000000 -0.139027 1.141501
567.000000 -0.062023 1.174687
568.000000 -0.017244 0.989223
569.000000 0.057707 0.980877
570.000000 0.054497 1.035997
571.000000 -0.035444 0.930856
572.000000 0.134254 0.963644
573.000000 0.090524 1.265727
574.000000 -0.001647 1.147482
575.000000 0.129528 1.022268
576.000000 0.005092 1.148656
577.000000 0.042028 1.102964
578.000000 0.103985 0.992385
579.000000 -0.097308 1.108633
580.000000 -0.024819 1.052170
581.000000 -0.133931 1.060713
582.000000 -0.068818 1.202003
583.000000 -0.141513 1.194309
584.000000 -0.085004 1.072272
585.000000 0.024009 0.962004
586.000000 -0.019201 0.970154
587.000000 -0.100946 1.345900
588.000000 0.019574 0.951525
589.000000 -0.085736 1.113201
590.000000 0.002687 1.183638
591.000000 -0.096642 1.044930
592.000000 -0.154991 1.149361
593.000000 -0.140163 1.100987
594.000000 -0.049678 1.091448
595.000000 -0.189907 1.073587
596.000000 -0.213389 1.405841
597.000000 -0.218063 1.339806
598.000000 -0.221255 1.033141
599.000000 -0.021928 1.355263
600.000000 -0.240292 1.090201
601.000000 -0.129091 1.058555
602.000000 -0.060727 0.969573
603.000000 0.008837 0.999619
604.000000 0.029933 0.987808
605.000000 0.065680 1.141815
606.000000 0.163333 1.116048
607.000000 0.088604 0.961911
608.000000 0.082830 0.960358
609.000000 -0.008982 1.265207
610.000000 0.039071 0.963067
611.000000 0.034323 0.833139
612.000000 -0.064242 1.296935
613.000000 -0.040361 0.995828
614.000000 -0.019519 0.847893
615.000000 -0.146350 0.804637
616.000000 -0.136715 1.193712
617.000000 -0.141470 0.910120
618.000000 -0.063683 0.971512
619.000000 -0.129335 0.871542
620.000000 -0.103027 0.893763
621.000000 -0.151029 1.264560
622.000000 -0.078728 1.235293
623.000000 0.031505 1.145224
624.000000 -0.060075 1.247530
625.000000 -0.000861 1.055934
626.000000 -0.073543 0.978048
627.000000 0.022191 0.937833
628.000000 0.050857 1.109424
629.000000 0.021296 1.326640
630.000000 0.011285 1.016239
631.000000 0.096329 1.158706
632.000000 0.110265 1.007200
633.000000 0.171853 0.936506
634.000000 0.162934 1.143824
635.000000 0.052711 1.067616
636.000000 0.059144 0.857640
637.000000 -0.082167 0.726139
638.000000 0.094303 0.911092
639.000000 0.071510 0.866825
640.000000 0.016388 0.647614
641.000000 0.023496 1.189048
642.000000 0.193306 1.127313
643.000000 0.010518 0.853554
644.000000 0.006082 1.182026
645.000000 -0.101280 0.756703
646.000000 0.028867 1.132431
647.000000 0.138773 0.829332
648.000000 0.110219 0.838496
649.000000 -0.085508 0.987959
650.000000 -0.079645 1.143471
651.000000 0.081642 1.117910
652.000000 -0.074334 0.943473
653.000000 0.017257 0.756870
654.000000 -0.056029 1.047665
655.000000 -0.138548 0.927593
656.000000 0.143806 0.900541
657.000000 0.064858 0.861700
658.000000 0.053203 1.180087
659.000000 0.099844 0.875049
660.000000 0.067417 0.925471
661.000000 0.271585 1.223144
662.000000 -0.012181 0.990495
663.000000 0.067512 1.213321
664.000000 0.036689 0.930466
665.000000 0.010093 1.296537
666.000000 0.095258 1.081474
667.000000 -0.056025 1.009017
668.000000 0.089542 1.117223
669.000000 0.059419 0.873550
670.000000 0.015697 0.962603
671.000000 0.150481 0.854904
672.000000 0.001937 0.919146
673.000000 -0.092004 0.950172
674.000000 -0.096436 1.080705
675.000000 0.104500 1.066954
676.000000 -0.001356 0.800212
677.000000 0.056609 0.728944
678.000000 -0.095191 0.952612
679.000000 -0.152787 0.971388
680.000000 -0.042903 0.902856
681.000000 0.049635 0.935225
682.000000 -0.087288 0.877367
683.000000 -0.062672 0.902914
684.000000 -0.167881 1.103524
685.000000 0.051023 1.070855
686.000000 0.005100 0.996277
687.000000 -0.086013 0.725206
688.000000 0.053708 1.321215
689.000000 0.179023 0.859943
690.000000 -0.036037 1.081040
691.000000 0.116891 0.956575
692.000000 -0.067164 0.859355
693.000000 0.058784 0.946803
694.000000 0.041949 1.047495
695.000000 0.054799 0.945928
696.000000 0.055801 0.948652
697.000000 -0.015221 0.937379
698.000000 0.115765 1.050255
699.000000 -0.124842 1.222511
700.000000 0.044291 1.040715
701.000000 -0.026829 1.314253
702.000000 -0.070346 1.221351
703.000000 0.037917 1.100697
704.000000 -0.029935 0.986244
705.000000 0.020108 1.057301
706.000000 -0.028944 0.997013
707.000000 0.154387 1.281758
708.000000 0.020782 0.873233
709.000000 0.085422 1.037173
710.000000 -0.024924 1.092050
711.000000 -0.012748 0.829257
712.000000 0.125367 0.946618
713.000000 -0.094826 0.860328
714.000000 -0.069544 1.085012
715.000000 -0.069585 1.055422
716.000000 -0.067109 1.038293
717.000000 0.036343 1.065782
718.000000 -0.077452 1.095343
719.000000 -0.015715 1.076639
720.000000 -0.066926 1.110108
721.000000 -0.167756 1.214295
722.000000 -0.097054 0.990629
723.000000 -0.158470 1.042602
724.000000 -0.094554 0.999743
725.000000 0.053290 0.785118
726.000000 -0.094553 0.844590
727.000000 -0.157642 1.141808
728.000000 -0.087208 0.882279
729.000000 -0.204083 1.210159
730.000000 0.063968 1.109260
731.000000 0.068630 0.871497
732.000000 0.065989 0.966285
733.000000 -0.039268 0.945545
734.000000 0.081833 1.113396
735.000000 -0.123711 0.976811
736.000000 0.062605 0.823121
737.000000 0.086513 0.941821
738.000000 -0.201997 0.869103
739.000000 -0.013867 1.007190
740.000000 -0.010179 0.988761
741.000000 -0.064757 0.745049
742.000000 0.093978 1.118416
743.000000 -0.055668 0.848713
744.000000 0.067216 1.171009
745.000000 -0.034512 0.997465
746.000000 -0.182512 1.136293
747.000000 0.119820 0.933842
748.000000 0.200404 1.187058
749.000000 -0.099148 1.073928
750.000000 -0.019425 1.146124
751.000000 -0.013000 1.025895
752.000000 -0.179485 1.286090
753.000000 -0.058241 0.880340
754.000000 -0.165521 1.084888
755.000000 -0.110213 0.849365
756.000000 -0.112798 0.992785
757.000000 -0.111867 0.717018
758.000000 -0.147642 1.082006
759.000000 0.005663 1.020438
760.000000 0.000234 1.067164
761.000000 0.003755 0.933134
762.000000 0.015985 1.079263
763.000000 -0.110948 1.177612
764.000000 -0.045788 1.113687
765.000000 -0.144115 1.197906
766.000000 -0.086944 0.845855
767.000000 -0.204892 0.848219
768.000000 -0.151491 0.940800
769.000000 -0.131694 0.926986
770.000000 -0.067647 1.106132
771.000000 -0.218012 0.925198
772.000000 -0.277703 1.112185
773.000000 -0.143723 0.782397
774.000000 -0.170379 1.116912
775.000000 -0.228913 1.013508
776.000000 -0.259913 0.815527
777.000000 -0.249580 1.172010
778.000000 -0.304308 1.199766
779.000000 -0.190620 0.918111
780.000000 -0.236433 1.087640
781.000000 -0.168560 0.854015
782.000000 -0.109550 1.039063
783.000000 -0.312917 1.115821
784.000000 -0.129908 0.781428
785.000000 -0.117240 0.966674
786.000000 -0.101546 0.809602
787.000000 -0.138657 1.094756
788.000000 -0.264604 0.939157
789.000000 -0.293241 0.886827
790.000000 -0.267058 1.037141
791.000000 -0.012112 1.018390
792.000000 -0.166787 0.899170
793.000000 -0.228292 1.353268
794.000000 -0.144613 1.102786
795.000000 -0.251046 0.999694
796.000000 -0.345395 1.032078
797.000000 -0.233008 0.975415
798.000000 -0.177918 1.030570
799.000000 -0.158760 1.022545
800.000000 -0.263247 1.192866
801.000000 -0.096276 1.313802
802.000000 -0.019168 0.806283
803.000000 -0.202136 1.075776
804.000000 -0.281006 0.907215
805.000000 -0.078615 0.936375
806.000000 -0.148408 1.058683
807.000000 -0.092675 0.920479
808.000000 -0.415355 1.269998
809.000000 -0.194974 1.067760
810.000000 -0.246109 0.980702
811.000000 -0.202075 0.961247
812.000000 -0.177089 0.900346
813.000000 -0.387404 1.070726
814.000000 -0.289979 1.173796
815.000000 -0.161823 0.871368
816.000000 -0.285599 0.900563
817.000000 0.169180 1.109858
818.000000 -0.151596 0.869445
819.000000 -0.145721 0.952626
820.000000 -0.269277 1.118635
821.000000 -0.174780 0.998139
822.000000 -0.058781 0.852280
823.000000 -0.057613 0.921509
824.000000 -0.161332 0.806321
825.000000 -0.061457 0.890414
826.000000 -0.054143 1.010323
827.000000 -0.180067 1.102153
828.000000 0.014632 1.073148
829.000000 -0.076081 1.098226
830.000000 0.033392 1.002415
831.000000 0.174183 1.031755
832.000000 0.002115 0.857584
833.000000 -0.129228 1.092338
834.000000 -0.079763 0.982787
835.000000 -0.022136 1.068182
836.000000 -0.031854 1.212294
837.000000 0.149976 1.156437
838.000000 -0.041135 0.920424
839.000000 -0.180758 1.071679
840.000000 -0.085038 0.837316
841.000000 -0.074341 1.298840
842.000000 -0.110818 0.962189
843.000000 -0.148043 0.745831
844.000000 -0.123838 0.964064
845.000000 -0.020355 0.994933
846.000000 -0.075157 0.909923
847.000000 -0.187755 0.815867
848.000000 -0.170189 0.974141
849.000000 -0.039105 0.892689
850.000000 -0.063516 1.114798
851.000000 -0.092935 1.005281
852.000000 -0.185949 1.175017
853.000000 -0.083005 1.017359
854.000000 -0.232103 1.095328
855.000000 -0.130139 0.866347
856.000000 -0.081873 0.946331
857.000000 -0.051665 1.107967
858.000000 0.094725 1.019479
859.000000 0.004872 0.961346
860.000000 -0.043172 1.204769
861.000000 0.135651 0.868315
862.000000 0.225529 0.893874
863.000000 -0.017141 0.951767
864.000000 0.046130 1.232810
865.000000 0.006934 0.923817
866.000000 -0.168849 1.234580
867.000000 -0.027921 0.993773
868.000000 -0.006150 1.137273
869.000000 0.046428 1.158213
870.000000 0.063264 1.041001
871.000000 -0.011185 1.282918
872.000000 -0.132465 1.019889
873.000000 -0.006547 0.677548
874.000000 0.093635 0.962126
875.000000 -0.073088 0.951119
876.000000 -0.190264 1.088967
877.000000 0.120113 0.999619
878.000000 -0.142492 1.039211
879.000000 0.121996 1.016081
880.000000 0.019655 0.886183
881.000000 0.249379 1.135575
882.000000 0.141368 0.665013
883.000000 0.066706 1.011852
884.000000 -0.046484 1.084748
885.000000 0.029661 1.169510
886.000000 0.029746 1.265055
887.000000 -0.047768 0.967621
888.000000 -0.146874 1.047130
889.000000 -0.055689 1.054458
890.000000 -0.200494 1.271723
891.000000 -0.200378 1.254347
892.000000 -0.262037 0.785258
893.000000 -0.112661 0.919426
894.000000 -0.036676 0.921607
895.000000 -0.122797 1.153861
896.000000 -0.243714 1.135189
897.000000 -0.124439 1.085119
898.000000 -0.126677 1.130140
899.000000 -0.149640 0.972002
900.000000 0.088603 0.777285
901.000000 0.050552 0.950216
902.000000 -0.068516 1.074343
903.000000 -0.090313 1.007527
904.000000 -0.106672 0.986663
905.000000 -0.055388 1.022337
906.000000 -0.043721 1.089842
907.000000 -0.035358 0.999240
908.000000 -0.106908 0.922028
909.000000 -0.065395 0.914870
910.000000 0.049787 1.167541
911.000000 -0.102495 0.974988
912.000000 -0.080043 0.835912
913.000000 0.000761 0.895490
914.000000 -0.171589 0.836407
915.000000 -0.010635 0.903634
916.000000 0.018702 1.204335
917.000000 0.116032 1.159547
918.000000 0.142885 0.724982
919.000000 -0.028997 1.009409
920.000000 0.000859 1.169954
921.000000 -0.043362 0.731535
922.000000 -0.031136 1.026921
923.000000 -0.131581 1.157893
924.000000 -0.088164 0.945598
925.000000 -0.145271 0.906476
926.000000 -0.056961 0.812097
927.000000 -0.120011 0.954728
928.000000 -0.019803 1.198164
929.000000 0.104888 1.183096
930.000000 0.017357 0.900017
931.000000 0.084144 0.884341
932.000000 -0.048321 1.318413
933.000000 -0.029697 1.016245
934.000000 -0.034025 0.965089
935.000000 -0.206362 0.886145
936.000000 -0.124289 1.258279
937.000000 0.079717 1.004671
938.000000 0.092697 1.153850
939.000000 -0.043550 1.083874
940.000000 0.106522 1.354012
941.000000 0.226047 0.752661
942.000000 -0.072873 1.029201
943.000000 -0.054993 1.172164
944.000000 -0.134460 1.431845
945.000000 -0.001440 1.042650
946.000000 -0.048376 1.131436
947.000000 -0.035310 1.154727
948.000000 -0.026142 1.105917
949.000000 0.081702 1.134625
950.000000 0.111439 0.925733
951.000000 0.052567 0.872143
952.000000 -0.095877 1.201619
953.000000 0.169235 0.831296
954.000000 0.083223 0.858846
955.000000 -0.000545 1.004011
956.000000 -0.025506 0.885130
957.000000 -0.124602 1.002088
958.000000 0.117452 1.169726
959.000000 -0.063010 1.109699
960.000000 0.052270 1.159197
961.000000 0.070418 1.032396
962.000000 -0.003773 1.162692
963.000000 0.059455 1.008271
964.000000 0.006527 0.879994
965.000000 0.074938 0.960556
966.000000 -0.059337 0.816598
967.000000 -0.051001 1.223812
968.000000 0.127010 1.039769
969.000000 -0.038628 0.957637
970.000000 0.024125 0.924988
971.000000 -0.000332 1.274542
972.000000 0.009964 1.070226
973.000000 -0.149494 1.026728
974.000000 0.104680 0.855286
975.000000 0.207546 1.010810
976.000000 0.203707 1.111258
977.000000 0.003687 1.205741
978.000000 0.063908 1.229953
979.000000 0.042443 0.805213
980.000000 -0.054707 1.046328
981.000000 -0.071615 1.098755
982.000000 0.096194 0.984557
983.000000 0.097596 1.053685
984.000000 0.195524 1.134096
985.000000 -0.094924 0.970409
986.000000 -0.089735 0.942443
987.000000 -0.061262 1.028321
988.000000 0.004962 0.995170
989.000000 -0.044489 0.986122
990.000000 -0.056825 1.036046
991.000000 -0.192335 0.891703
992.000000 -0.039414 1.058180
993.000000 -0.142314 1.342280
994.000000 0.111498 1.046266
995.000000 0.056491 0.940193
996.000000 0.112815 0.973173
997.000000 0.042844 1.057629
998.000000 -0.117337 1.415824
999.000000 -0.188556 1.017571
1000.000000 -0.118578 1.158479
1001.000000 -0.127666 1.298744
1002.000000 -0.046308 0.958180
1003.000000 -0.051888 0.892320
1004.000000 0.008669 0.848241
1005.000000 -0.113558 0.898550
1006.000000 -0.021779 1.033966
1007.000000 -0.070098 0.937530
1008.000000 0.095482 1.066700
1009.000000 -0.039896 0.986113
1010.000000 -0.136737 1.040506
1011.000000 -0.029927 0.783452
1012.000000 0.115192 0.868239
1013.000000 0.179892 0.986412
1014.000000 -0.115224 0.998576
1015.000000 -0.108492 1.212366
1016.000000 -0.055772 1.149677
1017.000000 -0.002312 0.953854
1018.000000 -0.200864 0.897328
1019.000000 -0.032062 1.013013
1020.000000 0.008420 1.071247
1021.000000 0.004402 0.964029
1022.000000 -0.063204 0.956283
1023.000000 0.007384 1.046058
1024.000000 0.243940 1.266707
1025.000000 -0.002981 0.906519
1026.000000 0.048424 1.010063
1027.000000 -0.000729 0.894150
1028.000000 0.057930 1.000054
1029.000000 -0.078041 0.963907
1030.000000 0.002070 0.853060
1031.000000 0.040494 0.970580
1032.000000 -0.036528 0.852872
1033.000000 0.006261 1.124229
1034.000000 0.194405 1.297306
1035.000000 0.101337 1.084242
1036.000000 0.037207 1.135906
1037.000000 0.066062 1.112614
1038.000000 0.014480 0.740153
1039.000000 -0.042135 1.056124
1040.000000 -0.026577 1.133964
1041.000000 0.078879 0.945236
1042.000000 0.139965 1.220556
1043.000000 0.226812 0.926579
1044.000000 0.117688 1.386719
1045.000000 -0.052455 1.081388
1046.000000 0.047063 0.848338
1047.000000 0.133531 1.054061
1048.000000 0.134083 0.878480
1049.000000 0.100122 1.179791
1050.000000 0.032624 0.837012
1051.000000 0.189700 1.120858
1052.000000 0.129413 1.090409
1053.000000 0.034302 1.168503
1054.000000 -0.032719 1.130666
1055.000000 0.030964 1.054566
1056.000000 0.149918 0.902043
1057.000000 -0.085593 0.881397
1058.000000 0.122664 0.992187
1059.000000 0.129135 1.037576
1060.000000 0.151307 0.912715
1061.000000 0.080635 0.993310
1062.000000 0.112623 0.859600
1063.000000 0.289187 0.875346
1064.000000 -0.004715 1.058071
1065.000000 0.097652 0.946041
1066.000000 0.033935 1.149698
1067.000000 0.084909 0.892571
1068.000000 -0.027119 1.125124
1069.000000 0.215718 1.175658
1070.000000 -0.107121 1.075130
1071.000000 -0.103921 0.912948
1072.000000 0.081319 0.958807
1073.000000 -0.177996 0.935017
1074.000000 0.008880 0.900989
1075.000000 -0.081866 1.074783
1076.000000 -0.047964 1.053072
1077.000000 -0.065897 1.156779
1078.000000 0.086750 1.038050
1079.000000 0.071374 1.014373
1080.000000 0.068745 0.999081
1081.000000 -0.084383 0.993991
1082.000000 0.061372 0.926061
1083.000000 0.109585 1.385853
1084.000000 -0.070304 0.818103
1085.000000 0.091826 0.986952
1086.000000 0.063867 0.905002
1087.000000 -0.030243 1.204431
1088.000000 0.083815 1.132333
1089.000000 0.010036 1.079384
1090.000000 0.051549 0.965227
1091.000000 0.146182 0.889254
1092.000000 -0.118832 0.953769
1093.000000 0.019462 0.976538
1094.000000 0.117104 1.007535
1095.000000 -0.048276 1.154499
1096.000000 -0.054044 0.923945
1097.000000 0.046133 1.002299
1098.000000 -0.204345 1.125055
1099.000000 -0.097089 1.092908
1100.000000 -0.005152 1.065890
1101.000000 -0.010389 0.952856
1102.000000 -0.255549 1.258409
1103.000000 -0.172302 1.340578
1104.000000 -0.084966 0.737707
1105.000000 -0.153042 1.226498
1106.000000 -0.023762 1.037078
1107.000000 -0.247127 0.929933
1108.000000 -0.136503 0.900438
1109.000000 -0.231391 0.959575
1110.000000 -0.184642 1.157497
1111.000000 -0.069823 1.105261
1112.000000 -0.021908 0.938045
1113.000000 -0.217053 0.953113
1114.000000 -0.228031 1.090051
1115.000000 -0.170259 1.028359
1116.000000 -0.217141 0.885569
1117.000000 -0.139510 1.076262
1118.000000 -0.305977 0.949162
1119.000000 0.034983 1.109834
1120.000000 -0.131955 0.916351
1121.000000 -0.070496 0.911411
1122.000000 0.064942 1.040241
1123.000000 -0.043074 1.124130
1124.000000 -0.148308 1.021852
1125.000000 -0.108773 1.037960
1126.000000 -0.057700 0.850880
1127.000000 -0.126798 1.107280
1128.000000 -0.159885 0.993123
1129.000000 -0.044016 0.945010
1130.000000 -0.052544 0.971961
1131.000000 -0.139432 1.065012
1132.000000 -0.091686 1.097609
1133.000000 -0.124317 0.980953
1134.000000 -0.145001 0.991611
1135.000000 -0.218911 1.000962
1136.000000 -0.076693 1.247248
1137.000000 -0.201996 1.359665
1138.000000 -0.293479 1.000693
1139.000000 0.027804 1.158956
1140.000000 -0.109122 1.017364
1141.000000 -0.107236 1.040458
1142.000000 -0.111270 0.920803
1143.000000 -0.010156 1.182220
1144.000000 -0.133821 1.090799
1145.000000 0.044350 0.971051
1146.000000 0.214267 0.871369
1147.000000 0.017062 0.948081
1148.000000 -0.067212 1.164282
1149.000000 0.039079 0.982931
1150.000000 0.151014 1.111130
1151.000000 -0.082766 1.014950
1152.000000 -0.249813 0.978162
1153.000000 -0.091507 0.972942
1154.000000 0.083727 0.869096
1155.000000 0.043702 1.052895
1156.000000 -0.026878 1.096716
1157.000000 -0.021931 1.036417
1158.000000 0.020004 0.919548
1159.000000 -0.064774 1.152375
1160.000000 -0.076132 0.849227
1161.000000 -0.143219 1.155376
1162.000000 -0.101252 1.130962
1163.000000 0.070701 0.862536
1164.000000 -0.095157 0.881071
1165.000000 -0.110341 1.025350
1166.000000 0.062268 1.593386
1167.000000 -0.059389 1.019114
1168.000000 -0.097172 0.897088
1169.000000 0.028191 0.891210
1170.000000 -0.134644 1.038416
1171.000000 -0.060471 1.392740
1172.000000 -0.170527 1.106577
1173.000000 0.126819 1.001214
1174.000000 -0.012949 1.048891
1175.000000 0.029996 0.850490
1176.000000 0.007209 1.132526
1177.000000 -0.024163 1.122714
1178.000000 -0.061093 1.032068
1179.000000 -0.020561 0.795623
1180.000000 -0.079189 0.971843
1181.000000 -0.014121 1.117931
1182.000000 0.049222 1.046791
1183.000000 -0.019883 1.136426
1184.000000 0.018737 0.921883
1185.000000 -0.113181 1.269851
1186.000000 -0.207865 0.980451
1187.000000 -0.010986 0.986228
1188.000000 0.016048 1.091404
1189.000000 -0.126383 1.073986
1190.000000 0.032782 1.035944
1191.000000 0.049919 1.265170
1192.000000 -0.062319 0.978173
1193.000000 -0.036557 0.927814
1194.000000 -0.024944 1.116871
1195.000000 0.030805 0.768686
1196.000000 -0.132654 1.053950
1197.000000 -0.075511 1.119822
1198.000000 -0.217267 1.001405
1199.000000 0.004760 1.082720
1200.000000 -0.033705 1.143903
1201.000000 -0.310977 1.157662
1202.000000 -0.132713 1.058619
1203.000000 -0.018446 0.839764
1204.000000 -0.031420 1.099217
1205.000000 -0.225715 1.143947
1206.000000 -0.070052 0.978230
1207.000000 -0.055274 1.138889
1208.000000 -0.017544 1.068726
1209.000000 -0.026656 0.799630
1210.000000 -0.039678 0.902760
1211.000000 0.082462 1.022245
1212.000000 0.018439 1.139615
1213.000000 -0.062636 1.110796
1214.000000 0.021449 1.092626
1215.000000 -0.061291 1.085499
1216.000000 0.043657 1.266612
1217.000000 -0.020719 1.192182
1218.000000 0.026669 1.079658
1219.000000 0.064690 1.235834
1220.000000 -0.134892 1.239493
1221.000000 -0.207781 1.049612
1222.000000 -0.075415 1.102235
1223.000000 0.036625 0.891974
1224.000000 0.158090 1.079726
1225.000000 -0.158704 1.150637
1226.000000 -0.112294 1.131776
1227.000000 -0.063005 0.878999
1228.000000 -0.025909 1.045076
1229.000000 0.040932 1.182120
1230.000000 -0.048831 1.160745
1231.000000 0.089021 1.114468
1232.000000 0.046205 1.086816
1233.000000 -0.155168 0.877147
1234.000000 -0.223563 0.814723
1235.000000 -0.132773 1.076693
1236.000000 -0.155663 0.818039
1237.000000 -0.052258 1.023978
1238.000000 -0.035001 1.036839
1239.000000 -0.002363 1.056232
1240.000000 -0.120396 1.130445
1241.000000 -0.003635 0.992348
1242.000000 -0.069791 1.155607
1243.000000 -0.231276 0.955154
1244.000000 -0.186032 1.035389
1245.000000 -0.134033 1.136268
1246.000000 -0.281427 1.150810
1247.000000 -0.201295 1.116479
1248.000000 -0.033685 1.048307
1249.000000 -0.090858 1.102508
1250.000000 -0.202321 0.857753
1251.000000 0.027217 1.050942
1252.000000 -0.174769 0.950574
1253.000000 -0.217894 0.966107
1254.000000 -0.098542 1.098569
1255.000000 -0.136067 1.219160
1256.000000 0.008665 0.746151
1257.000000 -0.041371 1.015535
1258.000000 -0.059741 1.095767
1259.000000 -0.108696 1.118829
1260.000000 -0.181337 1.078429
1261.000000 -0.247949 1.136888
1262.000000 -0.239830 1.163296
1263.000000 -0.314511 1.167381
1264.000000 -0.060760 0.962559
1265.000000 -0.165118 1.154989
1266.000000 -0.012380 1.049580
1267.000000 -0.037252 0.893020
1268.000000 -0.160771 0.979290
1269.000000 -0.193757 1.025151
1270.000000 -0.075406 1.203436
1271.000000 -0.207837 1.015849
1272.000000 -0.167568 1.105776
1273.000000 -0.030413 1.083493
1274.000000 -0.096374 0.809577
1275.000000 -0.177185 1.072700
1276.000000 -0.090524 0.978002
1277.000000 -0.136765 1.116424
1278.000000 -0.194194 1.178369
1279.000000 -0.240152 1.077392
1280.000000 -0.283551 0.946539
1281.000000 -0.055907 1.003021
1282.000000 -0.202718 1.244355
1283.000000 -0.084049 1.040730
1284.000000 -0.119540 1.015174
1285.000000 -0.191457 1.203570
1286.000000 -0.174694 0.980087
1287.000000 -0.099146 1.007508
1288.000000 -0.158761 1.262315
1289.000000 -0.163204 1.091734
1290.000000 -0.107642 0.926939
1291.000000 -0.229364 1.263020
1292.000000 0.024857 0.989671
1293.000000 -0.235916 1.218219
1294.000000 -0.167819 1.140599
1295.000000 -0.170696 0.978328
1296.000000 -0.109578 0.921070
1297.000000 -0.159085 1.303717
1298.000000 -0.061504 1.052092
1299.000000 -0.166534 1.066212
1300.000000 -0.225681 0.946677
1301.000000 -0.346419 1.233525
1302.000000 -0.412462 1.054997
1303.000000 -0.113536 0.950451
1304.000000 -0.066911 1.192985
1305.000000 -0.053846 1.162710
1306.000000 -0.085596 1.174614
1307.000000 -0.148068 1.127968
1308.000000 -0.094162 1.012394
1309.000000 -0.013182 0.911122
1310.000000 -0.012004 1.011263
1311.000000 -0.167483 1.178758
1312.000000 -0.105963 0.958907
1313.000000 -0.071500 1.014908
1314.000000 -0.110439 1.200096
1315.000000 -0.168346 0.791071
1316.000000 -0.212616 0.877386
1317.000000 -0.153273 0.966986
1318.000000 -0.096992 1.175522
1319.000000 -0.125741 1.268044
1320.000000 -0.195621 1.297846
1321.000000 -0.109144 0.925652
1322.000000 -0.243461 1.034808
1323.000000 -0.261066 1.198656
1324.000000 -0.234092 1.068220
1325.000000 -0.073472 1.042935
1326.000000 -0.101660 1.087781
1327.000000 -0.171911 1.032126
1328.000000 -0.241538 1.115220
1329.000000 -0.040740 1.043405
1330.000000 -0.175299 0.840505
1331.000000 0.039849 1.089525
1332.000000 -0.220976 1.148661
1333.000000 -0.053434 0.923079
1334.000000 -0.089059 0.928880
1335.000000 -0.095085 0.862891
1336.000000 -0.091491 0.847724
1337.000000 -0.038817 0.997968
1338.000000 -0.249969 1.183435
1339.000000 -0.137306 1.269864
1340.000000 -0.204098 1.221489
1341.000000 -0.135367 1.059577
1342.000000 -0.275469 1.322992
1343.000000 -0.146576 1.119859
1344.000000 -0.140372 0.867704
1345.000000 -0.220112 0.919193
1346.000000 -0.224356 1.082056
1347.000000 -0.180706 1.156515
1348.000000 -0.324882 1.113765
1349.000000 -0.232848 1.394273
1350.000000 -0.252262 1.366092
1351.000000 -0.151858 1.178072
1352.000000 -0.185107 1.019731
1353.000000 -0.117132 0.892282
1354.000000 -0.070842 0.869466
1355.000000 -0.034435 1.107510
1356.000000 -0.020367 0.907664
1357.000000 0.119545 0.753690
1358.000000 0.011478 0.966064
1359.000000 0.012522 1.080245
1360.000000 -0.115899 1.050946
1361.000000 -0.213994 1.218566
1362.000000 -0.287809 0.946643
1363.000000 -0.182524 0.869025
1364.000000 -0.145633 1.255990
1365.000000 -0.180578 0.940261
1366.000000 -0.142193 1.263399
1367.000000 -0.047757 1.137474
1368.000000 -0.202674 1.220405
1369.000000 -0.035432 0.988567
1370.000000 0.000361 0.802195
1371.000000 -0.074668 1.057036
1372.000000 0.000177 1.123983
1373.000000 -0.090897 1.301365
1374.000000 -0.123077 0.995490
1375.000000 -0.096462 0.796216
1376.000000 0.038143 0.899486
1377.000000 -0.126939 0.875448
1378.000000 -0.090568 1.182449
1379.000000 -0.055780 0.878198
1380.000000 -0.041173 1.118889
1381.000000 0.028007 1.060223
1382.000000 -0.055109 0.895857
1383.000000 0.085948 0.990964
1384.000000 0.078594 0.959056
1385.000000 0.102467 1.014194
1386.000000 0.006248 0.971725
1387.000000 0.132203 0.854806
1388.000000 -0.110763 1.002245
1389.000000 0.016319 1.233497
1390.000000 0.014192 1.117317
1391.000000 0.047255 1.252419
1392.000000 0.103167 1.168602
1393.000000 -0.075448 1.027261
1394.000000 -0.071408 1.061126
1395.000000 -0.180906 0.965995
1396.000000 -0.016885 1.069590
1397.000000 -0.054882 1.121761
1398.000000 -0.077561 1.032384
1399.000000 -0.093786 0.710747
1400.000000 -0.158287 0.866743
1401.000000 0.017548 1.131077
1402.000000 0.023371 1.016143
1403.000000 0.031180 1.175018
1404.000000 -0.099653 1.198546
1405.000000 -0.036680 0.963930
1406.000000 -0.041972 0.942488
1407.000000 -0.134272 1.152342
1408.000000 0.011931 0.986219
1409.000000 0.043557 1.109857
1410.000000 -0.045757 0.896116
1411.000000 -0.036694 1.161398
1412.000000 0.110596 1.283585
1413.000000 0.094621 1.206333
1414.000000 -0.133121 1.374932
1415.000000 -0.111974 1.078286
1416.000000 -0.054216 1.045435
1417.000000 -0.188843 1.218045
1418.000000 -0.195295 0.953881
1419.000000 -0.072144 1.339695
1420.000000 -0.064203 0.946549
1421.000000 -0.059347 0.965680
1422.000000 0.086009 1.246606
1423.000000 -0.120792 0.862776
1424.000000 0.054716 1.193879
1425.000000 -0.046873 1.304630
1426.000000 -0.032857 0.850088
1427.000000 0.077368 1.032568
1428.000000 -0.051466 1.094699
1429.000000 0.099941 0.924871
1430.000000 0.071411 0.834187
1431.000000 -0.036086 1.081843
1432.000000 0.014823 0.975970
1433.000000 -0.071230 1.128872
1434.000000 0.015485 0.956648
1435.000000 0.089906 1.115220
1436.000000 0.000762 1.142083
1437.000000 -0.105831 1.320437
1438.000000 -0.066908 1.106067
1439.000000 -0.120416 1.038538
1440.000000 -0.018098 0.859816
1441.000000 0.022943 0.908138
1442.000000 0.068494 0.781747
1443.000000 0.185183 1.002453
1444.000000 0.029976 0.914003
1445.000000 0.179266 0.939098
1446.000000 0.006598 1.048423
1447.000000 -0.158089 1.059118
1448.000000 0.001458 0.861622
1449.000000 -0.254552 1.095236
1450.000000 0.113519 0.896715
1451.000000 0.076784 0.963961
1452.000000 -0.101735 1.020863
1453.000000 0.113846 1.023091
1454.000000 -0.010374 1.069288
1455.000000 0.110267 0.978079
1456.000000 0.073172 1.049765
1457.000000 0.027017 0.915386
1458.000000 0.089372 0.849235
1459.000000 -0.063102 1.011013
1460.000000 -0.007736 0.824722
1461.000000 0.120111 0.996621
1462.000000 -0.006911 0.917875
1463.000000 -0.018049 1.039248
1464.000000 0.080837 0.917588
1465.000000 0.189394 1.119705
1466.000000 0.087641 1.337348
1467.000000 0.081827 0.847439
1468.000000 -0.034753 1.180348
1469.000000 -0.020860 1.065188
1470.000000 0.173545 1.199485
1471.000000 -0.067035 1.083144
1472.000000 0.040489 1.066806
1473.000000 0.008271 0.882136
1474.000000 0.175032 1.017743
1475.000000 0.011948 1.053663
1476.000000 0.088834 1.100819
1477.000000 0.053250 1.013933
1478.000000 0.179492 0.993376
1479.000000 -0.061797 0.876773
1480.000000 -0.031629 1.298120
1481.000000 -0.040945 0.978794
1482.000000 0.033771 1.083690
1483.000000 0.110074 0.843406
1484.000000 0.045706 1.012401
1485.000000 0.099082 0.848741
1486.000000 0.036230 0.897903
1487.000000 0.024049 0.879132
1488.000000 0.026869 1.100845
1489.000000 0.180372 0.806568
1490.000000 0.066461 1.008396
1491.000000 -0.161886 0.893742
1492.000000 -0.074725 1.049873
1493.000000 -0.185796 0.882206
1494.000000 -0.098562 0.895279
1495.000000 -0.236520 1.054507
1496.000000 -0.059503 0.922955
1497.000000 -0.027358 1.162723
1498.000000 -0.001536 1.061904
1499.000000 0.125236 1.324845
1500.000000 0.028981 0.826929
1501.000000 -0.003367 1.182295
1502.000000 0.083417 1.097545
1503.000000 -0.012119 0.905850
1504.000000 -0.024707 1.003016
1505.000000 -0.033838 0.866256
1506.000000 0.123746 1.190445
1507.000000 0.161264 1.106933
1508.000000 0.079552 1.278258
1509.000000 0.080600 0.925448
1510.000000 -0.027448 0.939051
1511.000000 0.068306 1.249766
1512.000000 0.051261 0.931130
1513.000000 -0.052380 1.024851
1514.000000 -0.026549 0.997858
1515.000000 0.082612 1.345638
1516.000000 0.066553 0.747081
1517.000000 0.064786 1.016586
1518.000000 0.081939 1.012670
1519.000000 0.153987 0.906520
1520.000000 0.120546 0.890346
1521.000000 -0.063780 1.082012
1522.000000 0.009351 0.991360
1523.000000 -0.059963 0.951198
1524.000000 0.057162 0.865212
1525.000000 0.037108 1.037566
1526.000000 0.027137 1.084831
1527.000000 -0.159693 0.975331
1528.000000 0.026605 1.232219
1529.000000 -0.167608 0.955520
1530.000000 -0.306846 1.155389
1531.000000 -0.107153 1.155481
1532.000000 -0.108988 1.198324
1533.000000 -0.196800 1.214986
1534.000000 -0.210229 1.243501
1535.000000 -0.078409 1.138022
1536.000000 -0.126447 1.022449
1537.000000 -0.134824 1.090486
1538.000000 -0.070465 1.189150
1539.000000 0.030540 1.124124
1540.000000 0.058795 0.912795
1541.000000 0.006693 0.814771
1542.000000 0.239939 1.081032
1543.000000 -0.046124 0.911555
1544.000000 -0.032073 1.007431
1545.000000 0.225326 0.961578
1546.000000 -0.039728 0.884379
1547.000000 -0.000670 0.910716
1548.000000 -0.019545 1.091628
1549.000000 -0.047933 0.978732
1550.000000 -0.073874 1.067545
1551.000000 0.111806 1.046564
1552.000000 0.035867 1.056341
1553.000000 0.056435 1.039572
1554.000000 0.034788 1.111973
1555.000000 0.006408 1.009118
1556.000000 -0.002871 0.990833
1557.000000 -0.111858 1.047558
1558.000000 -0.065536 1.172545
1559.000000 -0.032301 0.707670
1560.000000 0.061789 1.019065
1561.000000 -0.313193 1.075316
1562.000000 -0.037738 1.094459
1563.000000 0.097817 1.210327
1564.000000 0.094540 1.246583
1565.000000 0.086982 0.895988
1566.000000 0.051125 0.978059
1567.000000 -0.088579 1.037123
1568.000000 -0.290566 0.955003
1569.000000 -0.225794 1.171942
1570.000000 -0.140840 1.126102
1571.000000 -0.010086 1.278674
1572.000000 0.003449 0.947060
1573.000000 -0.092107 1.011039
1574.000000 -0.112512 1.083795
1575.000000 0.097423 1.060941
1576.000000 -0.123692 1.002898
1577.000000 -0.009451 1.227113
1578.000000 -0.123599 0.881969
1579.000000 -0.038389 0.868477
1580.000000 -0.037627 1.245459
1581.000000 -0.067137 1.068562
1582.000000 -0.210573 0.814028
1583.000000 -0.083436 0.977670
1584.000000 -0.201394 1.133705
1585.000000 -0.068907 1.119977
1586.000000 -0.110730 0.945402
1587.000000 -0.024004 1.023497
1588.000000 -0.019697 0.724931
1589.000000 -0.054832 0.909295
1590.000000 0.015262 1.028403
1591.000000 -0.094372 0.955950
1592.000000 -0.098079 0.910277
1593.000000 -0.058539 1.100403
1594.000000 -0.036123 1.219866
1595.000000 -0.173429 0.989054
1596.000000 -0.029131 0.815430
1597.000000 -0.096650 1.150482
1598.000000 -0.095987 1.047567
1599.000000 0.004875 0.927265
1600.000000 -0.143200 0.919573
1601.000000 -0.134416 0.814344
1602.000000 -0.172949 0.938086
1603.000000 -0.014194 1.273723
1604.000000 -0.086716 1.085671
1605.000000 -0.069353 0.971632
1606.000000 -0.075004 1.111268
1607.000000 -0.176068 1.033537
1608.000000 -0.043406 0.905406
1609.000000 -0.130025 0.890561
1610.000000 0.022056 1.033588
1611.000000 -0.076946 0.862396
1612.000000 0.022794 1.188901
1613.000000 0.022631 1.310017
1614.000000 -0.085840 0.960295
1615.000000 0.018908 1.168126
1616.000000 0.097529 1.176974
1617.000000 -0.027736 1.034403
1618.000000 0.046564 0.993530
1619.000000 -0.195141 1.042856
1620.000000 -0.089156 1.119924
1621.000000 -0.168207 1.121523
1622.000000 -0.170909 1.091460
1623.000000 -0.057310 0.907808
1624.000000 -0.178903 0.953573
1625.000000 -0.054710 1.141986
1626.000000 -0.114715 0.960132
1627.000000 0.123204 0.957214
1628.000000 -0.032075 0.955831
1629.000000 -0.075205 1.217351
1630.000000 -0.105662 0.866144
1631.000000 -0.143466 1.147597
1632.000000 -0.025776 0.884234
1633.000000 -0.153936 0.836768
1634.000000 -0.142626 0.965916
1635.000000 -0.099926 1.018310
1636.000000 -0.121948 1.183345
1637.000000 -0.187499 0.816203
1638.000000 -0.195567 0.973297
1639.000000 -0.178057 0.814525
1640.000000 -0.107025 0.979006
1641.000000 -0.268023 1.246272
1642.000000 -0.063496 1.075949
1643.000000 -0.033970 1.206201
1644.000000 -0.149182 0.898616
1645.000000 -0.110633 0.843660
1646.000000 -0.267622 0.856599
1647.000000 -0.238136 1.118731
1648.000000 -0.210611 1.096243
1649.000000 -0.191259 1.170806
1650.000000 -0.179356 1.117226
1651.000000 -0.164719 1.020881
1652.000000 -0.121263 0.889867
1653.000000 -0.051202 0.831086
1654.000000 -0.120669 1.001906
1655.000000 -0.077557 1.116988
1656.000000 0.005125 1.201570
1657.000000 -0.036545 0.929033
1658.000000 -0.057602 1.054354
1659.000000 -0.045086 0.945252
1660.000000 -0.231389 0.887688
1661.000000 -0.204478 1.183227
1662.000000 0.074787 1.432898
1663.000000 -0.124335 0.857471
1664.000000 0.013465 1.072274
1665.000000 -0.065930 1.077523
1666.000000 -0.162569 1.058910
1667.000000 -0.099980 1.141870
1668.000000 -0.155970 1.218803
1669.000000 -0.135873 0.901503
1670.000000 0.146937 0.718925
1671.000000 -0.225820 1.191043
1672.000000 -0.147364 0.969570
1673.000000 -0.132238 0.696261
1674.000000 -0.126845 0.854111
1675.000000 0.012335 1.066109
1676.000000 -0.180760 0.999391
1677.000000 0.045824 1.020987
1678.000000 0.009169 0.870888
1679.000000 -0.142130 1.041410
1680.000000 -0.121392 1.026433
1681.000000 -0.060791 0.938315
1682.000000 0.061526 1.015504
1683.000000 -0.114651 0.874578
1684.000000 -0.049724 1.181319
1685.000000 -0.154451 0.993085
1686.000000 -0.085841 0.916113
1687.000000 -0.025091 0.964229
1688.000000 0.038531 0.869449
1689.000000 -0.053589 0.973486
1690.000000 0.057391 0.768484
1691.000000 -0.169593 1.075479
1692.000000 -0.057044 1.132705
1693.000000 -0.269490 1.224584
1694.000000 -0.146632 0.890596
1695.000000 -0.069908 1.068216
1696.000000 -0.103451 0.786581
1697.000000 -0.115624 0.929608
1698.000000 0.101582 1.154708
1699.000000 0.050741 1.021041
1700.000000 -0.109794 0.915389
1701.000000 -0.004988 0.913789
1702.000000 0.004497 1.104619
1703.000000 -0.107214 0.979291
1704.000000 -0.189415 1.122764
1705.000000 -0.116033 0.916973
1706.000000 -0.092879 1.119898
1707.000000 -0.034682 1.262944
1708.000000 -0.052537 1.049497
1709.000000 0.028105 1.053767
1710.000000 0.025944 1.044730
1711.000000 0.009121 1.088583
1712.000000 0.079979 1.206214
1713.000000 -0.005951 0.853369
1714.000000 -0.066875 1.119448
1715.000000 -0.204206 1.085414
1716.000000 0.001224 0.899469
1717.000000 -0.017683 1.174910
1718.000000 -0.100030 0.949703
1719.000000 0.124409 1.008601
1720.000000 0.010932 1.019448
1721.000000 -0.010707 1.000806
1722.000000 -0.253016 0.886554
1723.000000 -0.112105 0.930194
1724.000000 -0.127320 0.957167
1725.000000 -0.130769 1.045811
1726.000000 -0.117083 0.993027
1727.000000 -0.166198 1.005221
1728.000000 -0.172311 1.219574
1729.000000 -0.309790 0.996633
1730.000000 0.032914 1.009221
1731.000000 -0.076628 1.072527
1732.000000 -0.031491 0.975690
1733.000000 0.140748 0.875279
1734.000000 -0.030255 1.078330
1735.000000 0.005286 0.818847
1736.000000 -0.088801 0.827092
1737.000000 0.098311 1.032696
1738.000000 -0.049265 1.104884
1739.000000 0.116324 0.944112
1740.000000 0.043287 0.934742
1741.000000 -0.077320 1.069710
1742.000000 -0.115136 1.227733
1743.000000 -0.025122 0.976197
1744.000000 0.038516 1.027068
1745.000000 -0.032851 1.111142
1746.000000 0.072103 1.026251
1747.000000 -0.137375 0.881738
1748.000000 -0.001272 0.912337
1749.000000 -0.007180 1.122474
1750.000000 0.160983 0.923177
1751.000000 -0.040575 0.903477
1752.000000 0.035244 0.976784
1753.000000 -0.125242 1.092505
1754.000000 -0.034508 1.015316
1755.000000 -0.058960 0.910197
1756.000000 0.006261 0.802059
1757.000000 0.006185 0.872450
1758.000000 -0.058137 0.882324
1759.000000 -0.087093 0.846227
1760.000000 -0.163110 1.099559
1761.000000 -0.021759 0.992294
1762.000000 0.065125 0.978368
1763.000000 0.120380 0.921299
1764.000000 -0.125292 0.952757
1765.000000 0.106924 1.013362
1766.000000 -0.009452 0.970624
1767.000000 0.106583 1.016988
1768.000000 0.011950 0.977388
1769.000000 0.143365 1.084135
1770.000000 0.124127 1.201076
1771.000000 0.104619 0.956282
1772.000000 0.010606 0.926956
1773.000000 0.025913 0.994115
1774.000000 -0.153176 1.180048
1775.000000 0.003822 1.113905
1776.000000 0.043150 1.134053
1777.000000 0.007804 0.923040
1778.000000 0.162274 1.170572
1779.000000 0.061758 0.946026
1780.000000 -0.230248 1.140265
1781.000000 -0.042193 1.027413
1782.000000 0.084398 1.230517
1783.000000 0.046581 1.132261
1784.000000 0.138711 0.899645
1785.000000 0.023118 0.999100
1786.000000 -0.006710 0.923893
1787.000000 -0.005121 0.849651
1788.000000 0.033659 1.047013
1789.000000 0.017432 0.999390
1790.000000 0.077584 0.831492
1791.000000 0.318884 1.013360
1792.000000 0.017522 1.124065
1793.000000 0.107563 1.020506
1794.000000 0.000822 1.057804
1795.000000 -0.025895 1.036524
1796.000000 0.188843 1.058885
1797.000000 0.172131 1.156791
1798.000000 0.149657 1.293975
1799.000000 0.097787 1.006245
1800.000000 -0.037044 1.321058
1801.000000 0.083969 0.881426
1802.000000 0.157596 1.107937
1803.000000 0.250331 0.974732
1804.000000 -0.036138 1.126023
1805.000000 0.030856 1.286417
1806.000000 -0.107844 1.076986
1807.000000 0.116315 0.769316
1808.000000 -0.040756 1.143474
1809.000000 0.191461 1.024285
1810.000000 0.095184 1.188790
1811.000000 0.174998 0.987731
1812.000000 0.012916 0.989185
1813.000000 0.082432 1.006984
1814.000000 0.214389 0.844663
1815.000000 0.004081 0.981848
1816.000000 0.132093 1.093568
1817.000000 0.094039 0.994324
1818.000000 -0.021532 1.311720
1819.000000 0.093130 1.048785
1820.000000 0.186765 1.185555
1821.000000 0.169717 0.989652
1822.000000 0.021559 1.153361
1823.000000 0.072731 0.895900
1824.000000 0.127286 0.968344
1825.000000 0.038986 1.153971
1826.000000 -0.118885 1.221077
1827.000000 0.045336 1.393603
1828.000000 0.075211 1.067503
1829.000000 -0.015517 1.126818
1830.000000 0.110394 1.113697
1831.000000 -0.189998 1.058937
1832.000000 -0.017130 1.132250
1833.000000 -0.108224 0.971303
1834.000000 -0.017960 1.001798
1835.000000 0.091311 1.047205
1836.000000 0.009066 1.244333
1837.000000 0.029452 0.984867
1838.000000 -0.150731 1.021322
1839.000000 0.018332 1.273183
1840.000000 -0.138512 1.052885
1841.000000 0.099020 1.035141
1842.000000 0.003732 1.123008
1843.000000 0.039184 1.037358
1844.000000 -0.006441 0.992823
1845.000000 -0.037133 1.207481
1846.000000 0.030420 1.268096
1847.000000 -0.118288 1.070141
1848.000000 -0.083429 1.034186
1849.000000 0.026379 0.803596
1850.000000 -0.247677 1.099798
1851.000000 0.125312 0.994179
1852.000000 0.124996 0.851187
1853.000000 0.077366 0.870012
1854.000000 0.147861 0.830933
1855.000000 -0.024752 1.037867
1856.000000 0.004058 1.175825
1857.000000 -0.260479 1.176755
1858.000000 -0.177897 1.034165
1859.000000 -0.044834 0.848370
1860.000000 0.063685 1.129392
1861.000000 0.283887 1.186749
1862.000000 -0.064149 0.766827
1863.000000 -0.224487 0.923522
1864.000000 0.080103 1.180344
1865.000000 -0.029249 1.205024
1866.000000 0.018954 0.937135
1867.000000 -0.044609 0.893917
1868.000000 0.108711 0.783804
1869.000000 0.060842 0.983038
1870.000000 0.064676 1.085922
1871.000000 0.042378 0.985828
1872.000000 0.014321 1.032699
1873.000000 0.102379 0.977498
1874.000000 -0.020853 0.976989
1875.000000 -0.122677 1.156569
1876.000000 0.035775 1.205024
1877.000000 0.027007 1.267745
1878.000000 -0.173922 0.971632
1879.000000 -0.020947 1.011067
1880.000000 -0.029024 1.166622
1881.000000 0.092970 0.911728
1882.000000 0.157164 1.048605
1883.000000 0.067864 0.804433
1884.000000 -0.013296 1.012977
1885.000000 -0.088481 0.976169
1886.000000 -0.011759 0.957659
1887.000000 0.138649 1.099862
1888.000000 -0.053646 1.156316
1889.000000 0.167444 1.149509
1890.000000 0.077939 0.937269
1891.000000 0.248783 1.021345
1892.000000 0.059368 1.081171
1893.000000 0.141182 1.222101
1894.000000 0.174127 1.141902
1895.000000 0.230272 1.087479
1896.000000 0.171581 1.159797
1897.000000 0.117345 1.105687
1898.000000 0.002814 1.210605
1899.000000 0.050180 0.826494
1900.000000 -0.043285 0.936202
1901.000000 0.149781 1.067698
1902.000000 0.126588 1.045426
1903.000000 0.113975 0.941022
1904.000000 0.140009 0.995042
1905.000000 0.052792 1.014575
1906.000000 0.006661 0.692422
1907.000000 -0.027604 1.174551
1908.000000 -0.010789 1.223050
1909.000000 0.308962 1.067263
1910.000000 0.075891 1.112740
1911.000000 0.002821 1.253846
1912.000000 -0.039693 0.887843
1913.000000 0.057801 1.031539
1914.000000 -0.021299 0.829368
1915.000000 0.089161 1.050198
1916.000000 -0.077131 1.219013
1917.000000 0.306952 0.933883
1918.000000 0.358031 1.232400
1919.000000 0.417020 1.075548
1920.000000 0.067940 0.982899
1921.000000 0.071678 1.010139
1922.000000 0.136345 1.079683
1923.000000 0.089770 1.041926
1924.000000 0.130115 1.019436
1925.000000 0.084023 0.888920
1926.000000 0.259930 1.103834
1927.000000 0.133135 1.061136
1928.000000 0.172926 0.939438
1929.000000 0.132782 0.874685
1930.000000 0.079274 0.960315
1931.000000 0.046684 0.954900
1932.000000 0.056776 1.284660
1933.000000 0.144220 0.942316
1934.000000 0.094217 1.037986
1935.000000 0.362955 1.013676
1936.000000 0.272201 1.156864
1937.000000 -0.005466 1.042142
1938.000000 0.172770 0.860503
1939.000000 0.177622 1.037015
1940.000000 0.021121 1.165297
1941.000000 0.144158 1.010489
1942.000000 0.201417 0.886296
1943.000000 0.211784 0.979108
1944.000000 0.319806 1.266139
1945.000000 0.308979 1.157298
1946.000000 0.125008 1.113540
1947.000000 0.148656 1.191499
1948.000000 0.170207 1.276665
1949.000000 0.301375 1.161803
1950.000000 0.102407 1.007770
1951.000000 0.058896 1.070178
1952.000000 0.269016 1.111006
1953.000000 -0.017680 0.867514
1954.000000 0.183278 1.110906
1955.000000 0.324234 1.310652
1956.000000 0.180314 1.110023
1957.000000 0.135845 0.962372
1958.000000 0.211387 0.864216
1959.000000 0.229840 0.977727
1960.000000 0.083500 1.295317
1961.000000 0.140081 0.888638
1962.000000 0.261472 1.258498
1963.000000 0.203148 0.949321
1964.000000 0.161729 1.081969
1965.000000 0.163335 0.985486
1966.000000 0.204003 0.859584
1967.000000 0.117050 0.797385
1968.000000 0.274392 0.992824
1969.000000 0.244942 0.941369
1970.000000 0.440681 1.294573
1971.000000 0.192867 1.142674
1972.000000 0.029167 0.892274
1973.000000 0.119384 1.101792
1974.000000 0.102952 1.053269
1975.000000 0.092708 1.056813
1976.000000 0.209180 1.213502
1977.000000 0.050707 0.983838
1978.000000 0.273805 1.087832
1979.000000 0.222801 0.990545
1980.000000 0.191526 1.085017
1981.000000 0.186328 1.121141
1982.000000 -0.043672 0.969890
1983.000000 0.218161 0.965075
1984.000000 -0.005763 1.026462
1985.000000 -0.010129 0.978385
1986.000000 -0.031745 1.033323
1987.000000 -0.055626 0.838471
1988.000000 -0.034216 0.967134
1989.000000 -0.020602 0.957343
1990.000000 0.143427 0.917057
1991.000000 0.155690 0.833833
1992.000000 0.086804 0.920985
1993.000000 0.113743 0.953741
1994.000000 0.112708 0.830731
1995.000000 0.100997 0.898662
1996.000000 0.205794 1.107669
1997.000000 0.048493 0.951341
