0.000000 1.003862 1.009992
0.100000 0.928341 0.993042
0.200000 0.881605 1.146805
0.300000 0.832234 1.164080
0.400000 0.688298 1.026524
0.500000 0.590312 0.997137
0.600000 0.534679 1.040226
0.700000 0.434991 1.055289
0.800000 0.434113 1.055792
0.900000 0.396108 1.029029
1.000000 0.300886 1.071523
1.100000 0.274019 1.063394
1.200000 0.344469 1.052085
1.300000 0.372723 1.255119
1.400000 0.309360 1.233231
1.500000 0.330661 1.230332
1.600000 0.261289 1.202101
1.700000 0.227041 1.034323
1.800000 0.307661 0.945386
1.900000 0.229580 0.932532
2.000000 0.212424 0.960392
2.100000 0.143848 0.858330
2.200000 0.115089 0.909868
2.300000 0.010885 0.991326
2.400000 0.004292 1.002202
2.500000 0.014411 1.023285
2.600000 0.062582 1.062128
2.700000 0.125497 1.030054
2.800000 0.082548 1.126266
2.900000 0.087234 1.101960
3.000000 0.075924 1.138719
3.100000 -0.014916 0.982799
3.200000 0.013763 0.917635
3.300000 -0.033008 0.973532
3.400000 -0.011123 0.954708
3.500000 -0.084789 0.906924
3.600000 -0.111640 0.867655
3.700000 -0.133820 0.851595
3.800000 -0.093633 0.926864
3.900000 -0.110969 1.075046
4.000000 -0.137709 1.041179
4.100000 -0.008694 1.134118
4.200000 0.030520 1.214439
4.300000 -0.006526 1.120491
4.400000 -0.061968 0.985439
4.500000 -0.031292 1.200935
4.600000 -0.093457 1.209763
4.700000 -0.045197 1.184839
4.800000 0.003696 1.213199
4.900000 0.025226 1.286568
5.000000 -0.001217 1.351751
5.100000 -0.079970 1.135177
5.200000 -0.054273 1.031643
5.300000 0.027724 0.979666
5.400000 0.034860 1.024326
5.500000 -0.035829 1.142315
5.600000 -0.048366 1.121875
5.700000 -0.072234 1.034272
5.800000 -0.126911 0.951441
5.900000 -0.147239 0.828150
6.000000 -0.046561 0.868830
6.100000 -0.020556 1.006052
6.200000 0.078269 1.007344
6.300000 0.145260 0.908850
6.400000 0.032646 0.964006
6.500000 -0.012528 0.758776
6.600000 -0.032667 0.768557
6.700000 0.006517 0.985923
6.800000 0.018632 0.907733
6.900000 -0.006567 1.151870
7.000000 0.019384 1.125404
7.100000 -0.001982 0.942675
7.200000 0.031348 0.909001
7.300000 -0.076534 0.871431
7.400000 -0.087861 1.006864
7.500000 -0.029983 1.051495
7.600000 -0.048153 0.967610
7.700000 -0.093520 0.972032
7.800000 -0.039058 1.039125
7.900000 -0.064950 1.049265
8.000000 -0.034356 0.901768
8.100000 -0.103038 0.953993
8.200000 -0.119898 0.884631
8.300000 -0.100762 0.830031
8.400000 -0.024516 1.116296
8.500000 0.018109 1.087307
8.600000 0.093732 1.075954
8.700000 0.091206 0.829031
8.800000 0.177164 0.907115
8.900000 0.144325 0.930657
9.000000 0.065539 0.869174
9.100000 0.079880 0.909782
9.200000 0.089970 0.861157
9.300000 0.047511 0.649924
9.400000 0.007397 0.749773
9.500000 -0.028053 0.853949
9.600000 -0.102561 0.862235
9.700000 -0.116353 0.860875
9.800000 -0.120297 0.958091
9.900000 -0.101095 0.997418
10.000000 -0.021812 0.950182
10.100000 -0.033044 1.031966
10.200000 -0.010599 1.029936
10.300000 0.023714 0.933474
10.400000 0.021596 1.088783
10.500000 0.016076 1.012870
10.600000 0.037138 1.055612
10.700000 0.059839 0.978727
10.800000 -0.028661 0.836376
10.900000 -0.045091 0.855674
11.000000 -0.088840 0.940928
11.100000 -0.061936 0.931871
11.200000 -0.020323 0.819389
11.300000 0.093945 1.000277
11.400000 0.044718 0.955432
11.500000 -0.012822 0.876699
11.600000 -0.013637 0.904182
11.700000 0.018844 0.952619
11.800000 0.066201 0.989489
11.900000 0.074965 1.075850
12.000000 0.037416 1.144115
12.100000 0.048676 1.179420
12.200000 0.065391 1.268155
12.300000 0.057715 1.251245
12.400000 0.102737 1.211579
12.500000 0.128769 1.115249
12.600000 0.136028 0.970568
12.700000 0.042583 1.030801
12.800000 0.023871 1.185771
12.900000 0.042160 1.132352
13.000000 0.027552 1.127418
13.100000 0.041232 1.122245
13.200000 0.019170 1.094672
13.300000 -0.100585 1.118249
13.400000 -0.025288 1.115600
13.500000 -0.019717 1.019910
13.600000 -0.058047 0.924854
13.700000 -0.033513 0.981636
13.800000 -0.038421 0.957796
13.900000 -0.115627 1.029907
14.000000 -0.110017 0.954513
14.100000 -0.177552 0.935739
14.200000 -0.151067 0.946745
14.300000 -0.114955 1.231517
14.400000 -0.129824 1.152335
14.500000 -0.079955 1.092876
14.600000 -0.093217 0.951764
14.700000 -0.231968 0.971884
14.800000 -0.184240 1.014247
14.900000 -0.157332 0.951497
15.000000 -0.124597 0.858746
15.100000 -0.161324 0.824335
15.200000 -0.094032 0.973143
15.300000 -0.100627 0.875359
15.400000 -0.095291 0.906180
15.500000 -0.066390 0.812542
15.600000 -0.107824 0.908447
15.700000 -0.114056 0.900555
15.800000 -0.189299 0.917724
15.900000 -0.175558 0.915571
16.000000 -0.090716 1.012322
16.100000 -0.087501 0.988575
16.200000 -0.127711 0.890812
16.300000 -0.036203 0.856677
16.400000 -0.087615 0.922803
16.500000 -0.108416 0.950243
16.600000 -0.101658 0.913246
16.700000 -0.104495 0.841461
16.800000 -0.121163 0.830142
16.900000 -0.089058 0.841586
17.000000 -0.101950 0.886893
17.100000 -0.184377 1.015559
17.200000 -0.181902 1.019957
17.300000 -0.180957 1.014634
17.400000 -0.168144 0.949410
17.500000 -0.140962 1.045583
17.600000 -0.200650 0.944872
17.700000 -0.231381 0.817288
17.800000 -0.210158 0.954580
17.900000 -0.227187 0.920069
18.000000 -0.250574 0.906083
18.100000 -0.245042 1.087029
18.200000 -0.246780 0.946870
18.300000 -0.272609 1.062820
18.400000 -0.279908 1.030223
18.500000 -0.293989 1.035652
18.600000 -0.291145 0.960709
18.700000 -0.255323 1.073387
18.800000 -0.229695 1.122719
18.900000 -0.191153 1.233316
19.000000 -0.150557 1.197575
19.100000 -0.138795 1.115062
19.200000 -0.129502 0.996324
19.300000 -0.094215 1.041124
19.400000 -0.160311 1.037580
19.500000 -0.152773 1.124143
19.600000 -0.099630 1.044636
19.700000 -0.067000 0.999552
19.800000 -0.072483 0.950194
19.900000 -0.026225 0.972177
20.000000 0.076418 1.012603
20.100000 0.008576 1.100365
20.200000 -0.085777 1.034607
20.300000 -0.086152 0.972707
20.400000 -0.057410 0.988698
20.500000 -0.028887 1.141858
20.600000 0.010392 1.017027
20.700000 0.022343 0.895693
20.800000 0.030082 0.885517
20.900000 0.032456 0.869305
21.000000 0.043033 0.936737
21.100000 0.043585 0.917716
21.200000 0.086509 0.940945
21.300000 0.036041 1.062240
21.400000 0.038926 0.978729
21.500000 0.048224 1.002309
21.600000 0.033135 0.956617
21.700000 0.040676 1.025128
21.800000 0.077620 0.986458
21.900000 0.123329 0.999601
22.000000 0.149214 1.056536
22.100000 0.203253 0.970961
22.200000 0.236770 1.056047
22.300000 0.150096 1.105629
22.400000 0.159546 1.042079
22.500000 0.134819 1.142014
22.600000 0.131442 1.056487
22.700000 0.041242 0.966112
22.800000 0.089066 0.986002
22.900000 0.082156 1.056958
23.000000 0.157302 0.930215
23.100000 0.098952 1.012813
23.200000 0.054161 1.027227
23.300000 0.036468 1.048482
23.400000 0.008734 1.061179
23.500000 -0.010090 1.018219
23.600000 0.004166 1.026987
23.700000 0.040150 1.115181
23.800000 0.094805 1.004016
23.900000 0.089560 1.010665
24.000000 0.071107 1.009432
24.100000 0.060228 1.032789
24.200000 0.042044 1.012032
24.300000 0.046860 1.067539
24.400000 0.090143 0.980181
24.500000 -0.051588 0.921262
24.600000 -0.044541 0.899537
24.700000 -0.082623 0.990849
24.800000 -0.044672 0.969252
24.900000 0.013027 0.946418
25.000000 -0.001611 0.906562
25.100000 0.006743 0.993212
25.200000 -0.043671 1.051679
25.300000 -0.050075 1.161339
25.400000 0.014278 1.251161
25.500000 0.025183 1.170525
25.600000 0.021610 1.090260
25.700000 0.035953 0.884495
25.800000 0.051554 0.976348
25.900000 -0.016452 1.061662
26.000000 0.018226 0.953135
26.100000 -0.021146 1.037265
26.200000 0.013023 0.986502
26.300000 -0.011187 1.091741
26.400000 -0.039076 1.009553
26.500000 -0.000544 1.020578
26.600000 0.036302 1.168344
26.700000 -0.039678 1.056969
26.800000 -0.077143 1.124907
26.900000 -0.135989 1.132128
27.000000 -0.076310 0.919821
27.100000 -0.101088 0.978237
27.200000 -0.167099 1.142971
27.300000 -0.174573 1.239762
27.400000 -0.117553 1.145623
27.500000 -0.091487 1.032966
27.600000 -0.081475 0.978729
27.700000 -0.073692 0.969799
27.800000 -0.080191 0.822367
27.900000 -0.034783 0.961501
28.000000 -0.033971 1.170300
28.100000 -0.080821 1.251659
28.200000 -0.094693 1.177865
28.300000 0.059663 1.171129
28.400000 0.016293 1.097260
28.500000 -0.000794 1.112495
28.600000 0.042881 1.238672
28.700000 0.041443 1.163937
28.800000 0.036183 1.069917
28.900000 -0.021827 1.104115
29.000000 -0.006015 1.054035
29.100000 -0.040152 0.949153
29.200000 -0.059314 1.078865
29.300000 -0.090277 1.009354
29.400000 -0.139227 1.118859
29.500000 -0.098708 0.995536
29.600000 0.000939 0.990470
29.700000 0.023867 0.936002
29.800000 0.041697 0.868626
29.900000 0.090539 0.721420
30.000000 0.019558 0.753001
30.100000 0.040647 0.726801
30.200000 0.047140 0.815883
30.300000 0.108026 0.899982
30.400000 0.150796 0.993176
30.500000 0.154060 0.940041
30.600000 0.174954 0.910933
30.700000 0.083197 0.784082
30.800000 0.113848 0.993740
30.900000 0.106903 0.931220
31.000000 0.025782 0.964181
31.100000 -0.032248 0.962799
31.200000 -0.003688 1.082478
31.300000 -0.014743 0.946264
31.400000 -0.062291 0.993365
31.500000 -0.054543 0.886660
31.600000 -0.096711 0.916624
31.700000 -0.161264 1.012984
31.800000 -0.190331 1.079039
31.900000 -0.132822 1.203214
32.000000 -0.109444 1.121439
32.100000 -0.045247 1.012813
32.200000 -0.078695 0.939343
32.300000 -0.123177 1.049762
32.400000 -0.171858 0.927781
32.500000 -0.182565 0.919751
32.600000 -0.194697 1.007490
32.700000 -0.216657 1.052469
32.800000 -0.139132 1.084477
32.900000 -0.092088 1.079698
33.000000 -0.105730 1.049330
33.100000 -0.090087 0.790901
33.200000 -0.111032 0.844858
33.300000 -0.106758 0.886591
33.400000 -0.057975 0.824082
33.500000 -0.090152 0.891981
33.600000 -0.020521 1.004136
33.700000 -0.017097 1.107988
33.800000 -0.043141 1.175945
33.900000 -0.079087 1.181051
34.000000 -0.018820 1.138446
34.100000 -0.043266 1.047930
34.200000 -0.044128 1.075879
34.300000 -0.099804 0.976765
34.400000 -0.072733 0.995881
34.500000 -0.011261 0.891082
34.600000 0.030211 0.919370
34.700000 -0.069225 1.072298
34.800000 -0.109288 1.110095
34.900000 -0.172310 1.121319
35.000000 -0.160914 1.109111
35.100000 -0.220686 1.171033
35.200000 -0.176423 1.073663
35.300000 -0.220180 1.243618
35.400000 -0.185114 1.165592
35.500000 -0.143785 1.229353
35.600000 -0.190843 1.176318
35.700000 -0.267938 1.305891
35.800000 -0.273749 1.215863
35.900000 -0.176752 1.176835
36.000000 -0.187507 1.109681
36.100000 -0.285663 1.149260
36.200000 -0.287591 1.148455
36.300000 -0.227518 1.041672
36.400000 -0.235684 1.095951
36.500000 -0.208626 1.118950
36.600000 -0.128548 1.121413
36.700000 -0.099966 0.989831
36.800000 -0.101565 1.027371
36.900000 -0.097346 1.057669
37.000000 -0.149555 1.103959
37.100000 -0.269038 1.081501
37.200000 -0.248657 1.076639
37.300000 -0.219725 0.935829
37.400000 -0.235814 0.941717
37.500000 -0.366149 1.050266
37.600000 -0.304995 0.909357
37.700000 -0.298888 0.947729
37.800000 -0.309531 0.974119
37.900000 -0.289323 0.992803
38.000000 -0.261891 0.928551
38.100000 -0.249809 0.922025
38.200000 -0.237166 1.029892
38.300000 -0.208314 0.988154
38.400000 -0.194818 0.992508
38.500000 -0.073704 0.966907
38.600000 -0.029274 1.021911
38.700000 -0.049441 0.939827
38.800000 -0.022603 0.921580
38.900000 -0.050552 0.870657
39.000000 -0.049645 0.819469
39.100000 -0.043879 0.905731
39.200000 -0.098302 0.960312
39.300000 -0.058730 0.904591
39.400000 -0.017061 0.895697
39.500000 0.067481 0.908752
39.600000 -0.035735 1.031180
39.700000 -0.061202 1.067698
39.800000 -0.060943 1.033716
39.900000 -0.076320 0.938903
40.000000 0.004685 0.915864
40.100000 -0.033008 0.813113
40.200000 -0.100168 0.940517
40.300000 -0.144956 0.899880
40.400000 -0.084469 0.877097
40.500000 -0.134991 0.939611
40.600000 -0.131149 1.007249
40.700000 -0.201676 0.867154
40.800000 -0.139382 0.864552
40.900000 -0.166537 0.878329
41.000000 -0.077032 0.878469
41.100000 -0.056425 0.930631
41.200000 -0.081526 1.059453
41.300000 -0.047739 0.931266
41.400000 0.054843 1.023286
41.500000 0.084165 0.942075
41.600000 0.090013 1.079251
41.700000 0.004576 1.008741
41.800000 -0.075939 0.949994
41.900000 -0.111760 0.787192
42.000000 -0.118321 0.876183
42.100000 -0.153512 0.793804
42.200000 -0.191218 0.911983
42.300000 -0.198722 1.036708
42.400000 -0.151772 0.957661
42.500000 -0.045828 0.940332
42.600000 -0.099874 0.899715
42.700000 -0.100255 0.935061
42.800000 -0.014506 0.914177
42.900000 -0.024343 0.950940
43.000000 -0.054237 0.860332
43.100000 -0.105144 0.948393
43.200000 -0.079508 0.984261
43.300000 -0.111266 0.957647
43.400000 -0.131526 0.964826
43.500000 -0.063260 0.986247
43.600000 -0.077353 0.914137
43.700000 -0.075278 0.923811
43.800000 -0.017134 0.852561
43.900000 0.082836 0.820516
44.000000 0.094613 0.836615
44.100000 0.020569 0.860877
44.200000 0.133847 0.952141
44.300000 0.056946 0.986412
44.400000 0.021612 1.012510
44.500000 -0.032553 1.083838
44.600000 -0.045916 1.137117
44.700000 -0.002604 1.173968
44.800000 -0.020110 1.163365
44.900000 -0.044357 1.230931
45.000000 -0.005464 1.122478
45.100000 0.030813 1.185908
45.200000 0.022190 1.154883
45.300000 0.008259 1.058698
45.400000 0.025128 1.126152
45.500000 0.034283 1.264946
45.600000 0.065831 1.158278
45.700000 0.144102 1.139261
45.800000 0.107970 1.113814
45.900000 0.105006 1.073132
46.000000 0.056212 1.137430
46.100000 0.004814 0.982872
46.200000 0.058778 0.993915
46.300000 0.054125 1.052171
46.400000 0.078652 0.873418
46.500000 0.086770 0.789229
46.600000 0.059917 0.813529
46.700000 0.029175 0.835776
46.800000 -0.015497 0.968916
46.900000 -0.070763 0.946282
47.000000 -0.075178 0.973557
47.100000 -0.085508 1.021563
47.200000 -0.033157 1.093475
47.300000 -0.030501 1.027574
47.400000 0.054175 1.002320
47.500000 0.072100 1.099263
47.600000 0.003340 0.993890
47.700000 0.036816 0.928592
47.800000 0.012380 0.966344
47.900000 0.053173 0.909895
48.000000 0.050143 0.844072
48.100000 0.045938 0.938014
48.200000 0.013950 0.911242
48.300000 0.019376 0.935673
48.400000 0.013676 0.856839
48.500000 0.054232 0.896093
48.600000 0.080970 0.964125
48.700000 0.097204 1.002881
48.800000 0.055589 1.257728
48.900000 -0.023073 1.408292
49.000000 -0.040424 1.152726
49.100000 -0.007583 1.149241
49.200000 -0.056370 1.170122
49.300000 -0.038186 1.041106
49.400000 -0.031514 0.886221
49.500000 0.030386 0.836089
49.600000 -0.017341 0.922928
49.700000 0.026746 1.051181
49.800000 0.042929 1.003078
49.900000 0.071321 0.909072
50.000000 0.065961 0.942048
50.100000 0.078875 0.816800
50.200000 0.051415 0.762697
50.300000 0.068998 0.869773
50.400000 0.071150 0.932247
50.500000 0.042997 0.912609
50.600000 0.051882 0.876157
50.700000 0.073835 0.854301
50.800000 0.047404 0.832289
50.900000 -0.040553 0.834201
51.000000 -0.061412 0.858561
51.100000 -0.029213 0.897406
51.200000 0.009513 0.878335
51.300000 -0.062043 0.871146
51.400000 -0.129821 1.058406
51.500000 -0.094583 1.017811
51.600000 -0.012859 1.009736
51.700000 0.040419 0.935256
51.800000 -0.041367 0.990778
51.900000 0.037976 1.006981
52.000000 -0.012948 0.946274
52.100000 -0.003099 0.990904
52.200000 -0.017338 1.021646
52.300000 0.009902 0.996209
52.400000 -0.004919 0.970832
52.500000 0.057389 0.875242
52.600000 0.040893 0.875228
52.700000 0.019663 0.919320
52.800000 0.050853 0.997905
52.900000 0.000011 1.045915
53.000000 -0.076897 1.081675
53.100000 -0.047322 1.159824
53.200000 -0.019472 0.995074
53.300000 0.007503 1.111150
53.400000 0.017261 0.910984
53.500000 -0.011048 0.967291
53.600000 0.111958 0.958776
53.700000 0.131905 0.912869
53.800000 0.164787 1.005441
53.900000 0.141524 1.101260
54.000000 0.048632 0.899581
54.100000 0.104775 0.960989
54.200000 0.130649 0.877504
54.300000 0.182654 0.851457
54.400000 0.107287 0.855750
54.500000 0.119385 0.998887
54.600000 0.178920 0.924144
54.700000 0.162931 0.997898
54.800000 0.151863 0.905906
54.900000 0.201534 0.919810
55.000000 0.189106 0.861902
55.100000 0.101847 0.942562
55.200000 0.081363 1.036396
55.300000 0.062825 0.958546
55.400000 0.103825 0.939328
55.500000 0.037783 1.011815
55.600000 -0.003834 1.067119
55.700000 0.008243 0.947764
55.800000 -0.020944 0.968779
55.900000 0.046003 0.906045
56.000000 0.092625 0.937380
56.100000 0.101411 1.046482
56.200000 0.167738 1.071986
56.300000 0.114516 1.010158
56.400000 0.112920 1.227999
56.500000 0.155913 1.142267
56.600000 0.084650 1.193698
56.700000 0.081694 1.162972
56.800000 0.040134 1.048899
56.900000 0.041423 1.006637
57.000000 0.025405 1.133044
57.100000 -0.009977 1.122486
57.200000 -0.035262 1.064492
57.300000 -0.041286 1.180141
57.400000 -0.000730 1.306006
57.500000 -0.045960 1.133224
57.600000 -0.049238 1.212317
57.700000 0.055571 1.330290
57.800000 0.012257 1.313379
57.900000 0.042851 1.183435
58.000000 -0.050628 1.200012
58.100000 -0.029822 1.061066
58.200000 0.021477 0.921321
58.300000 0.113048 1.176174
58.400000 0.070847 1.150157
58.500000 0.049414 1.022895
58.600000 0.001319 1.103444
58.700000 0.070790 1.090127
58.800000 0.053949 0.964288
58.900000 0.014386 0.962240
59.000000 -0.011472 0.971736
59.100000 -0.026013 1.134630
59.200000 0.020014 1.100011
59.300000 0.068290 0.932437
59.400000 -0.007376 1.087909
59.500000 0.042820 0.967160
59.600000 0.062322 1.012024
59.700000 0.101850 0.943722
59.800000 0.061198 0.924119
59.900000 0.000636 1.039647
60.000000 -0.012847 1.044809
60.100000 -0.026927 1.049331
60.200000 -0.008840 1.050553
60.300000 0.002078 0.970922
60.400000 0.030555 0.988558
60.500000 -0.037305 0.960107
60.600000 -0.015831 0.962207
60.700000 -0.095724 0.983440
60.800000 -0.124142 0.897779
60.900000 -0.125926 0.814046
61.000000 -0.123313 0.832806
61.100000 -0.065758 0.854114
61.200000 -0.069540 0.988079
61.300000 -0.097106 1.114094
61.400000 -0.172679 1.114665
61.500000 -0.147550 1.040700
61.600000 -0.148118 1.074518
61.700000 -0.126787 0.973877
61.800000 -0.121220 1.064157
61.900000 0.015596 1.042203
62.000000 0.024735 0.987162
62.100000 -0.036797 1.082793
62.200000 -0.004263 1.074818
62.300000 -0.012644 1.173918
62.400000 0.004189 1.145625
62.500000 0.107215 1.085121
62.600000 0.060970 0.907931
62.700000 0.068498 1.089180
62.800000 0.072144 0.987508
62.900000 0.051725 1.008720
63.000000 0.015749 0.909878
63.100000 -0.018396 0.929509
63.200000 0.018903 0.917482
63.300000 0.061787 1.030304
63.400000 0.085293 1.057349
63.500000 0.137676 1.017911
63.600000 0.149239 1.065216
63.700000 0.183834 0.843802
63.800000 0.187589 0.935164
63.900000 0.243421 1.164428
64.000000 0.251524 0.985898
64.100000 0.250239 1.041542
64.200000 0.138197 0.953027
64.300000 0.164174 0.917880
64.400000 0.129841 0.895135
64.500000 0.081280 0.970506
64.600000 0.125923 1.033249
64.700000 0.191567 1.008006
64.800000 0.163376 0.979074
64.900000 0.172843 0.882629
65.000000 0.196331 0.962203
65.100000 0.153504 1.185869
65.200000 0.139994 1.222478
65.300000 0.176895 1.055528
65.400000 0.161680 1.149442
65.500000 0.146630 1.202157
65.600000 0.251583 1.310785
65.700000 0.163323 1.402522
65.800000 0.223912 1.426523
65.900000 0.198200 1.355909
66.000000 0.191546 1.190404
66.100000 0.180092 1.101656
66.200000 0.129147 0.977492
66.300000 0.079798 1.079624
66.400000 0.045059 0.854165
66.500000 0.063396 0.896736
66.600000 0.006378 0.989418
66.700000 0.040401 1.012087
66.800000 0.045305 1.020647
66.900000 0.067386 1.007982
67.000000 0.025559 1.066669
67.100000 -0.067382 1.122651
67.200000 0.012854 1.139952
67.300000 0.003238 1.154041
67.400000 0.017812 1.125760
67.500000 -0.030330 1.147016
67.600000 0.056906 1.207497
67.700000 0.053486 1.086096
67.800000 0.065416 0.879548
67.900000 0.049851 0.970072
68.000000 0.005273 1.052826
68.100000 -0.052118 1.011501
68.200000 0.006914 0.930740
68.300000 -0.015012 1.081841
68.400000 -0.003303 1.057824
68.500000 -0.054072 1.031089
68.600000 -0.032555 1.139885
68.700000 -0.060684 1.389503
68.800000 -0.020527 1.217141
68.900000 0.008656 1.134724
69.000000 -0.000952 1.229165
69.100000 0.016772 1.160384
69.200000 -0.008763 1.120199
69.300000 0.087538 0.956964
69.400000 -0.047117 1.014167
69.500000 -0.034724 1.145548
69.600000 -0.008801 1.037824
69.700000 -0.060784 1.030881
69.800000 0.023595 1.126012
69.900000 -0.004537 1.184336
70.000000 0.025521 1.164111
70.100000 0.033564 1.116228
70.200000 0.036652 1.107164
70.300000 0.108241 0.967579
70.400000 0.101837 0.942005
70.500000 0.087131 0.940260
70.600000 0.019407 0.917203
70.700000 0.012075 0.930406
70.800000 -0.033877 0.970529
70.900000 -0.012195 0.868723
71.000000 0.016455 0.914693
71.100000 0.012199 1.088603
71.200000 -0.050383 1.043648
71.300000 -0.106907 0.984530
71.400000 -0.105310 0.845135
71.500000 -0.140253 0.713990
71.600000 -0.044037 0.853091
71.700000 -0.012466 0.934179
71.800000 -0.107626 1.037003
71.900000 -0.074953 1.053593
72.000000 -0.107953 0.980212
72.100000 -0.130543 1.081583
72.200000 -0.149617 1.142168
72.300000 -0.103174 1.234880
72.400000 -0.094910 1.015296
72.500000 -0.065470 0.899764
72.600000 -0.049085 0.935900
72.700000 -0.036875 0.913204
72.800000 -0.082802 0.962487
72.900000 -0.074321 0.903950
73.000000 -0.102439 0.931775
73.100000 -0.037519 0.976573
73.200000 -0.088956 0.941887
73.300000 -0.104689 1.035393
73.400000 -0.136624 0.962078
73.500000 -0.163360 1.025399
73.600000 -0.099905 1.057118
73.700000 -0.070163 1.021966
73.800000 -0.036176 0.973065
73.900000 -0.100165 0.962329
74.000000 -0.131910 0.905877
74.100000 -0.096513 0.918787
74.200000 -0.063343 1.042265
74.300000 -0.008980 1.018957
74.400000 0.009058 0.850621
74.500000 -0.034947 0.959245
74.600000 0.008940 0.876603
74.700000 -0.013982 1.061683
74.800000 -0.036909 1.056751
74.900000 -0.074433 1.080301
75.000000 -0.071071 1.093054
75.100000 -0.086690 1.081281
75.200000 -0.112882 1.150077
75.300000 -0.173548 1.140318
75.400000 -0.102940 1.207146
75.500000 -0.143473 0.989167
75.600000 -0.164222 0.957038
75.700000 -0.168359 0.919856
75.800000 -0.125145 0.966087
75.900000 -0.141869 0.903325
76.000000 -0.177430 0.974363
76.100000 -0.217955 1.000290
76.200000 -0.247490 0.973836
76.300000 -0.189936 0.953926
76.400000 -0.132636 1.001155
76.500000 -0.134809 0.926630
76.600000 -0.106343 0.904644
76.700000 -0.074205 0.875353
76.800000 -0.012838 0.854270
76.900000 -0.067494 0.864770
77.000000 -0.077066 0.811432
77.100000 -0.111790 0.950725
77.200000 -0.187397 0.996823
77.300000 -0.124091 0.882157
77.400000 -0.284657 0.960049
77.500000 -0.227954 0.937556
77.600000 -0.205421 0.932748
77.700000 -0.262385 1.094611
77.800000 -0.181865 0.993802
77.900000 -0.138681 1.043752
78.000000 -0.149282 0.902370
78.100000 -0.126379 0.898823
78.200000 -0.139079 0.995359
78.300000 -0.106122 0.975106
78.400000 -0.046703 0.948334
78.500000 -0.082304 0.897579
78.600000 -0.078817 0.910026
78.700000 -0.122996 0.999555
78.800000 -0.118243 0.924940
78.900000 -0.159511 0.903163
79.000000 -0.133732 0.907394
79.100000 -0.052164 0.825009
79.200000 -0.023096 0.887881
79.300000 -0.027938 0.897801
79.400000 0.018960 0.969701
79.500000 0.027754 1.050523
79.600000 -0.025180 0.914224
79.700000 0.048729 0.922847
79.800000 0.017831 0.995778
79.900000 -0.050744 0.790844
80.000000 0.009594 0.977810
80.100000 -0.004962 1.058345
80.200000 0.055113 1.062901
80.300000 0.036540 1.128093
80.400000 0.069062 1.172945
80.500000 0.043941 1.175126
80.600000 0.100336 1.170501
80.700000 0.176797 1.129037
80.800000 0.136229 0.970875
80.900000 0.140805 1.009368
81.000000 0.149663 1.114471
81.100000 0.123752 1.127027
81.200000 0.082162 0.922617
81.300000 0.041653 0.800516
81.400000 0.041183 0.864549
81.500000 0.026154 0.974224
81.600000 0.019735 0.862960
81.700000 0.008304 0.897717
81.800000 0.034144 1.001185
81.900000 0.076517 1.058340
82.000000 -0.035345 1.060237
82.100000 -0.054360 1.078959
82.200000 -0.062112 1.063402
82.300000 -0.077431 1.078364
82.400000 -0.046677 0.974489
82.500000 0.003666 1.007893
82.600000 0.023248 0.967956
82.700000 -0.005218 0.843080
82.800000 0.016049 0.895204
82.900000 0.073100 0.785459
83.000000 0.063642 0.786591
83.100000 0.039202 0.874960
83.200000 0.061420 0.813175
83.300000 0.013107 0.898893
83.400000 0.003688 0.852613
83.500000 -0.001151 0.781134
83.600000 0.141578 0.761151
83.700000 0.124309 0.747739
83.800000 0.056158 0.884726
83.900000 0.047891 0.916286
84.000000 0.007444 0.939206
84.100000 0.032446 0.825037
84.200000 -0.016031 0.831315
84.300000 -0.038396 0.911330
84.400000 -0.006539 0.907834
84.500000 -0.043794 0.968601
84.600000 -0.004862 0.886366
84.700000 0.021553 0.896171
84.800000 -0.036542 0.898601
84.900000 -0.024026 0.956661
85.000000 -0.048022 1.019427
85.100000 -0.129141 1.032244
85.200000 -0.115268 0.955359
85.300000 -0.133042 0.856164
85.400000 -0.102551 0.811625
85.500000 -0.103117 0.961927
85.600000 -0.110688 0.894472
85.700000 -0.119792 0.945951
85.800000 -0.130475 0.940335
85.900000 -0.155429 0.874800
86.000000 -0.093323 0.954769
86.100000 -0.068406 1.065782
86.200000 -0.047294 1.065959
86.300000 -0.022173 0.955033
86.400000 -0.041503 0.775041
86.500000 -0.002121 0.910107
86.600000 0.013888 1.016151
86.700000 -0.015030 0.945677
86.800000 0.018323 0.986101
86.900000 0.059252 0.915429
87.000000 0.008605 0.895383
87.100000 0.057747 0.959492
87.200000 0.057930 0.867181
87.300000 0.021356 0.923502
87.400000 0.030276 1.011331
87.500000 0.002750 1.094378
87.600000 -0.038285 1.288407
87.700000 -0.007395 1.281557
87.800000 0.050635 1.237338
87.900000 -0.001206 1.008158
88.000000 0.064094 1.057355
88.100000 0.077581 1.061168
88.200000 0.097705 0.976645
88.300000 0.129880 1.037502
88.400000 0.091420 0.990161
88.500000 0.117785 1.032087
88.600000 0.109669 1.131270
88.700000 0.157249 1.108016
88.800000 0.108727 0.983765
88.900000 0.181992 0.911859
89.000000 0.128199 0.955935
89.100000 0.138712 1.113330
89.200000 0.165993 1.251425
89.300000 0.141332 1.039579
89.400000 0.103876 1.150532
89.500000 0.074270 1.265452
89.600000 -0.001070 1.139872
89.700000 -0.077673 1.131689
89.800000 -0.078889 1.107040
89.900000 -0.022596 1.075428
90.000000 -0.083099 1.070718
90.100000 -0.066727 1.042386
90.200000 0.056762 1.074476
90.300000 -0.060080 1.115378
90.400000 -0.134349 1.028848
90.500000 -0.101800 0.922438
90.600000 -0.037095 0.947102
90.700000 -0.110290 1.032137
90.800000 -0.110351 0.978244
90.900000 -0.148381 0.952108
91.000000 -0.100149 0.938295
91.100000 -0.034644 1.008263
91.200000 -0.164821 1.086544
91.300000 -0.122667 1.194492
91.400000 -0.086789 1.044073
91.500000 -0.047562 1.034799
91.600000 -0.049950 0.948039
91.700000 -0.031353 0.839222
91.800000 -0.002260 0.941877
91.900000 0.011120 1.041584
92.000000 0.085841 0.949148
92.100000 0.003407 1.023453
92.200000 0.013885 0.913774
92.300000 -0.012122 1.049119
92.400000 0.039160 1.113724
92.500000 0.003882 0.969812
92.600000 -0.019457 0.925786
92.700000 0.049219 0.861186
92.800000 0.000547 0.863895
92.900000 -0.066171 0.948509
93.000000 -0.060072 1.049948
93.100000 -0.121677 1.007441
93.200000 -0.069119 1.134731
93.300000 -0.044573 1.073923
93.400000 -0.071218 0.956115
93.500000 -0.050523 1.054624
93.600000 -0.080909 0.936892
93.700000 -0.049007 1.035242
93.800000 -0.064854 0.967186
93.900000 -0.046679 0.920508
94.000000 -0.058240 0.850803
94.100000 0.003942 0.924916
94.200000 0.012678 1.040970
94.300000 -0.043649 0.938059
94.400000 -0.031230 0.912642
94.500000 -0.077027 0.963425
94.600000 -0.105504 1.013123
94.700000 -0.105318 0.926457
94.800000 -0.128087 0.911686
94.900000 -0.187160 1.058646
95.000000 -0.148219 0.990775
95.100000 -0.108327 0.994485
95.200000 -0.146177 1.054160
95.300000 -0.189996 0.967669
95.400000 -0.199003 1.039517
95.500000 -0.178790 1.098147
95.600000 -0.105804 1.186607
95.700000 -0.131219 1.268827
95.800000 -0.210489 1.074715
95.900000 -0.126966 1.055133
96.000000 -0.093485 1.082170
96.100000 0.034824 0.983050
96.200000 0.056579 1.024733
96.300000 0.000469 0.893004
96.400000 -0.067168 0.989498
96.500000 -0.044777 0.850043
96.600000 -0.019606 0.815058
96.700000 0.005412 0.884252
96.800000 -0.009027 0.943231
96.900000 0.021590 0.984116
97.000000 0.012857 0.895887
97.100000 -0.004586 0.850182
97.200000 0.053579 0.948471
97.300000 -0.006043 0.933926
97.400000 0.040514 1.109732
97.500000 0.005516 1.073090
97.600000 0.006394 0.927005
97.700000 0.035493 0.888085
97.800000 0.036423 0.904134
97.900000 0.075237 0.876362
98.000000 0.039671 0.932183
98.100000 0.031157 0.903671
98.200000 -0.004313 0.938967
98.300000 0.111748 0.944740
98.400000 0.070861 0.950661
98.500000 0.023341 0.899073
98.600000 -0.042891 1.038737
98.700000 0.104514 1.081974
98.800000 0.081851 1.040872
98.900000 0.032252 1.034326
99.000000 0.022895 1.232469
99.100000 0.104489 1.107632
99.200000 0.026925 1.042454
99.300000 0.051526 1.000981
99.400000 -0.017410 1.193546
99.500000 0.050822 1.211991
99.600000 0.037452 1.262317
99.700000 0.122557 1.030741
99.800000 0.207239 1.029690
99.900000 0.206107 1.028325
