0.000000 1.004033 1.032888
1.000000 0.720752 0.880423
2.000000 0.632167 0.897528
3.000000 0.786183 1.016509
4.000000 0.489346 0.896278
5.000000 0.675696 1.006295
6.000000 0.791666 0.952721
7.000000 0.895593 1.153635
8.000000 0.811162 1.059502
9.000000 0.470995 0.727022
10.000000 0.842986 1.086392
11.000000 0.958876 1.352589
12.000000 0.724742 1.023143
13.000000 0.651225 0.973963
14.000000 0.569246 0.959157
15.000000 0.772991 1.163191
16.000000 0.661204 1.118576
17.000000 0.778507 0.989387
18.000000 0.912437 1.352840
19.000000 0.944241 1.405618
20.000000 0.758991 0.889387
21.000000 0.927382 1.258985
22.000000 0.818892 1.044295
23.000000 0.646113 0.946884
24.000000 0.621670 0.978434
25.000000 0.644828 0.847361
26.000000 0.735897 0.993842
27.000000 0.733895 0.919012
28.000000 0.769566 1.079517
29.000000 0.719734 1.074202
30.000000 0.743973 1.103688
31.000000 0.807842 1.078748
32.000000 0.718432 1.049194
33.000000 0.661261 1.061886
34.000000 0.582988 0.978227
35.000000 0.545371 0.983417
36.000000 0.843676 1.177201
37.000000 0.812466 1.099444
38.000000 0.634739 0.914574
39.000000 0.658905 0.872249
40.000000 0.618603 0.918558
41.000000 0.701816 1.067284
42.000000 0.711374 1.063913
43.000000 0.802248 1.087420
44.000000 0.814539 0.944442
45.000000 0.999052 1.339641
46.000000 0.730589 0.855537
47.000000 0.749694 0.972521
48.000000 0.927908 1.165377
49.000000 0.793996 1.158044
50.000000 0.700533 1.020585
51.000000 0.822215 1.048717
52.000000 0.813658 1.188749
53.000000 0.803644 1.334537
54.000000 0.754624 1.226654
55.000000 0.779589 1.160764
56.000000 0.830513 1.167305
57.000000 0.821681 1.066245
58.000000 0.725888 1.086568
59.000000 0.663254 0.919054
60.000000 0.667139 0.942687
61.000000 0.631966 1.016618
62.000000 0.742807 1.019053
63.000000 0.580768 1.004193
64.000000 0.663920 0.994822
65.000000 0.564256 0.821954
66.000000 0.616318 1.083607
67.000000 0.779626 1.302597
68.000000 0.449099 0.863937
69.000000 0.623953 0.887249
70.000000 0.529957 1.025899
71.000000 0.633101 1.164121
72.000000 0.677533 1.176965
73.000000 0.690527 1.065309
74.000000 0.692155 0.988067
75.000000 0.954998 1.332780
76.000000 0.670803 0.995838
77.000000 0.714981 1.167880
78.000000 0.536981 0.834197
79.000000 0.558992 0.927880
80.000000 0.764519 1.116143
81.000000 0.662711 0.924008
82.000000 0.686898 0.944613
83.000000 0.853904 1.128378
84.000000 0.712146 0.972421
85.000000 0.692318 0.966955
86.000000 0.802756 1.122841
87.000000 0.841232 1.186509
88.000000 0.677488 0.904505
89.000000 0.592568 0.763567
90.000000 0.770021 1.024509
91.000000 0.784418 1.106214
92.000000 0.700207 1.217663
93.000000 0.851425 1.036703
94.000000 1.063903 1.493122
95.000000 0.777684 1.002948
96.000000 0.874632 1.035958
97.000000 0.784063 1.185435
98.000000 0.827029 1.023523
99.000000 0.648725 0.845911
100.000000 0.816789 1.032312
101.000000 0.768081 0.884588
102.000000 0.711083 0.959029
103.000000 0.802254 1.129081
104.000000 0.827728 1.169495
105.000000 0.609241 0.880572
106.000000 0.678367 1.007863
107.000000 0.521880 1.018143
108.000000 0.855202 1.259596
109.000000 0.813497 1.106396
110.000000 0.730262 0.976214
111.000000 0.861012 1.099084
112.000000 0.615343 0.893595
113.000000 0.658601 1.022137
114.000000 0.560213 0.861059
115.000000 0.683836 1.136150
116.000000 0.676233 1.049281
117.000000 0.624214 0.911601
118.000000 0.683379 1.178754
119.000000 0.702913 0.966379
120.000000 0.738604 0.942047
121.000000 0.672998 1.001957
122.000000 0.592963 0.774891
123.000000 0.652309 0.966289
124.000000 0.703570 1.048784
125.000000 0.668165 0.864379
126.000000 0.765066 1.049140
127.000000 0.874938 1.093501
128.000000 0.681419 0.811045
129.000000 0.712303 1.018202
130.000000 0.734821 1.181256
131.000000 0.709588 1.052061
132.000000 0.591378 1.080250
133.000000 0.635038 1.108172
134.000000 0.727570 1.113658
135.000000 0.715543 0.893954
136.000000 0.746053 1.046818
137.000000 0.655525 0.914602
138.000000 0.654998 1.069348
139.000000 0.490442 0.851611
140.000000 0.555191 0.938090
141.000000 0.625133 1.078361
142.000000 0.720868 1.268463
143.000000 0.637794 1.011055
144.000000 0.551140 1.159250
145.000000 0.610242 1.056422
146.000000 0.556050 0.897305
147.000000 0.625112 1.038346
148.000000 0.628760 1.040981
149.000000 0.607860 1.159811
150.000000 0.522431 1.050543
151.000000 0.503242 1.061543
152.000000 0.587337 1.082934
153.000000 0.593678 1.185844
154.000000 0.648489 1.097570
155.000000 0.641781 1.051423
156.000000 0.708581 1.129718
157.000000 0.791197 1.268854
158.000000 0.786949 1.198910
159.000000 0.620683 0.851972
160.000000 0.698241 1.074386
161.000000 0.652344 1.154085
162.000000 0.568189 0.940783
163.000000 0.682323 1.147878
164.000000 0.519788 0.828609
165.000000 0.717123 1.035452
166.000000 0.597869 0.997822
167.000000 0.619761 0.932524
168.000000 0.661062 0.887396
169.000000 0.699097 1.164231
170.000000 0.602907 1.182733
171.000000 0.614904 0.988232
172.000000 0.721583 1.104329
173.000000 0.689475 1.113716
174.000000 0.667015 1.070609
175.000000 0.641623 1.165900
176.000000 0.670628 1.106337
177.000000 0.532935 0.946767
178.000000 0.602946 0.902723
179.000000 0.597594 1.234441
180.000000 0.662222 1.196869
181.000000 0.527769 1.002648
182.000000 0.511906 0.762894
183.000000 0.649283 1.106500
184.000000 0.620872 1.021023
185.000000 0.540046 0.918552
186.000000 0.681179 1.132482
187.000000 0.651255 1.085520
188.000000 0.534089 0.811507
189.000000 0.644341 1.011739
190.000000 0.602107 0.950274
191.000000 0.703129 1.094149
192.000000 0.624140 0.883574
193.000000 0.681152 1.040652
194.000000 0.644799 0.923837
195.000000 0.690939 1.018369
196.000000 0.713888 0.937691
197.000000 0.592327 0.909170
198.000000 0.585429 0.806809
199.000000 0.658793 1.021123
200.000000 0.671761 1.086033
201.000000 0.653071 0.965725
202.000000 0.753591 1.175105
203.000000 0.595294 0.888416
204.000000 0.613413 0.991706
205.000000 0.564685 1.008691
206.000000 0.468680 0.844017
207.000000 0.535958 0.841305
208.000000 0.565652 0.910430
209.000000 0.675957 1.038136
210.000000 0.563828 0.906292
211.000000 0.573083 0.956416
212.000000 0.709078 1.031665
213.000000 0.531463 1.115003
214.000000 0.618960 1.005886
215.000000 0.846122 1.341894
216.000000 0.633840 1.186413
217.000000 0.631022 0.905442
218.000000 0.633292 1.072763
219.000000 0.540823 0.906200
220.000000 0.648960 1.016865
221.000000 0.638502 1.123639
222.000000 0.704410 1.094604
223.000000 0.539205 0.925911
224.000000 0.663726 0.996170
225.000000 0.559701 0.855328
226.000000 0.580674 1.028106
227.000000 0.551399 1.123543
228.000000 0.542015 0.774638
229.000000 0.602673 1.150803
230.000000 0.772334 1.211666
231.000000 0.520183 1.032025
232.000000 0.540016 0.810869
233.000000 0.556297 0.880672
234.000000 0.427948 0.929672
235.000000 0.517986 0.902473
236.000000 0.693424 1.012281
237.000000 0.812136 1.153643
238.000000 0.783455 0.996402
239.000000 0.576208 1.043916
240.000000 0.592293 0.952893
241.000000 0.598246 1.009412
242.000000 0.634006 0.897646
243.000000 0.887700 1.442879
244.000000 0.671453 0.932587
245.000000 0.575184 0.840668
246.000000 0.717944 1.192967
247.000000 0.537180 1.098140
248.000000 0.578266 1.027475
249.000000 0.610050 0.983350
250.000000 0.507135 0.892650
251.000000 0.586558 0.858105
252.000000 0.710444 1.234052
253.000000 0.591311 0.995440
254.000000 0.803934 1.152480
255.000000 0.700843 1.037531
256.000000 0.702722 1.017368
257.000000 0.647708 1.104138
258.000000 0.596948 0.976790
259.000000 0.725632 0.973521
260.000000 0.800912 0.966061
261.000000 0.817326 1.002350
262.000000 0.761144 1.124284
263.000000 0.795789 1.124310
264.000000 0.600200 1.029553
265.000000 0.817668 1.289913
266.000000 0.681036 1.055822
267.000000 0.500316 0.742354
268.000000 0.692456 1.084867
269.000000 0.861220 1.357335
270.000000 0.644410 1.293157
271.000000 0.685992 1.136844
272.000000 0.590475 1.027230
273.000000 0.676557 0.959248
274.000000 0.515337 0.861698
275.000000 0.689815 1.119107
276.000000 0.698100 1.115194
277.000000 0.490359 0.903612
278.000000 0.518407 0.985740
279.000000 0.548194 0.986952
280.000000 0.485050 1.029360
281.000000 0.722818 1.153785
282.000000 0.820002 1.068112
283.000000 0.697672 0.988165
284.000000 0.874118 1.176616
285.000000 0.688225 1.025953
286.000000 0.513632 0.984142
287.000000 0.613567 1.132893
288.000000 0.622517 1.043884
289.000000 0.504365 1.139066
290.000000 0.631380 1.081168
291.000000 0.685645 0.950249
292.000000 0.598621 1.087694
293.000000 0.579801 1.011601
294.000000 0.550920 0.877162
295.000000 0.564641 1.185259
296.000000 0.684290 1.385979
297.000000 0.566991 0.952774
298.000000 0.652145 1.127316
299.000000 0.510305 0.895996
300.000000 0.591822 0.906847
301.000000 0.524121 0.898567
302.000000 0.566934 0.920165
303.000000 0.409656 0.839160
304.000000 0.505902 1.010983
305.000000 0.626886 0.987592
306.000000 0.655203 1.144960
307.000000 0.564410 1.037926
308.000000 0.504969 1.013985
309.000000 0.710044 1.100479
310.000000 0.628896 1.011373
311.000000 0.734699 1.266945
312.000000 0.757016 1.269119
313.000000 0.695922 0.958578
314.000000 0.614193 0.850405
315.000000 0.704711 1.163827
316.000000 0.781747 1.090402
317.000000 0.550468 1.042122
318.000000 0.581500 0.950609
319.000000 0.546621 0.880963
320.000000 0.659218 1.279431
321.000000 0.615803 1.171465
322.000000 0.598112 0.956883
323.000000 0.425228 0.870721
324.000000 0.508812 0.957068
325.000000 0.611512 0.968159
326.000000 0.502911 0.864795
327.000000 0.418339 0.972239
328.000000 0.555996 1.054580
329.000000 0.434907 0.844644
330.000000 0.642479 1.187162
331.000000 0.349392 0.902203
332.000000 0.502210 0.872045
333.000000 0.673990 1.092079
334.000000 0.472645 0.867788
335.000000 0.448530 0.912688
336.000000 0.431076 1.051850
337.000000 0.514474 1.117126
338.000000 0.413561 0.874833
339.000000 0.540183 1.105267
340.000000 0.478480 0.959682
341.000000 0.402288 0.961338
342.000000 0.624417 1.097960
343.000000 0.511899 1.041406
344.000000 0.615324 1.109011
345.000000 0.474703 1.061600
346.000000 0.527925 0.904215
347.000000 0.529447 0.975026
348.000000 0.459540 1.126537
349.000000 0.553298 1.133080
350.000000 0.457545 0.946300
351.000000 0.531518 1.095325
352.000000 0.509489 1.035298
353.000000 0.485118 0.917095
354.000000 0.479202 1.051691
355.000000 0.679740 0.994449
356.000000 0.437317 0.910870
357.000000 0.376592 0.951288
358.000000 0.578465 1.018016
359.000000 0.540154 1.011839
360.000000 0.426575 0.894979
361.000000 0.368212 0.976660
362.000000 0.514716 1.024771
363.000000 0.591861 1.182081
364.000000 0.584579 0.803129
365.000000 0.426979 0.876479
366.000000 0.427088 0.713769
367.000000 0.474274 0.966886
368.000000 0.552327 1.209033
369.000000 0.511958 1.153319
370.000000 0.381987 1.079509
371.000000 0.678071 1.201100
372.000000 0.501202 0.969472
373.000000 0.382760 0.782090
374.000000 0.378046 1.019590
375.000000 0.459949 0.909333
376.000000 0.375438 1.130746
377.000000 0.602369 1.138024
378.000000 0.373636 1.140616
379.000000 0.433382 0.864676
380.000000 0.379547 1.036719
381.000000 0.286046 1.067104
382.000000 0.340701 1.122096
383.000000 0.332447 1.155761
384.000000 0.427711 1.070254
385.000000 0.387850 0.985583
386.000000 0.374021 1.157150
387.000000 0.459919 0.946902
388.000000 0.435391 0.984434
389.000000 0.328753 0.953536
390.000000 0.374640 0.736189
391.000000 0.385913 0.902103
392.000000 0.621055 1.180268
393.000000 0.580222 1.012550
394.000000 0.604105 1.336677
395.000000 0.590706 1.047897
396.000000 0.451542 1.237347
397.000000 0.543964 1.055604
398.000000 0.345123 0.727547
399.000000 0.425227 0.793211
400.000000 0.345549 1.080497
401.000000 0.459329 0.983596
402.000000 0.362093 0.946848
403.000000 0.447198 0.900699
404.000000 0.318831 1.005618
405.000000 0.271176 1.119775
406.000000 0.483101 0.993183
407.000000 0.306202 0.794231
408.000000 0.365306 0.941920
409.000000 0.296501 0.976564
410.000000 0.364083 0.980701
411.000000 0.539515 1.302159
412.000000 0.528489 1.056792
413.000000 0.463918 1.026233
414.000000 0.422180 1.059800
415.000000 0.470199 0.921462
416.000000 0.392463 1.092534
417.000000 0.494171 1.238439
418.000000 0.445766 0.852239
419.000000 0.389096 0.970907
420.000000 0.406280 1.160895
421.000000 0.514825 1.114642
422.000000 0.331937 0.780542
423.000000 0.413081 0.908041
424.000000 0.344351 0.965961
425.000000 0.420323 0.845053
426.000000 0.529857 1.011375
427.000000 0.424688 0.977633
428.000000 0.560367 1.127242
429.000000 0.418881 1.018360
430.000000 0.574261 1.345776
431.000000 0.468495 1.051632
432.000000 0.434564 1.201130
433.000000 0.381406 1.057828
434.000000 0.326297 0.971921
435.000000 0.236170 0.888349
436.000000 0.252173 1.096332
437.000000 0.420238 0.940608
438.000000 0.595278 1.030902
439.000000 0.481840 1.003987
440.000000 0.553855 1.070744
441.000000 0.435698 1.166461
442.000000 0.429621 0.970444
443.000000 0.467130 0.844496
444.000000 0.538677 1.020585
445.000000 0.421357 1.017238
446.000000 0.448381 1.019202
447.000000 0.419697 0.914764
448.000000 0.359052 0.817399
449.000000 0.483995 1.150406
450.000000 0.409614 0.883868
451.000000 0.589290 1.071300
452.000000 0.511543 0.783226
453.000000 0.495292 0.948997
454.000000 0.508885 0.936617
455.000000 0.515155 0.975605
456.000000 0.541573 1.071716
457.000000 0.518543 1.039438
458.000000 0.530787 0.985188
459.000000 0.467004 0.920585
460.000000 0.543977 0.997586
461.000000 0.385641 1.143223
462.000000 0.572017 1.331126
463.000000 0.309415 0.871423
464.000000 0.500976 1.084796
465.000000 0.492715 0.871679
466.000000 0.528076 0.942069
467.000000 0.423937 1.077324
468.000000 0.573416 1.073672
469.000000 0.511870 1.075053
470.000000 0.644376 1.167632
471.000000 0.491211 1.086023
472.000000 0.484643 1.120984
473.000000 0.306049 0.893741
474.000000 0.364040 0.896911
475.000000 0.426224 1.038437
