0.000000 1.000344 1.000795
0.010000 0.994534 0.997987
0.020000 0.980095 0.979663
0.030000 0.981497 0.990394
0.040000 0.961878 0.965988
0.050000 0.964022 0.981675
0.060000 0.962123 0.985053
0.070000 0.961645 0.998502
0.080000 0.959424 0.995879
0.090000 0.940565 0.981082
0.100000 0.933285 0.970373
0.110000 0.928148 0.972593
0.120000 0.916200 0.958157
0.130000 0.898196 0.929999
0.140000 0.911716 0.970521
0.150000 0.901038 0.959137
0.160000 0.902832 0.970777
0.170000 0.892296 0.968680
0.180000 0.880607 0.957803
0.190000 0.881607 0.960623
0.200000 0.870635 0.958554
0.210000 0.864344 0.958859
0.220000 0.844162 0.925273
0.230000 0.823380 0.906423
0.240000 0.820099 0.924793
0.250000 0.816761 0.948293
0.260000 0.808393 0.962402
0.270000 0.806651 0.954806
0.280000 0.806560 0.955790
0.290000 0.795541 0.940394
0.300000 0.777850 0.927839
0.310000 0.777621 0.923861
0.320000 0.769425 0.920517
0.330000 0.758043 0.907029
0.340000 0.775092 0.962555
0.350000 0.771191 0.933368
0.360000 0.775037 0.932964
0.370000 0.763395 0.939583
0.380000 0.761514 0.952256
0.390000 0.738396 0.914518
0.400000 0.741567 0.911827
0.410000 0.725852 0.902663
0.420000 0.728799 0.927289
0.430000 0.732591 0.933407
0.440000 0.732295 0.939863
0.450000 0.727113 0.929270
0.460000 0.740527 0.951609
0.470000 0.721520 0.931428
0.480000 0.718337 0.937507
0.490000 0.711516 0.945879
0.500000 0.714266 0.988711
0.510000 0.712325 1.008763
0.520000 0.692814 0.979222
0.530000 0.693556 0.984950
0.540000 0.684284 0.952845
0.550000 0.677252 0.958670
0.560000 0.678323 0.961979
0.570000 0.685082 0.950243
0.580000 0.684836 0.959069
0.590000 0.692689 0.968763
0.600000 0.677188 0.982451
0.610000 0.681197 0.986403
0.620000 0.681332 0.995186
0.630000 0.671735 0.966120
0.640000 0.664398 0.948481
0.650000 0.664863 0.944568
0.660000 0.678930 0.981431
0.670000 0.661897 0.957934
0.680000 0.694650 1.029574
0.690000 0.707164 1.070414
0.700000 0.707678 1.076577
0.710000 0.704843 1.050655
0.720000 0.679171 1.028946
0.730000 0.686047 1.062622
0.740000 0.674531 1.079412
0.750000 0.674339 1.074868
0.760000 0.687353 1.063054
0.770000 0.692426 1.055638
0.780000 0.694272 1.073221
0.790000 0.698474 1.108804
0.800000 0.713081 1.137631
0.810000 0.697764 1.115309
0.820000 0.701022 1.127094
0.830000 0.704455 1.120682
0.840000 0.691943 1.106986
0.850000 0.689171 1.121683
0.860000 0.663951 1.075152
0.870000 0.667285 1.091275
0.880000 0.660690 1.103423
0.890000 0.658059 1.100769
0.900000 0.656087 1.116688
0.910000 0.635021 1.096243
0.920000 0.640790 1.128736
0.930000 0.624057 1.094254
0.940000 0.613683 1.110454
0.950000 0.608996 1.114330
0.960000 0.598309 1.071147
0.970000 0.603723 1.082478
0.980000 0.621057 1.123302
0.990000 0.620614 1.130259
1.000000 0.629310 1.148998
1.010000 0.619837 1.154572
1.020000 0.615771 1.138390
1.030000 0.612641 1.156387
1.040000 0.604482 1.172245
1.050000 0.608805 1.192605
1.060000 0.618732 1.200299
1.070000 0.606729 1.179622
1.080000 0.608726 1.190368
1.090000 0.603427 1.166945
1.100000 0.613749 1.196057
1.110000 0.596846 1.229011
1.120000 0.586908 1.192739
1.130000 0.570588 1.149630
1.140000 0.582713 1.137197
1.150000 0.587646 1.165969
1.160000 0.576562 1.143353
1.170000 0.591686 1.180659
1.180000 0.579140 1.159858
1.190000 0.574642 1.147367
1.200000 0.590761 1.176780
1.210000 0.578142 1.160936
1.220000 0.547115 1.093357
1.230000 0.548257 1.084150
1.240000 0.549943 1.082266
1.250000 0.543275 1.084042
1.260000 0.536683 1.100088
1.270000 0.540023 1.127371
1.280000 0.545414 1.146955
1.290000 0.547834 1.134699
1.300000 0.554431 1.131175
1.310000 0.551363 1.125661
1.320000 0.538130 1.106134
1.330000 0.530942 1.114197
1.340000 0.531150 1.113194
1.350000 0.529041 1.103019
1.360000 0.526961 1.117189
1.370000 0.519661 1.121775
1.380000 0.518852 1.116170
1.390000 0.516919 1.111941
1.400000 0.514417 1.114058
1.410000 0.503538 1.082919
1.420000 0.514630 1.111713
1.430000 0.506785 1.090433
1.440000 0.504301 1.066662
1.450000 0.506465 1.049871
1.460000 0.508865 1.087412
1.470000 0.514667 1.110824
1.480000 0.519691 1.093287
1.490000 0.534750 1.115731
1.500000 0.549142 1.138236
1.510000 0.538057 1.121307
1.520000 0.519310 1.137994
1.530000 0.511485 1.101360
1.540000 0.521050 1.103976
1.550000 0.526572 1.101151
1.560000 0.537393 1.103412
1.570000 0.533369 1.119264
1.580000 0.540060 1.146830
1.590000 0.541593 1.162577
1.600000 0.547342 1.216190
1.610000 0.542206 1.215471
1.620000 0.550724 1.217404
1.630000 0.544811 1.216913
1.640000 0.549825 1.230498
1.650000 0.551263 1.225169
1.660000 0.532565 1.186807
1.670000 0.529013 1.217540
1.680000 0.527758 1.192640
1.690000 0.527467 1.222991
1.700000 0.517873 1.191849
1.710000 0.505043 1.161560
1.720000 0.521167 1.178994
1.730000 0.512666 1.184189
1.740000 0.506098 1.182038
1.750000 0.519682 1.197680
1.760000 0.526435 1.178136
1.770000 0.542936 1.198870
1.780000 0.543742 1.187088
1.790000 0.555660 1.178429
1.800000 0.545327 1.208397
1.810000 0.546634 1.205735
1.820000 0.541764 1.224410
1.830000 0.538614 1.210960
1.840000 0.531708 1.224621
1.850000 0.545477 1.225167
1.860000 0.552042 1.236785
1.870000 0.538913 1.215086
1.880000 0.546231 1.250069
1.890000 0.560894 1.260373
1.900000 0.567269 1.302154
1.910000 0.560655 1.291061
1.920000 0.564323 1.265876
1.930000 0.552830 1.234878
1.940000 0.553981 1.227363
1.950000 0.560478 1.234027
1.960000 0.572488 1.264784
1.970000 0.553045 1.226687
1.980000 0.536931 1.188839
1.990000 0.522499 1.175429
2.000000 0.514234 1.133799
2.010000 0.508209 1.105817
2.020000 0.499902 1.124872
2.030000 0.506635 1.120206
2.040000 0.521394 1.134300
2.050000 0.507162 1.129386
2.060000 0.503144 1.119825
2.070000 0.485181 1.093087
2.080000 0.479213 1.104869
2.090000 0.473304 1.091326
2.100000 0.496455 1.118728
2.110000 0.509668 1.112247
2.120000 0.516962 1.113564
2.130000 0.506798 1.079926
2.140000 0.515623 1.075786
2.150000 0.510797 1.074003
2.160000 0.505790 1.107087
2.170000 0.505278 1.116430
2.180000 0.505873 1.108487
2.190000 0.499275 1.079038
2.200000 0.508482 1.079350
2.210000 0.502895 1.077016
2.220000 0.485410 1.052546
2.230000 0.486502 1.045139
2.240000 0.482058 1.030072
2.250000 0.465483 1.018574
2.260000 0.450152 1.004122
2.270000 0.455129 1.039971
2.280000 0.464223 1.059379
2.290000 0.462816 1.076661
2.300000 0.469266 1.086726
2.310000 0.464172 1.102666
2.320000 0.444168 1.086796
2.330000 0.439078 1.091186
2.340000 0.428612 1.067743
2.350000 0.428972 1.093711
2.360000 0.444512 1.144735
2.370000 0.448161 1.155985
2.380000 0.459452 1.167116
2.390000 0.461342 1.180390
2.400000 0.448721 1.144708
2.410000 0.433008 1.131067
2.420000 0.414219 1.093015
2.430000 0.424747 1.101505
2.440000 0.415618 1.081006
2.450000 0.403790 1.089124
2.460000 0.412195 1.111449
2.470000 0.397290 1.130041
2.480000 0.388992 1.119507
2.490000 0.387655 1.114171
2.500000 0.365804 1.077449
2.510000 0.384713 1.079238
2.520000 0.389265 1.068644
2.530000 0.374438 1.060951
2.540000 0.381344 1.060395
2.550000 0.385568 1.055060
2.560000 0.384940 1.064701
2.570000 0.376282 1.077212
2.580000 0.356484 1.052184
2.590000 0.369906 1.057351
2.600000 0.366321 1.075239
2.610000 0.348886 1.060693
2.620000 0.357407 1.069648
2.630000 0.341192 1.018003
2.640000 0.335361 1.016542
2.650000 0.329309 1.019237
2.660000 0.339300 1.023266
2.670000 0.334234 0.994855
2.680000 0.337974 0.962687
2.690000 0.335461 0.959857
2.700000 0.333094 0.953195
2.710000 0.329523 0.945628
2.720000 0.314648 0.932433
2.730000 0.314590 0.944942
2.740000 0.317037 0.962054
2.750000 0.295194 0.953171
2.760000 0.287398 0.934480
2.770000 0.277847 0.919160
2.780000 0.274225 0.965512
2.790000 0.280542 0.981345
2.800000 0.295217 0.963877
2.810000 0.294815 0.977141
2.820000 0.283202 0.966974
2.830000 0.270976 0.952547
2.840000 0.278513 0.956903
2.850000 0.266433 0.962891
2.860000 0.260956 0.983987
2.870000 0.261529 0.968065
2.880000 0.252233 0.970024
2.890000 0.252200 0.993762
2.900000 0.239654 1.000636
2.910000 0.257292 1.013833
2.920000 0.268697 1.005070
2.930000 0.272371 1.008734
2.940000 0.286283 1.026037
2.950000 0.286570 1.039719
2.960000 0.291666 1.036526
2.970000 0.302901 1.007523
2.980000 0.294246 0.995392
2.990000 0.298275 0.985187
3.000000 0.300124 0.991916
3.010000 0.294302 0.996740
3.020000 0.284335 1.014137
3.030000 0.283127 1.019517
3.040000 0.278489 1.051917
3.050000 0.269631 1.055993
3.060000 0.259078 1.026708
3.070000 0.252050 1.034548
3.080000 0.251608 1.062321
3.090000 0.251492 1.043716
3.100000 0.263586 1.049640
3.110000 0.258384 1.029954
3.120000 0.275598 1.026389
3.130000 0.268738 1.011159
3.140000 0.254877 1.032767
3.150000 0.259058 1.030513
3.160000 0.250486 1.032329
3.170000 0.243635 1.071529
3.180000 0.227607 1.061009
3.190000 0.222014 1.050653
3.200000 0.231272 1.055698
3.210000 0.236675 1.064971
3.220000 0.229078 1.079423
3.230000 0.241259 1.090154
3.240000 0.240364 1.096678
3.250000 0.226100 1.115495
3.260000 0.220038 1.111382
3.270000 0.219565 1.109319
3.280000 0.218604 1.095784
3.290000 0.219410 1.087214
3.300000 0.219788 1.085531
3.310000 0.221820 1.052597
3.320000 0.208983 1.075853
3.330000 0.201517 1.054996
3.340000 0.208755 1.092178
3.350000 0.225332 1.110289
3.360000 0.221444 1.075802
3.370000 0.229810 1.096134
3.380000 0.218610 1.058350
3.390000 0.218616 1.077799
3.400000 0.224450 1.092941
3.410000 0.225724 1.106300
3.420000 0.226198 1.123842
3.430000 0.219959 1.100826
3.440000 0.217327 1.104323
3.450000 0.192115 1.082023
3.460000 0.214806 1.129962
3.470000 0.209147 1.103252
3.480000 0.225532 1.091240
3.490000 0.223975 1.080491
3.500000 0.233018 1.088400
3.510000 0.239552 1.109066
3.520000 0.225128 1.104296
3.530000 0.223954 1.113867
3.540000 0.225447 1.161684
3.550000 0.227926 1.201105
3.560000 0.250803 1.183812
3.570000 0.241055 1.197012
3.580000 0.227688 1.186107
3.590000 0.221957 1.213263
3.600000 0.222059 1.212153
3.610000 0.220764 1.188386
3.620000 0.208633 1.183406
3.630000 0.207002 1.174932
3.640000 0.215723 1.148019
3.650000 0.219607 1.163324
3.660000 0.205005 1.162232
3.670000 0.185334 1.153743
3.680000 0.175748 1.145948
3.690000 0.162514 1.154554
3.700000 0.141005 1.139568
3.710000 0.143992 1.165583
3.720000 0.137335 1.124258
3.730000 0.128191 1.103952
3.740000 0.130427 1.147928
3.750000 0.114759 1.153668
3.760000 0.123934 1.135529
3.770000 0.137255 1.123717
3.780000 0.116437 1.122787
3.790000 0.101633 1.104460
3.800000 0.113610 1.102910
3.810000 0.129310 1.103007
3.820000 0.123996 1.104232
3.830000 0.102515 1.052300
3.840000 0.096194 1.049245
3.850000 0.084462 1.076417
3.860000 0.090525 1.122190
3.870000 0.102835 1.118507
3.880000 0.087302 1.088888
3.890000 0.063242 1.107751
3.900000 0.068898 1.100283
3.910000 0.077041 1.110587
3.920000 0.076042 1.136220
3.930000 0.062904 1.125964
3.940000 0.069948 1.132939
3.950000 0.079557 1.139687
3.960000 0.074139 1.135580
3.970000 0.074426 1.148952
3.980000 0.075619 1.122805
3.990000 0.077830 1.128674
4.000000 0.076085 1.104172
4.010000 0.087103 1.142154
4.020000 0.095986 1.179731
4.030000 0.080375 1.219796
4.040000 0.080032 1.228218
4.050000 0.082894 1.222221
4.060000 0.086121 1.231702
4.070000 0.083653 1.241941
4.080000 0.090761 1.238700
4.090000 0.098214 1.292260
4.100000 0.110896 1.287533
4.110000 0.132127 1.269213
4.120000 0.144632 1.265069
4.130000 0.157473 1.283639
4.140000 0.169394 1.261744
4.150000 0.162762 1.271053
4.160000 0.179778 1.221480
4.170000 0.177445 1.233035
4.180000 0.177758 1.190576
4.190000 0.178212 1.208060
4.200000 0.175204 1.194494
4.210000 0.162665 1.192949
4.220000 0.137598 1.155037
4.230000 0.141397 1.186226
4.240000 0.133074 1.169561
4.250000 0.151402 1.173947
4.260000 0.170542 1.165073
4.270000 0.171944 1.210860
4.280000 0.158282 1.168446
4.290000 0.175451 1.171161
4.300000 0.188281 1.164749
4.310000 0.184168 1.177387
4.320000 0.173885 1.145805
4.330000 0.171256 1.142414
4.340000 0.169105 1.128358
4.350000 0.167105 1.176868
4.360000 0.175923 1.159269
4.370000 0.167205 1.191944
4.380000 0.154674 1.214301
4.390000 0.150021 1.249945
4.400000 0.156432 1.238203
4.410000 0.154911 1.276779
4.420000 0.144641 1.291274
4.430000 0.147316 1.274897
4.440000 0.138190 1.301870
4.450000 0.132141 1.278735
4.460000 0.131202 1.259403
4.470000 0.154409 1.268396
4.480000 0.144961 1.239175
4.490000 0.131489 1.236068
4.500000 0.123271 1.203082
4.510000 0.132395 1.192893
4.520000 0.133126 1.176996
4.530000 0.147070 1.152730
4.540000 0.153122 1.119558
4.550000 0.162103 1.135131
4.560000 0.161548 1.145393
4.570000 0.139858 1.143816
4.580000 0.151656 1.152547
4.590000 0.159667 1.131991
4.600000 0.150298 1.121521
4.610000 0.179618 1.188347
4.620000 0.186964 1.201157
4.630000 0.177767 1.181385
4.640000 0.182268 1.197025
4.650000 0.175006 1.192144
4.660000 0.165823 1.169373
4.670000 0.169146 1.182684
4.680000 0.170664 1.209124
4.690000 0.158919 1.206187
4.700000 0.143420 1.209392
4.710000 0.138804 1.198056
4.720000 0.133382 1.210133
4.730000 0.137720 1.217169
4.740000 0.141983 1.249318
4.750000 0.131659 1.270117
4.760000 0.154063 1.265618
4.770000 0.154047 1.228006
4.780000 0.146840 1.230299
4.790000 0.148634 1.216712
4.800000 0.156220 1.224581
4.810000 0.153857 1.180165
4.820000 0.151876 1.188533
4.830000 0.165560 1.164434
4.840000 0.173078 1.171466
4.850000 0.179420 1.162440
4.860000 0.184481 1.124313
4.870000 0.196281 1.111275
4.880000 0.186508 1.126056
4.890000 0.199261 1.122740
4.900000 0.194690 1.125171
4.910000 0.184156 1.084755
4.920000 0.169803 1.102483
4.930000 0.180113 1.137733
4.940000 0.198480 1.177721
4.950000 0.198036 1.195287
4.960000 0.206213 1.183291
4.970000 0.204649 1.170720
4.980000 0.195945 1.154075
4.990000 0.203728 1.140099
5.000000 0.217392 1.103720
5.010000 0.221004 1.099627
5.020000 0.226827 1.130668
5.030000 0.225862 1.154138
5.040000 0.251897 1.135261
5.050000 0.246173 1.118658
5.060000 0.222854 1.093791
5.070000 0.223311 1.095318
5.080000 0.236886 1.090575
5.090000 0.224645 1.106351
5.100000 0.235090 1.130470
5.110000 0.231838 1.139966
5.120000 0.233078 1.112554
5.130000 0.239999 1.111901
5.140000 0.229945 1.088675
5.150000 0.236466 1.130857
5.160000 0.235405 1.126148
5.170000 0.230465 1.099648
5.180000 0.209641 1.128602
5.190000 0.211502 1.157043
5.200000 0.205114 1.152701
5.210000 0.197505 1.112013
5.220000 0.208048 1.112019
5.230000 0.203811 1.109335
5.240000 0.199755 1.074031
5.250000 0.197901 1.086512
5.260000 0.189081 1.102306
5.270000 0.186794 1.090471
5.280000 0.185109 1.142736
5.290000 0.194794 1.127783
5.300000 0.195213 1.130071
5.310000 0.195803 1.098515
5.320000 0.209564 1.121665
5.330000 0.206492 1.131698
5.340000 0.205416 1.150792
5.350000 0.219616 1.169099
5.360000 0.223359 1.210968
5.370000 0.230690 1.213905
5.380000 0.240845 1.219151
5.390000 0.238775 1.221815
5.400000 0.235264 1.222740
5.410000 0.226640 1.191398
5.420000 0.223496 1.194691
5.430000 0.230450 1.220945
5.440000 0.240056 1.199772
5.450000 0.230337 1.168009
5.460000 0.214062 1.168905
5.470000 0.205562 1.186085
5.480000 0.194297 1.188915
5.490000 0.200544 1.163235
5.500000 0.201443 1.161967
5.510000 0.200781 1.150038
5.520000 0.213988 1.159551
5.530000 0.225683 1.141519
5.540000 0.238452 1.144980
5.550000 0.233898 1.162630
5.560000 0.223098 1.136515
5.570000 0.232032 1.130950
5.580000 0.213510 1.097294
5.590000 0.217623 1.054162
5.600000 0.209205 1.061516
5.610000 0.212623 1.032953
5.620000 0.204464 1.042513
5.630000 0.193609 1.047769
5.640000 0.190025 1.053454
5.650000 0.199238 1.070773
5.660000 0.193821 1.050771
5.670000 0.198916 1.075277
5.680000 0.193445 1.069597
5.690000 0.208994 1.109622
5.700000 0.212571 1.069413
5.710000 0.215076 1.076702
5.720000 0.220760 1.082968
5.730000 0.209634 1.061386
5.740000 0.212299 1.068939
5.750000 0.216359 1.061292
5.760000 0.212312 1.050577
5.770000 0.210044 1.081975
5.780000 0.208133 1.034625
5.790000 0.224234 1.037716
5.800000 0.215597 1.052873
5.810000 0.211397 1.077526
5.820000 0.220657 1.066633
5.830000 0.219279 1.022171
5.840000 0.199461 1.048043
5.850000 0.207232 1.055903
5.860000 0.198809 1.038543
5.870000 0.210991 1.005077
5.880000 0.203159 0.982058
5.890000 0.202611 0.952813
5.900000 0.207009 0.952002
5.910000 0.211451 0.992341
5.920000 0.208306 1.000417
5.930000 0.193036 1.011225
5.940000 0.191764 1.015545
5.950000 0.195620 1.034959
5.960000 0.172531 1.042139
5.970000 0.168035 1.030402
5.980000 0.160593 1.002208
5.990000 0.166264 1.017868
6.000000 0.182183 0.983562
6.010000 0.189008 1.014308
6.020000 0.179123 1.005311
6.030000 0.173278 1.011583
6.040000 0.175797 1.002509
6.050000 0.158406 1.012842
6.060000 0.170810 1.006777
6.070000 0.177489 1.004391
6.080000 0.190842 1.012199
6.090000 0.199250 1.034564
6.100000 0.206731 1.010586
6.110000 0.201660 1.011016
6.120000 0.202833 0.985854
6.130000 0.213868 0.960770
6.140000 0.209764 0.942117
6.150000 0.213092 0.914863
6.160000 0.204487 0.916873
6.170000 0.192755 0.911133
6.180000 0.202826 0.913448
6.190000 0.201320 0.904494
6.200000 0.173465 0.867415
6.210000 0.178485 0.884628
6.220000 0.189168 0.872210
6.230000 0.187123 0.854969
6.240000 0.179295 0.869716
6.250000 0.176300 0.861928
6.260000 0.174496 0.861707
6.270000 0.188645 0.894248
6.280000 0.190213 0.899636
6.290000 0.193260 0.913083
6.300000 0.194418 0.918637
6.310000 0.187888 0.903395
6.320000 0.177240 0.935247
6.330000 0.178446 0.930852
6.340000 0.183393 0.914433
6.350000 0.181514 0.916635
6.360000 0.189164 0.911389
6.370000 0.176985 0.912605
6.380000 0.181643 0.943035
6.390000 0.175602 0.918197
6.400000 0.188645 0.917881
6.410000 0.175947 0.902414
6.420000 0.168877 0.902013
6.430000 0.174847 0.901422
6.440000 0.190734 0.909395
6.450000 0.178340 0.912234
6.460000 0.184344 0.939644
6.470000 0.191131 0.928064
6.480000 0.203892 0.926899
6.490000 0.201829 0.934649
6.500000 0.213528 0.951761
6.510000 0.208911 0.938451
6.520000 0.225701 0.967050
6.530000 0.214473 0.940478
6.540000 0.210998 0.941001
6.550000 0.198961 0.864045
6.560000 0.187512 0.859218
6.570000 0.171236 0.859736
6.580000 0.169792 0.865604
6.590000 0.167258 0.880342
6.600000 0.173675 0.877562
6.610000 0.158898 0.872887
6.620000 0.163833 0.870887
6.630000 0.174788 0.875737
6.640000 0.158726 0.856507
6.650000 0.154398 0.875988
6.660000 0.155059 0.913157
6.670000 0.145225 0.922684
6.680000 0.157222 0.933183
6.690000 0.164032 0.995983
6.700000 0.167748 0.980961
6.710000 0.175846 0.963501
6.720000 0.182057 0.975104
6.730000 0.202964 0.979844
6.740000 0.201304 0.988808
6.750000 0.193742 0.992683
6.760000 0.189319 0.995616
6.770000 0.182149 0.986554
6.780000 0.212765 1.032411
6.790000 0.213916 1.052348
6.800000 0.207848 1.080153
6.810000 0.209522 1.060320
6.820000 0.215027 1.098220
6.830000 0.219658 1.072592
6.840000 0.224824 1.047520
6.850000 0.218102 1.054181
6.860000 0.195358 1.042713
6.870000 0.202419 1.068369
6.880000 0.187743 1.065382
6.890000 0.195472 1.076779
6.900000 0.191386 1.073596
6.910000 0.200807 1.093923
6.920000 0.209229 1.086784
6.930000 0.202316 1.101793
6.940000 0.204247 1.122445
6.950000 0.204078 1.124427
6.960000 0.191555 1.126357
6.970000 0.182409 1.125154
6.980000 0.175636 1.123334
6.990000 0.180907 1.096767
7.000000 0.180497 1.102022
7.010000 0.178705 1.080654
7.020000 0.182453 1.096338
7.030000 0.168963 1.103330
7.040000 0.160882 1.103352
7.050000 0.173078 1.081238
7.060000 0.166460 1.090167
7.070000 0.168989 1.108041
7.080000 0.162485 1.104675
7.090000 0.173565 1.142036
7.100000 0.183257 1.133942
7.110000 0.189120 1.146183
7.120000 0.192256 1.168396
7.130000 0.206446 1.177573
7.140000 0.212537 1.171477
7.150000 0.202700 1.157387
7.160000 0.205216 1.171079
7.170000 0.198908 1.150013
7.180000 0.187752 1.147472
7.190000 0.175016 1.138108
7.200000 0.178798 1.179658
7.210000 0.159300 1.221540
7.220000 0.159176 1.204259
7.230000 0.163630 1.227331
7.240000 0.155323 1.240854
7.250000 0.166079 1.228278
7.260000 0.169569 1.174038
7.270000 0.166283 1.200619
7.280000 0.167557 1.212618
7.290000 0.181499 1.257349
7.300000 0.178288 1.231336
7.310000 0.171556 1.187101
7.320000 0.168728 1.157511
7.330000 0.145550 1.152756
7.340000 0.135556 1.110771
7.350000 0.130700 1.146961
7.360000 0.149671 1.174989
7.370000 0.132927 1.164031
7.380000 0.135393 1.172532
7.390000 0.132248 1.174113
7.400000 0.132879 1.163218
7.410000 0.127933 1.147156
7.420000 0.104259 1.129361
7.430000 0.115776 1.131909
7.440000 0.111855 1.130707
7.450000 0.117638 1.140700
7.460000 0.128499 1.102519
7.470000 0.136686 1.105625
7.480000 0.136587 1.074629
7.490000 0.138998 1.079707
7.500000 0.143152 1.098598
7.510000 0.148377 1.134852
7.520000 0.160516 1.176291
7.530000 0.155648 1.157238
7.540000 0.162217 1.175534
7.550000 0.150248 1.189722
7.560000 0.138869 1.197650
7.570000 0.142776 1.189719
7.580000 0.138242 1.178365
7.590000 0.137751 1.146318
7.600000 0.151713 1.167003
7.610000 0.141167 1.158872
7.620000 0.119943 1.124018
7.630000 0.121743 1.135697
7.640000 0.109205 1.162983
7.650000 0.087054 1.156954
7.660000 0.085970 1.170268
7.670000 0.078015 1.172738
7.680000 0.074005 1.147572
7.690000 0.064865 1.173238
7.700000 0.053521 1.187223
7.710000 0.050835 1.212808
7.720000 0.063377 1.180033
7.730000 0.069246 1.210923
7.740000 0.064724 1.210446
7.750000 0.059592 1.220682
7.760000 0.055805 1.236276
7.770000 0.059192 1.249427
7.780000 0.051924 1.233239
7.790000 0.053323 1.236244
7.800000 0.055686 1.187788
7.810000 0.052956 1.163849
7.820000 0.048281 1.156196
7.830000 0.071519 1.158974
7.840000 0.073180 1.153239
7.850000 0.078921 1.170420
7.860000 0.079040 1.174313
7.870000 0.079407 1.213929
7.880000 0.050918 1.198264
7.890000 0.044439 1.207828
7.900000 0.045305 1.215260
7.910000 0.041563 1.214432
7.920000 0.043694 1.236261
7.930000 0.040327 1.214439
7.940000 0.040482 1.245700
7.950000 0.046118 1.273349
7.960000 0.033300 1.268500
7.970000 0.016917 1.280237
7.980000 0.010501 1.277040
7.990000 0.010086 1.260652
8.000000 0.025996 1.222378
8.010000 0.031373 1.209728
8.020000 0.032232 1.211059
8.030000 0.035691 1.241503
8.040000 0.054657 1.238845
8.050000 0.072121 1.261327
8.060000 0.059679 1.280241
8.070000 0.050842 1.321719
8.080000 0.055389 1.279777
8.090000 0.054257 1.281817
8.100000 0.065815 1.271484
8.110000 0.077287 1.265312
8.120000 0.071740 1.258415
8.130000 0.088481 1.263299
8.140000 0.072321 1.241247
8.150000 0.070057 1.222599
8.160000 0.079111 1.206119
8.170000 0.079838 1.208302
8.180000 0.079963 1.173411
8.190000 0.060028 1.199501
8.200000 0.052236 1.207415
8.210000 0.055406 1.187267
8.220000 0.057010 1.213444
8.230000 0.077400 1.225638
8.240000 0.080931 1.229261
8.250000 0.082396 1.253672
8.260000 0.100219 1.260025
8.270000 0.103022 1.286814
8.280000 0.106862 1.328166
8.290000 0.106050 1.310358
8.300000 0.077695 1.321801
8.310000 0.079800 1.297922
8.320000 0.088905 1.298022
8.330000 0.095805 1.302538
8.340000 0.103304 1.353819
8.350000 0.086638 1.322592
8.360000 0.081711 1.334156
8.370000 0.079356 1.362443
8.380000 0.054434 1.365435
8.390000 0.065370 1.367921
8.400000 0.062583 1.365485
8.410000 0.053958 1.374937
8.420000 0.037115 1.399740
8.430000 0.029083 1.425761
8.440000 0.040272 1.410639
8.450000 0.041095 1.418068
8.460000 0.040033 1.437132
8.470000 0.046172 1.401406
8.480000 0.039781 1.390878
8.490000 0.036375 1.385598
8.500000 0.040930 1.383616
8.510000 0.060279 1.417196
8.520000 0.053120 1.402048
8.530000 0.069715 1.419447
8.540000 0.050802 1.391704
8.550000 0.051723 1.382556
8.560000 0.051050 1.368139
8.570000 0.036963 1.381565
8.580000 0.050406 1.360766
8.590000 0.060353 1.336308
8.600000 0.072511 1.326847
8.610000 0.075195 1.284491
8.620000 0.057592 1.317095
8.630000 0.053508 1.325764
8.640000 0.059289 1.304334
8.650000 0.060715 1.280254
8.660000 0.061048 1.258853
8.670000 0.045674 1.270447
8.680000 0.047490 1.289460
8.690000 0.039949 1.301494
8.700000 0.047777 1.267998
8.710000 0.056203 1.251398
8.720000 0.045372 1.259304
8.730000 0.046884 1.256444
8.740000 0.039962 1.296647
8.750000 0.038219 1.317680
8.760000 0.047359 1.346651
8.770000 0.048123 1.352469
8.780000 0.036279 1.362192
8.790000 0.049579 1.401165
8.800000 0.045245 1.410191
8.810000 0.041370 1.353438
8.820000 0.048282 1.375924
8.830000 0.044058 1.396605
8.840000 0.027114 1.390903
8.850000 0.019285 1.416126
8.860000 0.002454 1.413112
8.870000 0.012363 1.440936
8.880000 0.010653 1.475997
8.890000 0.003978 1.504189
8.900000 0.006302 1.501325
8.910000 0.005491 1.493174
8.920000 0.010809 1.473717
8.930000 0.002872 1.491464
8.940000 -0.002503 1.501672
8.950000 -0.008411 1.550625
8.960000 -0.020989 1.552273
8.970000 -0.027194 1.564531
8.980000 -0.019923 1.602661
8.990000 -0.009944 1.622539
9.000000 -0.018731 1.638354
9.010000 -0.008405 1.671491
9.020000 -0.000723 1.646970
9.030000 0.006964 1.645920
9.040000 0.017867 1.634168
9.050000 0.040553 1.644473
9.060000 0.031497 1.671422
9.070000 0.035744 1.699980
9.080000 0.052652 1.715548
9.090000 0.052676 1.724008
9.100000 0.029807 1.747831
9.110000 0.032037 1.734271
9.120000 0.028067 1.746014
9.130000 0.025084 1.778825
9.140000 0.036775 1.827424
9.150000 0.037058 1.852561
9.160000 0.029626 1.887222
9.170000 0.016372 1.889131
9.180000 0.009504 1.862384
9.190000 0.027968 1.855997
9.200000 0.038044 1.921198
9.210000 0.034959 1.943284
9.220000 0.028256 1.992226
9.230000 0.034110 2.033885
9.240000 0.045797 2.073890
9.250000 0.049211 2.123830
9.260000 0.059547 2.137092
9.270000 0.056467 2.234692
9.280000 0.085667 2.264394
9.290000 0.088822 2.308739
9.300000 0.074371 2.366800
9.310000 0.082771 2.463464
9.320000 0.087480 2.522021
9.330000 0.092521 2.624888
9.340000 0.099437 2.699547
9.350000 0.104244 2.820396
9.360000 0.099090 2.943068
9.370000 0.098399 3.101205
9.380000 0.083848 3.314202
9.390000 0.090878 3.629620
9.400000 0.096182 4.019778
9.410000 0.098612 4.629858
9.420000 0.082673 5.678473
9.430000 0.127577 8.341984
