0.000000 0.983371 0.988321
1.000000 0.806609 1.033335
2.000000 0.756220 0.915651
3.000000 0.641793 0.882219
4.000000 0.749166 1.338770
5.000000 0.779245 1.218933
6.000000 0.724452 0.952908
7.000000 0.828308 1.131446
8.000000 0.733520 1.137665
9.000000 0.780073 1.123759
10.000000 0.698601 0.846122
11.000000 0.888058 1.129059
12.000000 0.790607 1.097536
13.000000 0.627162 0.769124
14.000000 0.854475 1.039174
15.000000 0.631219 0.796570
16.000000 0.686059 0.975279
17.000000 0.690473 0.853568
18.000000 0.646813 0.994311
19.000000 0.779608 1.110964
20.000000 0.768112 1.060718
21.000000 0.717283 0.930926
22.000000 0.698805 0.983425
23.000000 0.717832 1.248510
24.000000 0.727151 1.038913
25.000000 0.687990 1.086468
26.000000 0.584098 0.896958
27.000000 0.687998 1.185966
28.000000 0.721289 0.950795
29.000000 0.534523 0.819356
30.000000 0.794020 1.123857
31.000000 0.670285 0.976964
32.000000 0.652568 1.069092
33.000000 0.669327 0.962702
34.000000 0.788891 0.923535
35.000000 0.852767 1.109523
36.000000 0.656784 0.862393
37.000000 0.716935 1.093623
38.000000 0.866487 1.141905
39.000000 0.717060 0.893280
40.000000 0.782640 1.087719
41.000000 0.781568 0.959774
42.000000 0.882152 1.199964
43.000000 0.759369 0.859544
44.000000 0.578669 0.730278
45.000000 0.727372 0.961019
46.000000 0.690841 1.091296
47.000000 0.647675 0.959743
48.000000 0.795010 1.327137
49.000000 0.777367 1.166842
50.000000 0.615070 0.958040
51.000000 0.836711 1.105756
52.000000 0.730513 0.904851
53.000000 0.711091 1.083064
54.000000 0.679792 0.974211
55.000000 0.809751 0.976622
56.000000 0.839545 1.078340
57.000000 0.714754 0.985294
58.000000 0.712732 1.130966
59.000000 0.727469 1.197214
60.000000 0.791480 0.953721
61.000000 0.531051 1.020918
62.000000 0.587837 0.866310
63.000000 0.772060 1.140976
64.000000 0.713766 1.227469
65.000000 0.753770 1.066124
66.000000 0.692547 1.180757
67.000000 0.690589 1.182159
68.000000 0.497658 0.813007
69.000000 0.605827 0.890983
70.000000 0.727138 1.146205
71.000000 0.648351 0.758768
72.000000 0.744515 1.066796
73.000000 0.655522 0.918027
74.000000 0.773575 1.098031
75.000000 0.716042 0.949621
76.000000 0.663273 0.816324
77.000000 0.665012 0.901228
78.000000 0.598017 0.917395
79.000000 0.617465 0.858476
80.000000 0.580116 0.812029
81.000000 0.776692 1.296694
82.000000 0.554018 0.966069
83.000000 0.569573 0.902549
84.000000 0.652665 1.188012
85.000000 0.749037 1.058799
86.000000 0.582284 1.089154
87.000000 0.619731 0.964323
88.000000 0.575188 1.008898
