0.000000 0.994809 1.015895
1.000000 0.802107 0.955025
2.000000 0.736175 1.184642
3.000000 0.743406 1.258235
4.000000 0.822553 1.145727
5.000000 0.716734 0.940708
6.000000 0.736570 1.008596
7.000000 0.665293 0.960057
8.000000 0.763478 0.872610
9.000000 0.721626 0.991634
10.000000 0.590321 0.862589
11.000000 0.767273 1.082311
12.000000 0.645390 0.988604
13.000000 0.784791 1.036765
14.000000 0.784146 1.042512
15.000000 0.882780 1.184711
16.000000 0.821850 1.160311
17.000000 0.859232 1.103371
18.000000 0.741286 1.126973
19.000000 0.928559 1.302536
20.000000 0.802543 1.185193
21.000000 0.675083 1.052337
22.000000 0.754673 1.012399
23.000000 0.750311 1.144958
24.000000 0.795294 1.098124
25.000000 0.818235 1.121371
26.000000 0.734436 1.098991
27.000000 0.674845 0.998117
28.000000 0.746039 1.333018
29.000000 0.728299 0.988006
30.000000 0.807784 1.200734
31.000000 0.736198 1.008549
32.000000 0.819752 1.099401
33.000000 0.854120 1.378589
34.000000 0.678082 1.005074
35.000000 0.739739 1.127067
36.000000 0.778776 1.130716
37.000000 0.783635 1.101219
38.000000 0.673144 0.903744
39.000000 0.617069 1.023598
40.000000 0.647154 0.791498
41.000000 0.463587 0.760818
42.000000 0.719299 1.111859
43.000000 0.783429 1.124641
44.000000 0.733797 1.164203
45.000000 0.694133 0.998597
46.000000 0.785528 0.991550
47.000000 0.605120 0.874727
48.000000 0.663203 1.009850
49.000000 0.666119 1.263541
50.000000 0.677845 1.103296
51.000000 0.862444 1.240351
52.000000 0.850484 0.988875
53.000000 0.756532 1.165915
54.000000 0.892319 1.294305
55.000000 0.768829 0.938077
56.000000 0.561561 0.778585
57.000000 0.884676 1.317525
58.000000 0.837100 0.969687
59.000000 0.937773 1.370050
60.000000 0.725013 0.962833
61.000000 0.640774 0.866320
62.000000 0.678309 0.916072
63.000000 0.791498 1.034062
64.000000 0.819985 1.038936
65.000000 0.696592 0.950410
66.000000 0.589351 0.827755
67.000000 0.863207 1.265905
68.000000 0.718195 1.050990
69.000000 0.514180 0.862185
70.000000 0.491037 0.956992
71.000000 0.729223 1.145092
72.000000 0.760909 1.174214
73.000000 0.622412 0.962635
74.000000 0.730893 1.210052
75.000000 0.701200 1.113632
76.000000 0.718287 0.843217
77.000000 0.699513 1.206220
78.000000 0.862423 1.165819
79.000000 0.697316 0.909014
80.000000 0.839382 1.071954
81.000000 0.669192 0.966000
82.000000 0.709622 1.028285
83.000000 0.703885 1.123437
84.000000 0.688601 0.863699
85.000000 0.742321 0.870357
86.000000 0.833645 1.026868
87.000000 0.843084 1.118751
88.000000 0.739072 1.049473
89.000000 0.710460 1.071073
90.000000 0.722103 1.123032
91.000000 0.796728 1.132980
92.000000 0.920112 1.222384
93.000000 0.725064 1.083608
94.000000 0.845997 1.420673
95.000000 0.865725 1.248083
96.000000 0.750384 1.132864
97.000000 0.678455 1.070828
98.000000 0.699582 1.048264
99.000000 0.813566 1.176595
100.000000 0.637095 0.887146
101.000000 0.612846 0.809425
102.000000 0.600724 0.826526
103.000000 0.480803 1.032653
104.000000 0.585385 0.829953
105.000000 0.561961 0.865184
106.000000 0.533446 0.944137
107.000000 0.652937 0.981827
108.000000 0.719196 1.031290
109.000000 0.704503 0.930252
110.000000 0.751719 0.996883
111.000000 0.680453 0.892255
112.000000 0.615463 0.983506
113.000000 0.647118 1.058917
114.000000 0.823181 1.063868
115.000000 0.682758 1.192977
116.000000 0.744291 1.074517
117.000000 0.815919 1.117020
118.000000 0.774561 1.232531
119.000000 0.804147 1.050905
120.000000 0.513140 0.849252
121.000000 0.650395 1.086113
122.000000 0.600831 0.819385
123.000000 0.770189 1.053485
124.000000 0.744245 1.261335
125.000000 0.773374 1.091695
126.000000 0.537879 0.793572
127.000000 0.526364 0.817081
128.000000 0.522981 1.022693
129.000000 0.575144 1.018859
130.000000 0.616860 0.883278
131.000000 0.687996 1.014021
132.000000 0.614797 0.981011
133.000000 0.684472 1.017020
134.000000 0.890743 1.266880
135.000000 0.629110 0.906294
136.000000 0.689389 0.932081
137.000000 0.743996 1.109794
138.000000 0.749386 1.050982
139.000000 0.726072 1.084692
140.000000 0.792088 1.130365
141.000000 0.709235 0.962938
142.000000 0.841337 1.142588
143.000000 0.823013 1.071890
144.000000 0.657918 0.846273
145.000000 0.614052 0.987013
146.000000 0.561027 0.692372
147.000000 0.782498 0.928502
148.000000 0.796763 1.227389
149.000000 0.791852 1.060894
150.000000 0.663544 0.817365
151.000000 0.613008 0.944343
152.000000 0.653835 1.012429
153.000000 0.602290 0.884117
154.000000 0.707999 1.037162
155.000000 0.723677 1.010901
156.000000 0.678736 0.948480
157.000000 0.683091 0.998898
158.000000 0.888354 1.199507
159.000000 0.754770 1.240439
160.000000 0.800891 1.051866
161.000000 0.711065 0.923221
162.000000 0.615407 0.897114
163.000000 0.724897 1.027818
164.000000 0.784842 1.071839
165.000000 0.885648 1.326226
166.000000 0.888315 1.107053
167.000000 0.725085 0.970683
168.000000 0.753193 1.111307
169.000000 0.641618 0.925266
170.000000 0.711876 1.038441
171.000000 0.658756 0.862710
172.000000 0.673930 1.026518
173.000000 0.786202 1.294113
174.000000 0.748353 1.126832
175.000000 0.709338 1.076257
176.000000 0.752568 0.922613
177.000000 0.814458 1.234252
178.000000 0.776421 1.021281
179.000000 0.653934 1.049755
180.000000 0.726976 1.005375
181.000000 0.693944 1.103991
182.000000 0.693503 1.004715
183.000000 0.772816 1.171109
184.000000 0.698222 0.993381
185.000000 0.748320 1.101787
186.000000 0.680896 1.061369
187.000000 0.502514 0.873762
