0.000000 0.999929
0.100000 0.998896
0.200000 0.997839
0.300000 0.996876
0.400000 0.995869
0.500000 0.994892
0.600000 0.993874
0.700000 0.992836
0.800000 0.99186
0.900000 0.990756
1.000000 0.989757
1.100000 0.988763
1.200000 0.987778
1.300000 0.986844
1.400000 0.985873
1.500000 0.984841
1.600000 0.983882
1.700000 0.982872
1.800000 0.981876
1.900000 0.98094
2.000000 0.979924
2.100000 0.978829
2.200000 0.977837
2.300000 0.976892
2.400000 0.97594
2.500000 0.974918
2.600000 0.973867
2.700000 0.972914
2.800000 0.971918
2.900000 0.970929
3.000000 0.969881
3.100000 0.968901
3.200000 0.967936
3.300000 0.967043
3.400000 0.966032
3.500000 0.964945
3.600000 0.96395
3.700000 0.963099
3.800000 0.962135
3.900000 0.96119
4.000000 0.960229
4.100000 0.959268
4.200000 0.958355
4.300000 0.957382
4.400000 0.956415
4.500000 0.955448
4.600000 0.954448
4.700000 0.953562
4.800000 0.952622
4.900000 0.951622
5.000000 0.950739
5.100000 0.94975
5.200000 0.948881
5.300000 0.947915
5.400000 0.946926
5.500000 0.945985
5.600000 0.945069
5.700000 0.944182
5.800000 0.94313
5.900000 0.942149
6.000000 0.941218
6.100000 0.940254
6.200000 0.93932
6.300000 0.93842
6.400000 0.937516
6.500000 0.936631
6.600000 0.935704
6.700000 0.934795
6.800000 0.933827
6.900000 0.932835
7.000000 0.931954
7.100000 0.930979
7.200000 0.930095
7.300000 0.929215
7.400000 0.92827
7.500000 0.927415
7.600000 0.926504
7.700000 0.925568
7.800000 0.924621
7.900000 0.923717
8.000000 0.922821
8.100000 0.921947
8.200000 0.92101
8.300000 0.920169
8.400000 0.919235
8.500000 0.91832
8.600000 0.917391
8.700000 0.916461
8.800000 0.915573
8.900000 0.914678
9.000000 0.913785
9.100000 0.912832
9.200000 0.911918
9.300000 0.911024
9.400000 0.910035
9.500000 0.909069
9.600000 0.908085
9.700000 0.907256
9.800000 0.906384
9.900000 0.905556
10.000000 0.904636
10.100000 0.903788
10.200000 0.902882
10.300000 0.901993
10.400000 0.901118
10.500000 0.900172
10.600000 0.899219
10.700000 0.898238
10.800000 0.89723
10.900000 0.896344
11.000000 0.895425
11.100000 0.894542
11.200000 0.89364
11.300000 0.892619
11.400000 0.89171
11.500000 0.89082
11.600000 0.88996
11.700000 0.889005
11.800000 0.888082
11.900000 0.887186
12.000000 0.886306
12.100000 0.885399
12.200000 0.884485
12.300000 0.883543
12.400000 0.882642
12.500000 0.881741
12.600000 0.880802
12.700000 0.8799
12.800000 0.879043
12.900000 0.878217
13.000000 0.877286
13.100000 0.876254
13.200000 0.875383
13.300000 0.874547
13.400000 0.87362
13.500000 0.872768
13.600000 0.871854
13.700000 0.870954
13.800000 0.870085
13.900000 0.869168
14.000000 0.868371
14.100000 0.867566
14.200000 0.866674
14.300000 0.865718
14.400000 0.864932
14.500000 0.864062
14.600000 0.863182
14.700000 0.862248
14.800000 0.861467
14.900000 0.860598
15.000000 0.859742
15.100000 0.858965
15.200000 0.858088
15.300000 0.857194
15.400000 0.856392
15.500000 0.855558
15.600000 0.854702
15.700000 0.853973
15.800000 0.853136
15.900000 0.852297
16.000000 0.85141
16.100000 0.850569
16.200000 0.849646
16.300000 0.848808
16.400000 0.847926
16.500000 0.847042
16.600000 0.846204
16.700000 0.845364
16.800000 0.844519
16.900000 0.843653
17.000000 0.842705
17.100000 0.84187
17.200000 0.841048
17.300000 0.840204
17.400000 0.839311
17.500000 0.838489
17.600000 0.837622
17.700000 0.836725
17.800000 0.835818
17.900000 0.834954
18.000000 0.834155
18.100000 0.833299
18.200000 0.832491
18.300000 0.83163
18.400000 0.830796
18.500000 0.830035
18.600000 0.829254
18.700000 0.828429
18.800000 0.827587
18.900000 0.826844
19.000000 0.826093
19.100000 0.825246
19.200000 0.824388
19.300000 0.823551
19.400000 0.82279
19.500000 0.821905
19.600000 0.821015
19.700000 0.820244
19.800000 0.819483
19.900000 0.818666
20.000000 0.817836
20.100000 0.817032
20.200000 0.816169
20.300000 0.815344
20.400000 0.814469
20.500000 0.813735
20.600000 0.812925
20.700000 0.812098
20.800000 0.811273
20.900000 0.810431
21.000000 0.809629
21.100000 0.80877
21.200000 0.807915
21.300000 0.807043
21.400000 0.806201
21.500000 0.805333
21.600000 0.804544
21.700000 0.803766
21.800000 0.802954
21.900000 0.802132
22.000000 0.801403
22.100000 0.800596
22.200000 0.799845
22.300000 0.799081
22.400000 0.798302
22.500000 0.797489
22.600000 0.796752
22.700000 0.795886
22.800000 0.795013
22.900000 0.794139
23.000000 0.793326
23.100000 0.792534
23.200000 0.791892
23.300000 0.791028
23.400000 0.790294
23.500000 0.789476
23.600000 0.788773
23.700000 0.788018
23.800000 0.787315
23.900000 0.786499
24.000000 0.785733
24.100000 0.784946
24.200000 0.784207
24.300000 0.783482
24.400000 0.782679
24.500000 0.781816
24.600000 0.781029
24.700000 0.780251
24.800000 0.779468
24.900000 0.77869
25.000000 0.777882
25.100000 0.777086
25.200000 0.776299
25.300000 0.775468
25.400000 0.774734
25.500000 0.773929
25.600000 0.773092
25.700000 0.77225
25.800000 0.771502
25.900000 0.770665
26.000000 0.769865
26.100000 0.769099
26.200000 0.768399
26.300000 0.767647
26.400000 0.766964
26.500000 0.766202
26.600000 0.765515
26.700000 0.764809
26.800000 0.764
26.900000 0.763221
27.000000 0.762462
27.100000 0.761767
27.200000 0.760981
27.300000 0.760292
27.400000 0.759558
27.500000 0.758761
27.600000 0.758039
27.700000 0.757304
27.800000 0.756517
27.900000 0.755818
28.000000 0.755195
28.100000 0.754476
28.200000 0.753704
28.300000 0.753024
28.400000 0.752307
28.500000 0.751586
28.600000 0.750779
28.700000 0.750071
28.800000 0.749312
28.900000 0.748617
29.000000 0.747884
29.100000 0.74714
29.200000 0.746483
29.300000 0.745695
29.400000 0.744897
29.500000 0.744202
29.600000 0.743568
29.700000 0.74284
29.800000 0.742203
29.900000 0.741381
30.000000 0.740635
30.100000 0.739868
30.200000 0.739135
30.300000 0.738368
30.400000 0.737668
30.500000 0.736997
30.600000 0.736257
30.700000 0.735478
30.800000 0.734776
30.900000 0.734183
31.000000 0.733492
31.100000 0.732754
31.200000 0.732111
31.300000 0.731414
31.400000 0.730677
31.500000 0.729947
31.600000 0.729176
31.700000 0.728459
31.800000 0.727723
31.900000 0.726985
32.000000 0.726243
32.100000 0.725528
32.200000 0.724772
32.300000 0.724026
32.400000 0.723251
32.500000 0.722449
32.600000 0.721727
32.700000 0.721051
32.800000 0.720333
32.900000 0.719722
33.000000 0.719023
33.100000 0.718329
33.200000 0.717549
33.300000 0.716818
33.400000 0.716126
33.500000 0.715438
33.600000 0.714861
33.700000 0.714126
33.800000 0.713423
33.900000 0.712721
34.000000 0.712018
34.100000 0.711289
34.200000 0.710627
34.300000 0.709892
34.400000 0.709241
34.500000 0.708494
34.600000 0.70781
34.700000 0.707081
34.800000 0.706276
34.900000 0.705513
35.000000 0.704819
35.100000 0.704024
35.200000 0.703395
35.300000 0.702673
35.400000 0.701863
35.500000 0.701132
35.600000 0.700411
35.700000 0.699691
35.800000 0.698997
35.900000 0.698365
36.000000 0.697689
36.100000 0.696982
36.200000 0.696379
36.300000 0.695611
36.400000 0.694834
36.500000 0.694091
36.600000 0.693392
36.700000 0.692725
36.800000 0.692077
36.900000 0.691388
37.000000 0.690671
37.100000 0.690006
37.200000 0.689271
37.300000 0.68856
37.400000 0.687868
37.500000 0.687198
37.600000 0.686489
37.700000 0.685763
37.800000 0.685064
37.900000 0.684454
38.000000 0.683792
38.100000 0.683119
38.200000 0.682471
38.300000 0.681777
38.400000 0.681121
38.500000 0.680486
38.600000 0.679842
38.700000 0.67916
38.800000 0.678458
38.900000 0.677877
39.000000 0.677148
39.100000 0.676438
39.200000 0.67577
39.300000 0.675081
39.400000 0.674441
39.500000 0.673713
39.600000 0.673042
39.700000 0.672369
39.800000 0.671615
39.900000 0.670962
40.000000 0.670312
40.100000 0.669607
40.200000 0.668945
40.300000 0.668305
40.400000 0.667622
40.500000 0.666945
40.600000 0.666304
40.700000 0.665589
40.800000 0.664951
40.900000 0.664297
41.000000 0.663692
41.100000 0.663003
41.200000 0.662246
41.300000 0.661715
41.400000 0.661058
41.500000 0.660465
41.600000 0.65981
41.700000 0.659078
41.800000 0.658375
41.900000 0.657847
42.000000 0.657234
42.100000 0.656571
42.200000 0.65595
42.300000 0.655325
42.400000 0.654608
42.500000 0.653939
42.600000 0.653302
42.700000 0.652692
42.800000 0.651981
42.900000 0.65131
43.000000 0.65073
43.100000 0.650098
43.200000 0.64945
43.300000 0.648797
43.400000 0.648241
43.500000 0.647683
43.600000 0.647103
43.700000 0.646426
43.800000 0.64581
43.900000 0.645123
44.000000 0.644503
44.100000 0.643807
44.200000 0.643085
44.300000 0.64251
44.400000 0.641893
44.500000 0.641188
44.600000 0.640528
44.700000 0.639921
44.800000 0.639325
44.900000 0.638651
45.000000 0.63805
45.100000 0.637405
45.200000 0.636754
45.300000 0.636125
45.400000 0.635523
45.500000 0.634927
45.600000 0.634316
45.700000 0.633712
45.800000 0.633032
45.900000 0.632402
46.000000 0.631768
46.100000 0.631178
46.200000 0.630534
46.300000 0.629919
46.400000 0.629251
46.500000 0.628532
46.600000 0.627884
46.700000 0.627217
46.800000 0.626542
46.900000 0.625917
47.000000 0.625241
47.100000 0.624638
47.200000 0.62401
47.300000 0.62337
47.400000 0.622734
47.500000 0.622156
47.600000 0.621546
47.700000 0.620908
47.800000 0.620254
47.900000 0.619628
48.000000 0.618905
48.100000 0.618245
48.200000 0.617664
48.300000 0.616956
48.400000 0.616422
48.500000 0.615702
48.600000 0.615116
48.700000 0.614548
48.800000 0.61393
48.900000 0.613331
49.000000 0.61266
49.100000 0.612067
49.200000 0.611457
49.300000 0.610792
49.400000 0.610243
49.500000 0.609627
49.600000 0.609114
49.700000 0.608629
49.800000 0.608052
49.900000 0.607464
50.000000 0.606761
50.100000 0.606153
50.200000 0.605566
50.300000 0.604952
50.400000 0.604308
50.500000 0.603744
50.600000 0.603108
50.700000 0.602497
50.800000 0.601915
50.900000 0.601328
51.000000 0.600666
51.100000 0.599979
51.200000 0.5994
51.300000 0.598737
51.400000 0.598182
51.500000 0.597517
51.600000 0.596921
51.700000 0.596324
51.800000 0.595732
51.900000 0.595205
52.000000 0.59458
52.100000 0.59395
52.200000 0.593344
52.300000 0.592745
52.400000 0.592072
52.500000 0.59144
52.600000 0.59085
52.700000 0.590279
52.800000 0.589741
52.900000 0.5891
53.000000 0.588609
53.100000 0.587966
53.200000 0.587362
53.300000 0.586826
53.400000 0.586287
53.500000 0.585705
53.600000 0.585141
53.700000 0.584546
53.800000 0.583941
53.900000 0.583442
54.000000 0.582848
54.100000 0.582302
54.200000 0.581748
54.300000 0.581101
54.400000 0.580455
54.500000 0.579847
54.600000 0.579267
54.700000 0.578723
54.800000 0.578154
54.900000 0.577557
55.000000 0.57689
55.100000 0.576318
55.200000 0.575762
55.300000 0.575171
55.400000 0.574552
55.500000 0.573975
55.600000 0.573406
55.700000 0.572824
55.800000 0.572252
55.900000 0.57161
56.000000 0.571036
56.100000 0.570498
56.200000 0.570006
56.300000 0.569505
56.400000 0.568935
56.500000 0.568288
56.600000 0.56776
56.700000 0.567229
56.800000 0.566615
56.900000 0.566024
57.000000 0.565503
57.100000 0.565017
57.200000 0.564521
57.300000 0.564081
57.400000 0.563592
57.500000 0.563037
57.600000 0.562529
57.700000 0.561975
57.800000 0.561457
57.900000 0.560942
58.000000 0.560377
58.100000 0.559739
58.200000 0.559105
58.300000 0.558588
58.400000 0.558073
58.500000 0.557478
58.600000 0.556889
58.700000 0.556368
58.800000 0.555809
58.900000 0.555164
59.000000 0.55463
59.100000 0.554093
59.200000 0.553573
59.300000 0.55299
59.400000 0.55242
59.500000 0.551947
59.600000 0.551422
59.700000 0.550902
59.800000 0.550339
59.900000 0.549832
60.000000 0.549219
60.100000 0.548689
60.200000 0.548049
60.300000 0.547452
60.400000 0.546881
60.500000 0.546373
60.600000 0.54576
60.700000 0.545217
60.800000 0.544662
60.900000 0.544088
61.000000 0.543532
61.100000 0.543135
61.200000 0.542736
61.300000 0.54215
61.400000 0.541578
61.500000 0.541124
61.600000 0.540621
61.700000 0.540158
61.800000 0.539628
61.900000 0.538961
62.000000 0.538452
62.100000 0.537987
62.200000 0.537408
62.300000 0.536852
62.400000 0.53624
62.500000 0.535686
62.600000 0.535103
62.700000 0.53446
62.800000 0.533982
62.900000 0.53347
63.000000 0.532917
63.100000 0.532394
63.200000 0.531803
63.300000 0.531359
63.400000 0.530875
63.500000 0.530339
63.600000 0.529857
63.700000 0.529273
63.800000 0.528766
63.900000 0.5282
64.000000 0.527698
64.100000 0.527062
64.200000 0.526633
64.300000 0.52611
64.400000 0.525634
64.500000 0.525187
64.600000 0.524625
64.700000 0.524166
64.800000 0.523583
64.900000 0.52306
65.000000 0.522473
65.100000 0.521963
65.200000 0.5214
65.300000 0.520937
65.400000 0.520426
65.500000 0.519922
65.600000 0.519514
65.700000 0.518999
65.800000 0.518524
65.900000 0.517918
66.000000 0.517392
66.100000 0.516868
66.200000 0.516311
66.300000 0.51578
66.400000 0.515262
66.500000 0.514721
66.600000 0.514221
66.700000 0.513744
66.800000 0.513335
66.900000 0.512804
67.000000 0.512327
67.100000 0.511798
67.200000 0.511288
67.300000 0.510816
67.400000 0.510293
67.500000 0.509694
67.600000 0.509121
67.700000 0.508592
67.800000 0.508126
67.900000 0.507564
68.000000 0.507009
68.100000 0.506536
68.200000 0.50596
68.300000 0.505451
68.400000 0.504958
68.500000 0.504487
68.600000 0.503963
68.700000 0.50345
68.800000 0.503055
68.900000 0.502556
69.000000 0.501977
69.100000 0.501372
69.200000 0.500873
69.300000 0.500426
69.400000 0.499947
69.500000 0.499447
69.600000 0.498906
69.700000 0.498437
69.800000 0.497977
69.900000 0.497418
70.000000 0.496923
70.100000 0.496404
70.200000 0.496006
70.300000 0.495509
70.400000 0.494978
70.500000 0.494426
70.600000 0.493989
70.700000 0.493525
70.800000 0.493009
70.900000 0.492517
71.000000 0.491989
71.100000 0.491548
71.200000 0.491059
71.300000 0.490676
71.400000 0.490201
71.500000 0.489682
71.600000 0.489143
71.700000 0.488723
71.800000 0.488337
71.900000 0.487755
72.000000 0.487327
72.100000 0.486884
72.200000 0.486416
72.300000 0.485882
72.400000 0.485371
72.500000 0.484843
72.600000 0.48432
72.700000 0.483835
72.800000 0.48335
72.900000 0.482975
73.000000 0.48251
73.100000 0.481972
73.200000 0.481448
73.300000 0.480951
73.400000 0.480422
73.500000 0.479936
73.600000 0.47948
73.700000 0.47899
73.800000 0.478475
73.900000 0.477989
74.000000 0.477451
74.100000 0.476913
74.200000 0.476459
74.300000 0.475965
74.400000 0.475483
74.500000 0.47494
74.600000 0.474499
74.700000 0.474061
74.800000 0.473581
74.900000 0.473159
75.000000 0.472805
75.100000 0.472315
75.200000 0.471809
75.300000 0.471269
75.400000 0.47078
75.500000 0.470207
75.600000 0.469745
75.700000 0.469196
75.800000 0.468612
75.900000 0.468147
76.000000 0.467698
76.100000 0.467254
76.200000 0.466809
76.300000 0.466351
76.400000 0.465943
76.500000 0.465518
76.600000 0.465003
76.700000 0.464554
76.800000 0.464012
76.900000 0.463614
77.000000 0.463111
77.100000 0.462638
77.200000 0.462176
77.300000 0.461743
77.400000 0.461201
77.500000 0.460769
77.600000 0.460298
77.700000 0.459798
77.800000 0.459382
77.900000 0.458932
78.000000 0.458543
78.100000 0.458093
78.200000 0.457682
78.300000 0.45725
78.400000 0.456769
78.500000 0.456363
78.600000 0.45585
78.700000 0.455476
78.800000 0.454964
78.900000 0.454449
79.000000 0.453957
79.100000 0.453466
79.200000 0.453005
79.300000 0.452516
79.400000 0.452076
79.500000 0.451688
79.600000 0.451197
79.700000 0.45068
79.800000 0.450247
79.900000 0.449795
80.000000 0.449359
80.100000 0.448927
80.200000 0.44844
80.300000 0.448027
80.400000 0.44759
80.500000 0.447182
80.600000 0.446722
80.700000 0.446248
80.800000 0.44585
80.900000 0.445418
81.000000 0.444932
81.100000 0.44455
81.200000 0.44411
81.300000 0.443583
81.400000 0.443051
81.500000 0.442611
81.600000 0.442214
81.700000 0.441814
81.800000 0.441345
81.900000 0.440957
82.000000 0.440524
82.100000 0.440018
82.200000 0.43954
82.300000 0.439069
82.400000 0.438647
82.500000 0.438183
82.600000 0.43773
82.700000 0.437243
82.800000 0.436838
82.900000 0.436509
83.000000 0.435976
83.100000 0.435588
83.200000 0.43519
83.300000 0.434866
83.400000 0.434458
83.500000 0.434001
83.600000 0.433504
83.700000 0.433001
83.800000 0.432516
83.900000 0.43208
84.000000 0.431605
84.100000 0.431114
84.200000 0.430648
84.300000 0.430226
84.400000 0.429813
84.500000 0.429433
84.600000 0.429024
84.700000 0.428526
84.800000 0.428021
84.900000 0.42761
85.000000 0.427149
85.100000 0.426707
85.200000 0.426357
85.300000 0.425893
85.400000 0.425472
85.500000 0.425019
85.600000 0.424593
85.700000 0.424052
85.800000 0.423603
85.900000 0.42311
86.000000 0.422707
86.100000 0.422308
86.200000 0.421843
86.300000 0.421419
86.400000 0.421115
86.500000 0.420748
86.600000 0.420263
86.700000 0.419814
86.800000 0.419329
86.900000 0.418965
87.000000 0.418617
87.100000 0.418189
87.200000 0.417797
87.300000 0.417376
87.400000 0.416973
87.500000 0.416529
87.600000 0.416101
87.700000 0.41574
87.800000 0.415418
87.900000 0.414968
88.000000 0.414638
88.100000 0.414278
88.200000 0.413867
88.300000 0.41341
88.400000 0.412964
88.500000 0.412536
88.600000 0.412099
88.700000 0.411697
88.800000 0.41134
88.900000 0.410939
89.000000 0.410502
89.100000 0.41009
89.200000 0.409645
89.300000 0.409235
89.400000 0.408768
89.500000 0.408346
89.600000 0.408067
89.700000 0.407659
89.800000 0.407292
89.900000 0.406962
90.000000 0.406674
90.100000 0.406305
90.200000 0.405846
90.300000 0.40537
90.400000 0.40492
90.500000 0.404544
90.600000 0.404071
90.700000 0.40373
90.800000 0.403248
90.900000 0.402818
91.000000 0.402378
91.100000 0.401984
91.200000 0.401605
91.300000 0.401218
91.400000 0.400868
91.500000 0.40041
91.600000 0.400047
91.700000 0.399722
91.800000 0.399295
91.900000 0.398842
92.000000 0.398419
92.100000 0.398085
92.200000 0.397735
92.300000 0.39732
92.400000 0.396881
92.500000 0.396439
92.600000 0.396041
92.700000 0.395624
92.800000 0.395149
92.900000 0.39474
93.000000 0.394348
93.100000 0.393997
93.200000 0.393519
93.300000 0.393089
93.400000 0.392668
93.500000 0.392273
93.600000 0.391868
93.700000 0.391487
93.800000 0.391092
93.900000 0.390667
94.000000 0.390239
94.100000 0.389862
94.200000 0.389365
94.300000 0.389024
94.400000 0.38863
94.500000 0.388164
94.600000 0.387698
94.700000 0.387338
94.800000 0.38699
94.900000 0.386588
95.000000 0.386254
95.100000 0.385851
95.200000 0.385491
95.300000 0.385135
95.400000 0.384676
95.500000 0.384259
95.600000 0.383909
95.700000 0.383493
95.800000 0.383203
95.900000 0.382852
96.000000 0.382479
96.100000 0.382176
96.200000 0.381866
96.300000 0.381456
96.400000 0.381081
96.500000 0.380649
96.600000 0.380259
96.700000 0.379865
96.800000 0.379467
96.900000 0.379145
97.000000 0.378716
97.100000 0.378354
97.200000 0.377996
97.300000 0.37756
97.400000 0.377193
97.500000 0.376833
97.600000 0.376465
97.700000 0.376109
97.800000 0.375666
97.900000 0.37526
98.000000 0.374842
98.100000 0.374495
98.200000 0.374132
98.300000 0.373717
98.400000 0.373317
98.500000 0.372925
98.600000 0.372582
98.700000 0.372182
98.800000 0.371823
98.900000 0.371377
99.000000 0.371018
99.100000 0.370609
99.200000 0.370273
99.300000 0.369949
99.400000 0.369588
99.500000 0.369302
99.600000 0.368994
99.700000 0.368628
99.800000 0.368304
99.900000 0.367934
