0.961538 -0.061738 304.689611
0.980392 -0.082502 301.082267
1.000000 -0.025364 248.424029
1.020408 0.006476 246.873256
1.041667 0.000773 205.815604
1.063830 0.036951 195.839687
1.086957 0.007400 169.985107
1.111111 0.017320 149.192727
1.136364 -0.024489 128.979785
1.162791 0.006191 106.700659
1.190476 0.005836 85.766374
1.219512 -0.003764 76.365317
1.250000 -0.012702 63.649366
1.282051 -0.009609 49.313400
1.315789 0.002364 45.462328
0.961538 0.026716 329.448239
0.980392 -0.004580 245.867232
1.000000 0.007535 269.301975
1.020408 -0.003972 261.692436
1.041667 0.016006 224.279275
1.063830 -0.038396 187.334666
1.086957 0.023472 181.376744
0.961538 0.057853 314.897345
0.980392 0.015983 296.621399
1.000000 0.057536 256.611524
1.020408 -0.010939 237.366314
1.041667 -0.010770 210.197420
1.063830 -0.027555 194.143061
1.086957 -0.033025 166.922876
1.111111 -0.001379 147.530097
0.961538 0.057853 314.897345
0.980392 0.015983 296.621399
1.000000 0.057536 256.611524
1.020408 -0.010939 237.366314
1.041667 -0.010770 210.197420
1.063830 -0.027555 194.143061
1.086957 -0.033025 166.922876
