0 1.000000 1.000000
1 1.000000 1.000000
2 1.000000 1.000000
3 0.600000 0.900000
4 0.200000 0.760000
5 0.600000 0.733333
6 0.600000 0.714286
7 1.000000 0.750000
8 0.200000 0.688889
9 0.600000 0.680000
10 0.200000 0.636364
11 0.600000 0.633333
12 0.600000 0.630769
13 0.600000 0.628571
14 -0.200000 0.573333
15 0.200000 0.550000
16 0.600000 0.552941
17 0.200000 0.533333
18 0.600000 0.536842
19 0.600000 0.540000
20 0.600000 0.542857
21 0.600000 0.545455
22 0.600000 0.547826
23 0.600000 0.550000
24 0.600000 0.552000
25 -0.200000 0.523077
26 0.200000 0.511111
27 0.200000 0.500000
28 -0.200000 0.475862
29 0.200000 0.466667
30 0.600000 0.470968
31 0.200000 0.462500
32 -0.200000 0.442424
33 0.200000 0.435294
34 0.200000 0.428571
35 0.200000 0.422222
36 0.200000 0.416216
37 0.600000 0.421053
38 0.200000 0.415385
39 -0.200000 0.400000
40 0.600000 0.404878
41 -0.200000 0.390476
42 -0.200000 0.376744
43 0.200000 0.372727
44 1.000000 0.386667
45 0.600000 0.391304
46 0.200000 0.387234
47 0.200000 0.383333
48 0.200000 0.379592
49 -0.200000 0.368000
50 0.600000 0.372549
51 0.200000 0.369231
52 -0.200000 0.358491
53 0.200000 0.355556
54 0.600000 0.360000
55 1.000000 0.371429
56 0.200000 0.368421
57 0.600000 0.372414
58 -0.200000 0.362712
59 -0.600000 0.346667
60 0.600000 0.350820
61 0.200000 0.348387
62 0.200000 0.346032
63 -0.600000 0.331250
64 -0.200000 0.323077
65 0.200000 0.321212
66 0.200000 0.319403
67 0.600000 0.323529
68 0.600000 0.327536
69 -0.200000 0.320000
70 0.600000 0.323944
71 0.200000 0.322222
72 0.600000 0.326027
73 0.600000 0.329730
74 1.000000 0.338667
75 0.200000 0.336842
76 0.200000 0.335065
77 1.000000 0.343590
78 0.200000 0.341772
79 0.600000 0.345000
80 0.200000 0.343210
81 0.600000 0.346341
82 0.200000 0.344578
83 0.600000 0.347619
84 0.600000 0.350588
85 0.200000 0.348837
86 0.600000 0.351724
87 0.200000 0.350000
88 0.600000 0.352809
89 -0.200000 0.346667
90 0.600000 0.349451
91 0.600000 0.352174
92 0.600000 0.354839
93 -0.600000 0.344681
94 0.200000 0.343158
95 0.200000 0.341667
96 1.000000 0.348454
97 0.200000 0.346939
98 0.600000 0.349495
99 0.600000 0.352000
