1.450000 -0.000134 12.250781
1.440000 -0.000080 12.742949
1.430000 -0.000054 13.222122
1.420000 -0.000075 13.785752
1.410000 -0.000332 14.354478
1.400000 0.000057 14.980595
1.390000 0.000055 15.722350
1.380000 -0.000010 16.400589
1.370000 0.000274 17.252321
1.360000 0.000232 18.141497
1.350000 -0.000098 19.117074
1.340000 -0.000144 20.197408
1.330000 -0.000173 21.308655
1.320000 -0.000096 22.580350
1.310000 -0.000091 24.033656
1.300000 -0.000202 25.673021
1.290000 -0.000303 27.430342
1.280000 -0.000374 29.493462
1.270000 0.000092 31.841390
1.260000 -0.000487 34.419196
1.250000 -0.000082 37.442783
1.240000 -0.000235 40.950065
1.230000 0.000067 44.997524
1.220000 -0.000198 49.574196
1.210000 -0.000006 55.295659
1.200000 0.000202 61.902960
1.190000 0.000454 69.701114
1.180000 -0.000554 79.706768
1.170000 -0.000258 92.191094
1.160000 -0.001153 107.860725
1.150000 0.000081 127.664677
1.140000 -0.002038 151.696064
1.130000 -0.002102 183.001265
1.120000 -0.000648 221.475297
1.110000 0.002255 267.698467
1.100000 -0.002465 323.169204
1.090000 0.005054 381.673202
1.080000 0.003811 441.409126
1.070000 -0.015292 499.075041
1.060000 -0.013561 548.494935
