0.950000 0.928802 0.623208
0.940000 0.934138 0.508134
0.930000 0.939045 0.439199
0.920000 0.943486 0.379643
0.910000 0.947760 0.325231
0.900000 0.951630 0.277228
0.890000 0.954965 0.244633
0.880000 0.958260 0.216091
0.870000 0.961393 0.189706
0.860000 0.964155 0.167420
0.850000 0.966908 0.145814
0.840000 0.969414 0.129890
0.830000 0.971670 0.115750
0.820000 0.973827 0.102700
0.810000 0.975782 0.092624
0.800000 0.977619 0.082229
0.790000 0.979381 0.073130
0.780000 0.981040 0.064563
0.770000 0.982465 0.059317
0.760000 0.983878 0.052528
0.750000 0.985267 0.046563
0.740000 0.986506 0.042399
0.730000 0.987590 0.037470
0.720000 0.988647 0.033912
0.710000 0.989678 0.030130
0.700000 0.990608 0.026771
0.690000 0.991472 0.023899
0.680000 0.992281 0.021269
0.670000 0.992985 0.018936
0.660000 0.993646 0.016839
0.650000 0.994286 0.014817
0.640000 0.994851 0.013201
0.630000 0.995368 0.011734
0.620000 0.995901 0.010208
0.610000 0.996327 0.009108
0.600000 0.996715 0.007969
0.590000 0.997137 0.006871
0.580000 0.997455 0.006036
0.570000 0.997750 0.005296
0.560000 0.998052 0.004512

0.960000 0.922807 0.749927
0.970000 0.916018 1.423273
0.980000 0.869640 63.991263
0.990000 0.821926 123.282927
1.000000 0.718264 251.826199
1.010000 0.501849 472.369942
1.020000 0.246394 624.256080
1.030000 0.064642 651.402494
1.040000 0.002759 626.393033
1.050000 -0.010130 590.727117
1.060000 0.013307 548.557294
1.070000 -0.006156 498.403284
1.080000 0.000232 441.560560
1.090000 -0.002354 381.597794
1.100000 0.002659 323.578775
1.110000 -0.003172 268.488970
1.120000 -0.002405 221.964626
1.130000 -0.000449 182.634323
1.140000 -0.000151 151.581072
1.150000 -0.000909 127.157413
1.160000 -0.001093 107.445602
1.170000 0.000061 92.190710
1.180000 -0.001724 79.934426
1.190000 -0.000119 69.848443
1.200000 0.000250 61.969125
1.210000 0.000394 55.156551
1.220000 -0.000323 49.659067
