0 1.000000
9000 1.000000
18000 1.000000
27000 1.000000
36000 1.000000
45000 0.997778
54000 1.000000
63000 1.000000
72000 1.000000
81000 1.000000

0 1.000000
9000 1.000000
18000 1.000000
27000 1.000000
36000 1.000000
45000 1.000000
54000 1.000000
63000 1.000000
72000 1.000000
81000 1.000000

0 1.000000
9000 1.000000
18000 1.000000
27000 1.000000
36000 1.000000
45000 1.000000
54000 1.000000
63000 1.000000
72000 1.000000
81000 1.000000

0 1.000000
9000 1.000000
18000 1.000000
27000 1.000000
36000 1.000000
45000 0.995556
54000 1.000000
63000 1.000000
72000 1.000000
81000 1.000000

0 1.000000
9000 1.000000
18000 1.000000
27000 1.000000
36000 1.000000
45000 1.000000
54000 1.000000
63000 1.000000
72000 1.000000
81000 1.000000

0 1.000000
9000 1.000000
18000 1.000000
27000 1.000000
36000 1.000000
45000 1.000000
54000 1.000000
63000 1.000000
72000 1.000000
81000 0.997778

0 1.000000
9000 1.000000
18000 1.000000
27000 1.000000
36000 0.997778
45000 1.000000
54000 1.000000
63000 1.000000
72000 1.000000
81000 1.000000

0 1.000000
9000 1.000000
18000 1.000000
27000 1.000000
36000 1.000000
45000 1.000000
54000 1.000000
63000 1.000000
72000 1.000000
81000 1.000000

0 1.000000
9000 1.000000
18000 1.000000
27000 1.000000
36000 1.000000
45000 1.000000
54000 1.000000
63000 1.000000
72000 1.000000
81000 1.000000

0 1.000000
9000 1.000000
18000 1.000000
27000 1.000000
36000 1.000000
45000 1.000000
54000 1.000000
63000 1.000000
72000 1.000000
81000 1.000000

0 1.000000
9000 1.000000
18000 1.000000
27000 1.000000
36000 1.000000
45000 1.000000
54000 1.000000
63000 1.000000
72000 0.115556
81000 0.091111

0 -0.955556
9000 -1.000000
18000 -1.000000
27000 -1.000000
36000 -1.000000
45000 -1.000000
54000 -1.000000
63000 -1.000000
72000 -1.000000
81000 -0.991111

0 0.997778
9000 1.000000
18000 1.000000
27000 1.000000
36000 1.000000
45000 1.000000
54000 1.000000
63000 1.000000
72000 1.000000
81000 1.000000

0 1.000000
9000 1.000000
18000 1.000000
27000 1.000000
36000 1.000000
45000 1.000000
54000 1.000000
63000 1.000000
72000 1.000000
81000 0.997778

0 1.000000
9000 1.000000
18000 1.000000
27000 1.000000
36000 1.000000
45000 1.000000
54000 1.000000
63000 1.000000
72000 1.000000
81000 1.000000

0 1.000000
9000 1.000000
18000 1.000000
27000 1.000000
36000 1.000000
45000 1.000000
54000 1.000000
63000 1.000000
72000 1.000000
81000 1.000000

0 1.000000
9000 1.000000
18000 1.000000
27000 1.000000
36000 0.997778
45000 1.000000
54000 1.000000
63000 1.000000
72000 1.000000
81000 1.000000

0 1.000000
9000 1.000000
18000 1.000000
27000 1.000000
36000 1.000000
45000 1.000000
54000 1.000000
63000 1.000000
72000 1.000000
81000 1.000000

0 1.000000
9000 1.000000
18000 1.000000
27000 1.000000
36000 1.000000
45000 1.000000
54000 1.000000
63000 1.000000
72000 1.000000
81000 1.000000

0 1.000000
9000 1.000000
18000 1.000000
27000 1.000000
36000 1.000000
45000 1.000000
54000 1.000000
63000 1.000000
72000 0.997778
81000 1.000000

0 0.997778
9000 1.000000
18000 1.000000
27000 1.000000
36000 1.000000
45000 1.000000
54000 1.000000
63000 1.000000
72000 1.000000
81000 1.000000

0 1.000000
9000 1.000000
18000 1.000000
27000 1.000000
36000 1.000000
45000 1.000000
54000 1.000000
63000 1.000000
72000 1.000000
81000 1.000000

0 1.000000
9000 1.000000
18000 0.997778
27000 1.000000
36000 0.997778
45000 1.000000
54000 1.000000
63000 1.000000
72000 1.000000
81000 1.000000

0 1.000000
9000 1.000000
18000 1.000000
27000 0.997778
36000 1.000000
45000 1.000000
54000 0.997778
63000 1.000000
72000 0.997778
81000 1.000000

0 1.000000
9000 1.000000
18000 1.000000
27000 1.000000
36000 1.000000
45000 1.000000
54000 1.000000
63000 1.000000
72000 1.000000
81000 1.000000

0 1.000000
9000 1.000000
18000 1.000000
27000 1.000000
36000 1.000000
45000 1.000000
54000 1.000000
63000 1.000000
72000 1.000000
81000 0.997778

0 1.000000
9000 1.000000
18000 0.997778
27000 1.000000
36000 1.000000
45000 1.000000
54000 1.000000
63000 1.000000
72000 0.997778
81000 1.000000

0 1.000000
9000 1.000000
18000 1.000000
27000 1.000000
36000 1.000000
45000 1.000000
54000 1.000000
63000 1.000000
72000 1.000000
81000 1.000000

0 1.000000
9000 1.000000
18000 1.000000
27000 1.000000
36000 1.000000
45000 1.000000
54000 1.000000
63000 1.000000
72000 1.000000
81000 1.000000

0 1.000000
9000 1.000000
18000 1.000000
27000 1.000000
36000 0.997778
45000 1.000000
54000 1.000000
63000 1.000000
72000 1.000000
81000 1.000000

0 1.000000
9000 1.000000
18000 1.000000
27000 1.000000
36000 1.000000
45000 1.000000
54000 1.000000
63000 1.000000
72000 0.997778
81000 1.000000

0 1.000000
9000 0.997778
18000 1.000000
27000 1.000000
36000 0.997778
45000 1.000000
54000 1.000000
63000 0.997778
72000 1.000000
81000 1.000000

0 1.000000
9000 1.000000
18000 1.000000
27000 1.000000
36000 0.997778
45000 1.000000
54000 1.000000
63000 1.000000
72000 1.000000
81000 1.000000

0 1.000000
9000 1.000000
18000 1.000000
27000 1.000000
36000 0.997778
45000 1.000000
54000 0.997778
63000 1.000000
72000 1.000000
81000 1.000000

0 1.000000
9000 1.000000
18000 1.000000
27000 1.000000
36000 1.000000
45000 0.997778
54000 1.000000
63000 1.000000
72000 0.997778
81000 1.000000

0 1.000000
9000 1.000000
18000 1.000000
27000 1.000000
36000 1.000000
45000 1.000000
54000 1.000000
63000 1.000000
72000 1.000000
81000 1.000000

0 1.000000
9000 1.000000
18000 0.995556
27000 0.997778
36000 1.000000
45000 1.000000
54000 1.000000
63000 1.000000
72000 1.000000
81000 1.000000

0 1.000000
9000 1.000000
18000 1.000000
27000 0.984444
36000 1.000000
45000 1.000000
54000 1.000000
63000 1.000000
72000 1.000000
81000 0.986667

0 1.000000
9000 1.000000
18000 1.000000
27000 1.000000
36000 1.000000
45000 0.997778
54000 1.000000
63000 1.000000
72000 1.000000
81000 1.000000

0 1.000000
9000 1.000000
18000 0.993333
27000 1.000000
36000 1.000000
45000 1.000000
54000 1.000000
63000 1.000000
72000 1.000000
81000 1.000000

0 0.997778
9000 1.000000
18000 1.000000
27000 1.000000
36000 1.000000
45000 1.000000
54000 1.000000
63000 1.000000
72000 1.000000
81000 1.000000

0 1.000000
9000 1.000000
18000 0.997778
27000 0.997778
36000 1.000000
45000 1.000000
54000 1.000000
63000 1.000000
72000 1.000000
81000 1.000000

0 1.000000
9000 1.000000
18000 1.000000
27000 1.000000
36000 1.000000
45000 1.000000
54000 0.997778
63000 0.995556
72000 1.000000
81000 1.000000

0 1.000000
9000 1.000000
18000 1.000000
27000 1.000000
36000 0.995556
45000 1.000000
54000 1.000000
63000 1.000000
72000 1.000000
81000 1.000000

0 1.000000
9000 1.000000
18000 1.000000
27000 1.000000
36000 1.000000
45000 1.000000
54000 1.000000
63000 1.000000
72000 1.000000
81000 1.000000

0 1.000000
9000 1.000000
18000 1.000000
27000 0.995556
36000 1.000000
45000 1.000000
54000 1.000000
63000 0.997778
72000 1.000000
81000 1.000000

0 1.000000
9000 1.000000
18000 1.000000
27000 0.997778
36000 1.000000
45000 1.000000
54000 0.991111
63000 1.000000
72000 1.000000
81000 1.000000

0 1.000000
9000 1.000000
18000 1.000000
27000 0.991111
36000 1.000000
45000 1.000000
54000 1.000000
63000 0.997778
72000 1.000000
81000 1.000000

0 1.000000
9000 1.000000
18000 1.000000
27000 1.000000
36000 0.997778
45000 1.000000
54000 1.000000
63000 1.000000
72000 1.000000
81000 1.000000

0 1.000000
9000 1.000000
18000 1.000000
27000 1.000000
36000 1.000000
45000 1.000000
54000 1.000000
63000 1.000000
72000 0.995556
81000 1.000000

0 1.000000
9000 1.000000
18000 1.000000
27000 0.997778
36000 1.000000
45000 1.000000
54000 1.000000
63000 1.000000
72000 1.000000
81000 1.000000

0 1.000000
9000 1.000000
18000 1.000000
27000 0.997778
36000 1.000000
45000 1.000000
54000 0.997778
63000 1.000000
72000 1.000000
81000 1.000000

0 1.000000
9000 1.000000
18000 1.000000
27000 1.000000
36000 1.000000
45000 1.000000
54000 1.000000
63000 1.000000
72000 1.000000
81000 1.000000

0 1.000000
9000 1.000000
18000 1.000000
27000 1.000000
36000 1.000000
45000 1.000000
54000 1.000000
63000 1.000000
72000 1.000000
81000 1.000000

0 1.000000
9000 1.000000
18000 0.982222
27000 1.000000
36000 1.000000
45000 1.000000
54000 1.000000
63000 1.000000
72000 1.000000
81000 1.000000

0 0.997778
9000 1.000000
18000 1.000000
27000 1.000000
36000 1.000000
45000 1.000000
54000 1.000000
63000 1.000000
72000 1.000000
81000 1.000000

0 1.000000
9000 1.000000
18000 1.000000
27000 1.000000
36000 1.000000
45000 1.000000
54000 0.997778
63000 1.000000
72000 0.997778
81000 1.000000

0 1.000000
9000 1.000000
18000 1.000000
27000 1.000000
36000 1.000000
45000 1.000000
54000 1.000000
63000 0.993333
72000 1.000000
81000 1.000000

0 1.000000
9000 1.000000
18000 1.000000
27000 1.000000
36000 1.000000
45000 1.000000
54000 1.000000
63000 1.000000
72000 1.000000
81000 1.000000

0 1.000000
9000 1.000000
18000 1.000000
27000 1.000000
36000 0.997778
45000 1.000000
54000 1.000000
63000 1.000000
72000 1.000000
81000 1.000000

0 1.000000
9000 1.000000
18000 0.608889
27000 0.246667
36000 0.240000
45000 0.242222
54000 0.344444
63000 0.262222
72000 0.315556
81000 0.280000

0 -0.635556
9000 -0.266667
18000 -0.268889
27000 -0.237778
36000 -0.257778
45000 -0.291111
54000 -0.317778
63000 -0.233333
72000 -0.224444
81000 -0.293333

0 -0.593333
9000 0.015556
18000 0.106667
27000 0.093333
36000 0.073333
45000 0.008889
54000 0.064444
63000 0.093333
72000 0.062222
81000 0.168889

0 -0.882222
9000 -1.000000
18000 -1.000000
27000 -0.997778
36000 -1.000000
45000 -1.000000
54000 -0.997778
63000 -1.000000
72000 -1.000000
81000 -1.000000

0 1.000000
9000 1.000000
18000 1.000000
27000 1.000000
36000 1.000000
45000 1.000000
54000 0.997778
63000 1.000000
72000 1.000000
81000 0.997778

0 1.000000
9000 1.000000
18000 1.000000
27000 1.000000
36000 1.000000
45000 1.000000
54000 1.000000
63000 1.000000
72000 0.991111
81000 1.000000

0 1.000000
9000 1.000000
18000 1.000000
27000 1.000000
36000 1.000000
45000 1.000000
54000 0.997778
63000 1.000000
72000 1.000000
81000 0.997778

0 0.997778
9000 1.000000
18000 1.000000
27000 1.000000
36000 0.997778
45000 0.997778
54000 1.000000
63000 0.997778
72000 0.997778
81000 1.000000

0 1.000000
9000 1.000000
18000 0.997778
27000 1.000000
36000 1.000000
45000 1.000000
54000 1.000000
63000 1.000000
72000 1.000000
81000 1.000000

0 1.000000
9000 1.000000
18000 1.000000
27000 1.000000
36000 1.000000
45000 1.000000
54000 1.000000
63000 0.997778
72000 1.000000
81000 1.000000

0 1.000000
9000 1.000000
18000 1.000000
27000 1.000000
36000 1.000000
45000 1.000000
54000 1.000000
63000 0.995556
72000 0.997778
81000 1.000000

0 1.000000
9000 1.000000
18000 0.984444
27000 1.000000
36000 1.000000
45000 1.000000
54000 1.000000
63000 1.000000
72000 1.000000
81000 1.000000

0 0.997778
9000 1.000000
18000 1.000000
27000 1.000000
36000 1.000000
45000 1.000000
54000 1.000000
63000 1.000000
72000 1.000000
81000 1.000000

0 1.000000
9000 1.000000
18000 1.000000
27000 1.000000
36000 0.997778
45000 0.997778
54000 1.000000
63000 0.997778
72000 1.000000
81000 0.997778

0 1.000000
9000 1.000000
18000 1.000000
27000 1.000000
36000 1.000000
45000 1.000000
54000 1.000000
63000 1.000000
72000 1.000000
81000 0.997778

0 1.000000
9000 0.997778
18000 1.000000
27000 0.997778
36000 1.000000
45000 1.000000
54000 1.000000
63000 0.984444
72000 1.000000
81000 0.997778

0 0.997778
9000 1.000000
18000 0.995556
27000 1.000000
36000 0.733333
45000 0.257778
54000 0.235556
63000 0.244444
72000 0.264444
81000 0.302222

0 -0.686667
9000 -0.286667
18000 -0.244444
27000 -0.357778
36000 -0.255556
45000 -0.320000
54000 -0.215556
63000 -0.246667
72000 -0.324444
81000 -0.268889

0 -0.613333
9000 -0.280000
18000 -0.331111
27000 -0.246667
36000 -0.324444
45000 -0.264444
54000 -0.266667
63000 -0.260000
72000 -0.251111
81000 -0.262222

0 -0.653333
9000 -0.104444
18000 -0.071111
27000 -0.073333
36000 -0.155556
45000 -0.115556
54000 -0.091111
63000 -0.064444
72000 -0.148889
81000 -0.097778

0 -0.935556
9000 -1.000000
18000 -0.997778
27000 -1.000000
36000 -0.997778
45000 -1.000000
54000 -0.262222
63000 -0.233333
72000 -0.288889
81000 -0.293333

0 -0.548889
9000 -0.044444
18000 -0.142222
27000 -0.048889
36000 0.002222
45000 -0.106667
54000 -0.102222
63000 -0.166667
72000 -0.053333
81000 -0.086667

0 -0.933333
9000 -1.000000
18000 -1.000000
27000 -1.000000
36000 -1.000000
45000 -0.997778
54000 -1.000000
63000 -1.000000
72000 -1.000000
81000 -1.000000

0 1.000000
9000 1.000000
18000 1.000000
27000 1.000000
36000 1.000000
45000 1.000000
54000 0.275556
63000 0.286667
72000 0.291111
81000 0.273333

0 -0.660000
9000 -0.137778
18000 -0.073333
27000 -0.117778
36000 -0.124444
45000 -0.148889
54000 -0.146667
63000 0.033333
72000 0.031111
81000 0.017778

0 -0.991111
9000 -0.995556
18000 -1.000000
27000 -1.000000
36000 -1.000000
45000 -1.000000
54000 -1.000000
63000 -1.000000
72000 -1.000000
81000 -1.000000

0 0.995556
9000 1.000000
18000 1.000000
27000 0.997778
36000 1.000000
45000 1.000000
54000 1.000000
63000 1.000000
72000 1.000000
81000 0.997778

0 0.995556
9000 1.000000
18000 1.000000
27000 0.997778
36000 1.000000
45000 0.997778
54000 1.000000
63000 1.000000
72000 1.000000
81000 1.000000

0 1.000000
9000 0.997778
18000 1.000000
27000 0.991111
36000 0.997778
45000 1.000000
54000 1.000000
63000 1.000000
72000 1.000000
81000 0.997778

0 1.000000
9000 0.997778
18000 0.997778
27000 1.000000
36000 1.000000
45000 1.000000
54000 1.000000
63000 1.000000
72000 1.000000
81000 0.982222

0 0.995556
9000 0.995556
18000 0.997778
27000 1.000000
36000 1.000000
45000 0.995556
54000 1.000000
63000 1.000000
72000 1.000000
81000 1.000000

0 1.000000
9000 0.988889
18000 1.000000
27000 1.000000
36000 1.000000
45000 0.960000
54000 1.000000
63000 1.000000
72000 1.000000
81000 0.997778

0 1.000000
9000 1.000000
18000 1.000000
27000 1.000000
36000 1.000000
45000 0.997778
54000 1.000000
63000 0.997778
72000 1.000000
81000 1.000000

0 1.000000
9000 0.288889
18000 0.293333
27000 0.235556
36000 0.222222
45000 0.153333
54000 0.255556
63000 0.328889
72000 0.211111
81000 0.242222

0 -0.762222
9000 -0.135556
18000 -0.093333
27000 -0.064444
36000 -0.135556
45000 -0.128889
54000 -0.142222
63000 -0.073333
72000 0.033333
81000 0.040000

0 -0.980000
9000 -0.997778
18000 -0.991111
27000 -0.995556
36000 -1.000000
45000 -0.935556
54000 -1.000000
63000 -1.000000
72000 -0.997778
81000 -1.000000

0 1.000000
9000 1.000000
18000 1.000000
27000 1.000000
36000 1.000000
45000 0.995556
54000 0.106667
63000 -0.095556
72000 -0.082222
81000 -0.035556

0 -0.977778
9000 -0.997778
18000 -1.000000
27000 -1.000000
36000 -1.000000
45000 -0.997778
54000 -1.000000
63000 -1.000000
72000 -1.000000
81000 -1.000000

0 1.000000
9000 1.000000
18000 0.997778
27000 1.000000
36000 0.995556
45000 1.000000
54000 1.000000
63000 1.000000
72000 1.000000
81000 0.266667

0 -0.720000
9000 -0.277778
18000 -0.280000
27000 -0.284444
36000 -0.280000
45000 -0.300000
54000 -0.244444
63000 -0.162222
72000 -0.295556
81000 -0.273333

0 -0.680000
9000 -0.997778
18000 -0.228889
27000 -0.168889
36000 -0.317778
45000 -0.264444
54000 -0.295556
63000 -0.220000
72000 -0.246667
81000 -0.264444

0 -0.762222
9000 -1.000000
18000 -1.000000
27000 -0.295556
36000 -0.322222
45000 -0.266667
54000 -0.277778
63000 -0.240000
72000 -0.255556
81000 -0.262222

0 -0.644444
9000 -0.040000
18000 -0.044444
27000 -0.086667
36000 -0.091111
45000 -0.071111
54000 -0.095556
63000 -0.053333
72000 -0.051111
81000 -0.091111

0 -0.946667
9000 -1.000000
18000 -1.000000
27000 -1.000000
36000 -1.000000
45000 -1.000000
54000 -0.973333
63000 -0.997778
72000 -1.000000
81000 -1.000000

0 1.000000
9000 1.000000
18000 1.000000
27000 1.000000
36000 1.000000
45000 1.000000
54000 0.997778
63000 1.000000
72000 0.997778
81000 1.000000

0 1.000000
9000 1.000000
18000 0.997778
27000 0.995556
36000 0.997778
45000 0.275556
54000 0.308889
63000 0.177778
72000 0.057778
81000 0.057778

0 -0.984444
9000 -1.000000
18000 -1.000000
27000 -1.000000
36000 -1.000000
45000 -0.995556
54000 -1.000000
63000 -1.000000
72000 -1.000000
81000 -0.993333

0 1.000000
9000 0.997778
18000 0.997778
27000 1.000000
36000 1.000000
45000 1.000000
54000 1.000000
63000 1.000000
72000 0.193333
81000 0.088889

0 -0.931111
9000 -1.000000
18000 -1.000000
27000 -1.000000
36000 -0.997778
45000 -0.993333
54000 -1.000000
63000 -1.000000
72000 -1.000000
81000 -0.997778

0 0.997778
9000 0.997778
18000 1.000000
27000 0.995556
36000 0.997778
45000 1.000000
54000 0.997778
63000 0.993333
72000 1.000000
81000 1.000000

0 1.000000
9000 0.346667
18000 0.213333
27000 0.188889
36000 0.202222
45000 0.175556
54000 0.220000
63000 0.235556
72000 0.180000
81000 0.200000

0 -0.720000
9000 -1.000000
18000 -1.000000
27000 -1.000000
36000 -0.193333
45000 -0.260000
54000 -0.260000
63000 -0.248889
72000 -0.231111
81000 -0.273333

0 -0.706667
9000 -0.995556
18000 -0.995556
27000 -1.000000
36000 -1.000000
45000 -0.984444
54000 -0.288889
63000 -0.237778
72000 -0.204444
81000 -0.271111

0 -0.691111
9000 -0.006667
18000 0.017778
27000 -0.013333
36000 -0.055556
45000 -0.064444
54000 -0.042222
63000 0.013333
72000 0.028889
81000 0.026667

0 -0.993333
9000 -1.000000
18000 -0.997778
27000 -1.000000
36000 -1.000000
45000 -0.995556
54000 -1.000000
63000 -0.995556
72000 -1.000000
81000 -1.000000

0 1.000000
9000 1.000000
18000 1.000000
27000 1.000000
36000 1.000000
45000 1.000000
54000 1.000000
63000 1.000000
72000 0.495556
81000 0.300000

0 -0.691111
9000 -1.000000
18000 -0.997778
27000 -1.000000
36000 -1.000000
45000 -0.997778
54000 -1.000000
63000 -0.277778
72000 0.017778
81000 0.000000

0 -1.000000
9000 -0.213333
18000 -0.277778
27000 -0.306667
36000 -0.100000
45000 -0.026667
54000 -0.080000
63000 -0.120000
72000 -0.097778
81000 -0.044444

0 -0.986667
9000 -0.995556
18000 -1.000000
27000 -1.000000
36000 -0.997778
45000 -0.995556
54000 -1.000000
63000 -1.000000
72000 -1.000000
81000 -0.986667

0 0.993333
9000 0.997778
18000 1.000000
27000 0.997778
36000 0.995556
45000 1.000000
54000 0.995556
63000 1.000000
72000 0.997778
81000 1.000000

0 0.997778
9000 0.237778
18000 0.275556
27000 0.268889
36000 0.266667
45000 0.282222
54000 0.306667
63000 0.275556
72000 0.188889
81000 0.277778

0 -0.620000
9000 0.135556
18000 0.073333
27000 0.111111
36000 0.100000
45000 0.066667
54000 0.037778
63000 0.084444
72000 0.075556
81000 0.102222

0 -0.888889
9000 -0.233333
18000 -0.113333
27000 -0.077778
36000 -0.046667
45000 -0.066667
54000 -0.075556
63000 -0.071111
72000 -0.097778
81000 -0.128889

0 -0.920000
9000 -0.997778
18000 -0.997778
27000 -0.368889
36000 -0.233333
45000 -0.291111
54000 -0.222222
63000 -0.260000
72000 -0.304444
81000 -0.282222

0 -0.624444
9000 -0.073333
18000 -0.122222
27000 -0.022222
36000 -0.060000
45000 -0.088889
54000 -0.151111
63000 -0.135556
72000 -0.028889
81000 -0.088889

0 -0.980000
9000 -1.000000
18000 -1.000000
27000 -1.000000
36000 -1.000000
45000 -0.997778
54000 -1.000000
63000 -0.988889
72000 -0.995556
81000 -0.997778

0 1.000000
9000 0.997778
18000 0.997778
27000 1.000000
36000 0.997778
45000 1.000000
54000 1.000000
63000 1.000000
72000 1.000000
81000 0.997778

0 1.000000
9000 -0.075556
18000 -0.120000
27000 -0.053333
36000 -0.077778
45000 -0.088889
54000 -0.097778
63000 -0.126667
72000 -0.055556
81000 -0.102222

0 -0.920000
9000 -0.102222
18000 -0.131111
27000 -0.084444
36000 -0.188889
45000 -0.091111
54000 -0.080000
63000 -0.102222
72000 -0.055556
81000 -0.091111

0 -0.951111
9000 -0.997778
18000 -0.997778
27000 -1.000000
36000 -0.997778
45000 -0.997778
54000 -1.000000
63000 -1.000000
72000 -1.000000
81000 -0.991111

0 0.995556
9000 0.995556
18000 0.964444
27000 0.997778
36000 1.000000
45000 0.984444
54000 0.117778
63000 0.042222
72000 0.066667
81000 -0.051111

0 -0.986667
9000 -0.997778
18000 -1.000000
27000 -0.060000
36000 -0.064444
45000 -0.066667
54000 -0.091111
63000 -0.053333
72000 -0.064444
81000 -0.111111

0 -0.906667
9000 -0.311111
18000 -0.248889
27000 -0.068889
36000 -0.055556
45000 -0.064444
54000 -0.051111
63000 -0.060000
72000 -0.044444
81000 -0.044444

0 -0.991111
9000 -0.248889
18000 -0.124444
27000 -0.264444
36000 -0.302222
45000 -0.226667
54000 -0.266667
63000 -0.224444
72000 -0.297778
81000 -0.255556

0 -0.720000
9000 -1.000000
18000 -0.997778
27000 -1.000000
36000 -0.271111
45000 -0.215556
54000 -0.311111
63000 -0.326667
72000 -0.282222
81000 -0.304444

0 -0.666667
9000 0.113333
18000 0.035556
27000 0.048889
36000 0.064444
45000 0.064444
54000 0.104444
63000 0.084444
72000 0.051111
81000 0.095556

0 -0.955556
9000 -1.000000
18000 -1.000000
27000 -0.997778
36000 -0.273333
45000 -0.280000
54000 -0.193333
63000 -0.237778
72000 -0.311111
81000 -0.113333

0 -0.908889
9000 -0.997778
18000 -0.997778
27000 -1.000000
36000 -1.000000
45000 -1.000000
54000 -1.000000
63000 -0.997778
72000 -0.995556
81000 -0.055556

0 -0.968889
9000 -0.997778
18000 -1.000000
27000 -0.997778
36000 -1.000000
45000 -0.993333
54000 -1.000000
63000 -1.000000
72000 -1.000000
81000 -0.995556

0 1.000000
9000 1.000000
18000 1.000000
27000 0.995556
36000 0.993333
45000 0.995556
54000 1.000000
63000 1.000000
72000 1.000000
81000 1.000000

0 1.000000
9000 0.197778
18000 0.220000
27000 0.217778
36000 0.193333
45000 0.213333
54000 0.162222
63000 0.228889
72000 0.177778
81000 0.184444

0 -0.875556
9000 -1.000000
18000 -0.977778
27000 -0.240000
36000 -0.286667
45000 -0.084444
54000 -0.046667
63000 -0.035556
72000 -0.095556
81000 -0.048889

0 -0.977778
9000 -1.000000
18000 -1.000000
27000 -0.997778
36000 -1.000000
45000 -0.993333
54000 -1.000000
63000 -0.997778
72000 -0.288889
81000 -0.268889

0 -0.671111
9000 -0.102222
18000 -0.197778
27000 0.084444
36000 -0.026667
45000 0.073333
54000 0.131111
63000 0.055556
72000 0.113333
81000 0.093333

0 -0.951111
9000 -0.997778
18000 -0.995556
27000 -1.000000
36000 -0.995556
45000 -0.997778
54000 -1.000000
63000 -1.000000
72000 -0.304444
81000 -0.200000

0 -0.800000
9000 -1.000000
18000 -1.000000
27000 -1.000000
36000 -1.000000
45000 -0.066667
54000 -0.075556
63000 -0.073333
72000 0.013333
81000 -0.075556

0 -0.957778
9000 0.064444
18000 0.008889
27000 0.033333
36000 0.053333
45000 0.055556
54000 0.097778
63000 0.095556
72000 0.084444
81000 0.122222

0 -0.906667
9000 -0.075556
18000 -0.082222
27000 0.002222
36000 -0.064444
45000 -0.104444
54000 -0.053333
63000 -0.037778
72000 -0.113333
81000 -0.100000

0 -0.942222
9000 -0.997778
18000 -0.997778
27000 -0.202222
36000 -0.228889
45000 -0.280000
54000 -0.140000
63000 -0.104444
72000 -0.064444
81000 0.002222

0 -0.997778
9000 -0.302222
18000 -0.277778
27000 -0.075556
36000 -0.108889
45000 -0.017778
54000 -0.024444
63000 -0.031111
72000 -0.071111
81000 -0.084444

0 -0.980000
9000 -0.997778
18000 0.020000
27000 0.095556
36000 0.037778
45000 0.017778
54000 0.040000
63000 0.124444
72000 0.166667
81000 0.046667

0 -0.988889
9000 0.015556
18000 0.084444
27000 0.060000
36000 0.062222
45000 0.075556
54000 0.013333
63000 0.057778
72000 -0.013333
81000 0.033333

0 -0.991111
9000 0.102222
18000 0.091111
27000 0.048889
36000 0.086667
45000 0.104444
54000 0.068889
63000 0.051111
72000 0.053333
81000 0.051111

0 -0.984444
9000 -0.557778
18000 0.062222
27000 -0.031111
36000 0.055556
45000 0.015556
54000 -0.055556
63000 -0.004444
72000 -0.008889
81000 0.004444

0 -1.000000
9000 -0.284444
18000 -0.248889
27000 -0.237778
36000 -0.228889
45000 -0.237778
54000 -0.211111
63000 -0.015556
72000 -0.068889
81000 -0.075556

0 -0.973333
9000 -0.288889
18000 -0.177778
27000 -0.333333
36000 -0.231111
45000 -0.300000
54000 -0.051111
63000 -0.111111
72000 -0.124444
81000 -0.106667

0 -0.931111
9000 -0.995556
18000 -1.000000
27000 -0.217778
36000 -0.266667
45000 -0.226667
54000 -0.224444
63000 -0.071111
72000 -0.064444
81000 -0.104444

0 -0.953333
9000 -0.986667
18000 -0.997778
27000 -0.997778
36000 -0.220000
45000 -0.271111
54000 -0.164444
63000 -0.235556
72000 -0.255556
81000 -0.266667

0 -0.580000
9000 -0.248889
18000 -0.217778
27000 -0.020000
36000 -0.080000
45000 -0.124444
54000 -0.153333
63000 -0.035556
72000 -0.146667
81000 -0.044444

0 -0.960000
9000 -0.997778
18000 -0.268889
27000 -0.271111
36000 -0.271111
45000 -0.322222
54000 -0.240000
63000 -0.035556
72000 -0.120000
81000 -0.066667

0 -0.968889
9000 -0.075556
18000 -0.113333
27000 0.062222
36000 0.053333
45000 -0.006667
54000 0.026667
63000 0.064444
72000 0.106667
81000 0.037778

0 -0.988889
9000 -0.404444
18000 -0.206667
27000 -0.280000
36000 -0.262222
45000 -0.246667
54000 -0.255556
63000 -0.211111
72000 -0.040000
81000 -0.088889

0 -0.948889
9000 -0.997778
18000 -0.228889
27000 -0.264444
36000 -0.240000
45000 -0.284444
54000 -0.297778
63000 -0.162222
72000 -0.264444
81000 -0.331111

0 -0.351111
9000 0.128889
18000 0.031111
27000 0.071111
36000 0.095556
45000 0.046667
54000 0.106667
63000 0.104444
72000 0.122222
81000 0.066667

0 -0.991111
9000 -0.995556
18000 -0.193333
27000 -0.073333
36000 -0.073333
45000 -0.064444
54000 -0.122222
63000 -0.095556
72000 -0.053333
81000 -0.057778

0 -0.993333
9000 -0.997778
18000 -0.224444
27000 -0.237778
36000 -0.046667
45000 -0.044444
54000 -0.115556
63000 -0.084444
72000 -0.093333
81000 -0.062222

0 -0.955556
9000 -0.271111
18000 -0.106667
27000 -0.042222
36000 -0.146667
45000 -0.068889
54000 -0.082222
63000 -0.073333
72000 -0.046667
81000 -0.026667

0 -0.995556
9000 -0.271111
18000 -0.342222
27000 -0.046667
36000 -0.115556
45000 -0.028889
54000 -0.044444
63000 -0.084444
72000 -0.028889
81000 -0.080000

0 -0.973333
9000 0.006667
18000 -0.077778
27000 -0.053333
36000 -0.186667
45000 -0.015556
54000 -0.131111
63000 -0.062222
72000 -0.100000
81000 -0.117778

0 -0.933333
9000 -0.995556
18000 -0.955556
27000 -0.244444
36000 -0.088889
45000 -0.073333
54000 -0.117778
63000 -0.028889
72000 -0.046667
81000 -0.082222

0 -0.951111
9000 -1.000000
18000 -0.993333
27000 -0.235556
36000 -0.253333
45000 -0.255556
54000 -0.144444
63000 -0.106667
72000 -0.062222
81000 -0.040000

0 -0.980000
9000 -0.993333
18000 -0.142222
27000 -0.073333
36000 -0.060000
45000 -0.080000
54000 -0.071111
63000 -0.086667
72000 -0.188889
81000 -0.068889

0 -0.962222
9000 -0.351111
18000 -0.320000
27000 -0.200000
36000 -0.208889
45000 -0.180000
54000 -0.164444
63000 -0.213333
72000 -0.157778
81000 -0.142222

0 -0.908889
9000 0.095556
18000 0.053333
27000 0.042222
36000 0.062222
45000 0.133333
54000 0.115556
63000 0.124444
72000 0.057778
81000 0.062222

0 -0.984444
9000 -0.226667
18000 -0.215556
27000 -0.020000
36000 -0.040000
45000 -0.082222
54000 -0.068889
63000 -0.075556
72000 -0.068889
81000 -0.073333

0 -0.977778
9000 -0.117778
18000 -0.086667
27000 -0.011111
36000 0.066667
45000 0.113333
54000 0.073333
63000 0.048889
72000 0.044444
81000 0.084444

0 -0.977778
9000 -0.264444
18000 -0.102222
27000 -0.075556
36000 -0.097778
45000 -0.137778
54000 -0.066667
63000 -0.044444
72000 -0.084444
81000 -0.064444

0 -0.991111
9000 -0.246667
18000 -0.251111
27000 -0.184444
36000 -0.253333
45000 -0.253333
54000 -0.197778
63000 -0.284444
72000 -0.284444
81000 -0.244444

0 -0.677778
9000 0.080000
18000 0.055556
27000 0.033333
36000 0.060000
45000 0.115556
54000 0.026667
63000 0.117778
72000 0.075556
81000 0.062222

0 -0.975556
9000 -0.317778
18000 -0.235556
27000 -0.211111
36000 -0.091111
45000 -0.084444
54000 -0.044444
63000 -0.162222
72000 -0.022222
81000 -0.048889

0 -0.980000
9000 -0.997778
18000 -0.184444
27000 -0.046667
36000 -0.042222
45000 -0.086667
54000 -0.044444
63000 -0.002222
72000 -0.175556
81000 -0.053333

0 -0.955556
9000 -0.197778
18000 -0.173333
27000 -0.164444
36000 -0.197778
45000 -0.186667
54000 -0.037778
63000 -0.091111
72000 -0.057778
81000 -0.102222

0 -0.931111
9000 -0.197778
18000 -0.120000
27000 -0.100000
36000 -0.073333
45000 -0.077778
54000 -0.075556
63000 -0.095556
72000 -0.111111
81000 -0.126667

0 -0.886667
9000 -0.242222
18000 -0.035556
27000 -0.093333
36000 -0.084444
45000 -0.035556
54000 -0.062222
63000 -0.040000
72000 -0.126667
81000 -0.028889

0 -0.995556
9000 -0.997778
18000 -0.193333
27000 -0.180000
36000 -0.195556
45000 -0.175556
54000 -0.173333
63000 -0.053333
72000 -0.051111
81000 0.002222

0 -0.995556
9000 -0.015556
18000 -0.040000
27000 -0.068889
36000 -0.106667
45000 -0.108889
54000 -0.053333
63000 -0.006667
72000 -0.095556
81000 -0.137778

0 -0.913333
9000 -0.997778
18000 0.091111
27000 0.073333
36000 0.126667
45000 0.071111
54000 0.084444
63000 0.044444
72000 0.073333
81000 0.088889

0 -0.962222
9000 -0.275556
18000 -0.084444
27000 -0.122222
36000 -0.055556
45000 -0.088889
54000 -0.062222
63000 -0.097778
72000 -0.044444
81000 -0.062222

0 -0.966667
9000 -0.015556
18000 -0.102222
27000 0.017778
36000 -0.084444
45000 -0.077778
54000 -0.108889
63000 -0.071111
72000 -0.028889
81000 -0.075556

0 -0.986667
9000 -0.337778
18000 -0.293333
27000 -0.117778
36000 -0.166667
45000 -0.168889
54000 -0.193333
63000 -0.228889
72000 -0.164444
81000 -0.180000

0 -0.875556
9000 -0.237778
18000 -0.204444
27000 -0.222222
36000 -0.220000
45000 -0.177778
54000 -0.220000
63000 -0.231111
72000 -0.222222
81000 -0.222222

0 -0.740000
9000 0.133333
18000 0.104444
27000 0.024444
36000 0.084444
45000 0.093333
54000 0.080000
63000 -0.044444
72000 0.060000
81000 0.102222

0 -0.922222
9000 -0.186667
18000 -0.184444
27000 -0.040000
36000 -0.028889
45000 -0.008889
54000 -0.068889
63000 -0.100000
72000 -0.091111
81000 -0.042222

0 -0.991111
9000 -0.195556
18000 -0.193333
27000 -0.186667
36000 -0.177778
45000 -0.151111
54000 -0.160000
63000 -0.162222
72000 -0.164444
81000 -0.197778

0 -0.760000
9000 -0.102222
18000 -0.104444
27000 -0.086667
36000 -0.077778
45000 -0.044444
54000 -0.135556
63000 -0.080000
72000 -0.108889
81000 -0.095556

0 -0.917778
9000 -0.226667
18000 -0.131111
27000 -0.060000
36000 -0.091111
45000 -0.120000
54000 -0.062222
63000 -0.140000
72000 -0.042222
81000 -0.026667

0 -0.993333
9000 -0.975556
18000 0.000000
27000 -0.068889
36000 -0.086667
45000 0.051111
54000 -0.086667
63000 -0.060000
72000 -0.053333
81000 -0.091111

0 -0.962222
9000 0.057778
18000 -0.033333
27000 0.004444
36000 0.040000
45000 0.095556
54000 0.073333
63000 0.082222
72000 0.082222
81000 0.068889

0 -0.975556
9000 -0.186667
18000 -0.064444
27000 0.011111
36000 -0.111111
45000 -0.086667
54000 -0.084444
63000 -0.055556
72000 -0.111111
81000 -0.048889

0 -0.966667
9000 -0.031111
18000 -0.075556
27000 0.026667
36000 -0.028889
45000 0.040000
54000 0.068889
63000 0.068889
72000 0.033333
81000 -0.020000

0 -0.982222
9000 0.048889
18000 0.060000
27000 0.053333
36000 0.033333
45000 0.093333
54000 0.000000
63000 0.031111
72000 0.048889
81000 0.042222

0 -0.960000
9000 -0.275556
18000 -0.102222
27000 -0.126667
36000 -0.084444
45000 -0.144444
54000 -0.033333
63000 -0.017778
72000 -0.071111
81000 -0.033333

0 -0.988889
9000 -0.262222
18000 -0.017778
27000 -0.064444
36000 -0.184444
45000 -0.100000
54000 -0.048889
63000 -0.140000
72000 -0.086667
81000 -0.084444

0 -0.957778
9000 -0.244444
18000 -0.220000
27000 -0.120000
36000 -0.060000
45000 -0.073333
54000 -0.062222
63000 -0.031111
72000 -0.095556
81000 -0.195556

0 -0.882222
9000 -0.066667
18000 -0.015556
27000 -0.057778
36000 -0.044444
45000 -0.071111
54000 -0.082222
63000 -0.111111
72000 -0.093333
81000 -0.040000

0 -0.986667
9000 -0.997778
18000 -0.193333
27000 -0.117778
36000 -0.224444
45000 -0.215556
54000 -0.146667
63000 -0.164444
72000 -0.220000
81000 -0.042222

0 -0.980000
9000 -0.300000
18000 -0.068889
27000 -0.066667
36000 -0.113333
45000 -0.075556
54000 -0.026667
63000 -0.035556
72000 -0.028889
81000 -0.048889

0 -0.953333
9000 -0.144444
18000 -0.024444
27000 -0.075556
36000 -0.075556
45000 -0.093333
54000 -0.104444
63000 -0.055556
72000 -0.060000
81000 -0.106667

0 -0.957778
9000 -0.308889
18000 -0.322222
27000 -0.164444
36000 -0.168889
45000 -0.195556
54000 -0.188889
63000 -0.175556
72000 -0.146667
81000 -0.160000

0 -0.844444
9000 -0.051111
18000 -0.073333
27000 -0.084444
36000 -0.020000
45000 -0.142222
54000 -0.046667
63000 -0.026667
72000 -0.102222
81000 -0.102222

0 -0.913333
9000 0.028889
18000 0.006667
27000 0.051111
36000 0.044444
45000 -0.037778
54000 0.040000
63000 -0.040000
72000 0.113333
81000 0.060000

0 -0.951111
9000 -0.255556
18000 0.017778
27000 -0.073333
36000 -0.146667
45000 -0.117778
54000 -0.128889
63000 0.002222
72000 -0.213333
81000 -0.151111

0 -0.873333
9000 -0.093333
18000 -0.077778
27000 -0.071111
36000 -0.066667
45000 -0.108889
54000 -0.008889
63000 -0.084444
72000 -0.071111
81000 -0.044444

0 -0.966667
9000 -0.066667
18000 -0.082222
27000 -0.062222
36000 -0.006667
45000 -0.080000
54000 -0.017778
63000 -0.120000
72000 -0.020000
81000 -0.180000

0 -0.797778
9000 -0.120000
18000 -0.097778
27000 -0.100000
36000 -0.102222
45000 -0.097778
54000 -0.164444
63000 -0.062222
72000 -0.082222
81000 -0.077778

0 -0.957778
9000 0.075556
18000 -0.057778
27000 -0.060000
36000 -0.086667
45000 -0.015556
54000 -0.060000
63000 -0.040000
72000 0.046667
81000 -0.077778

0 -0.955556
9000 0.017778
18000 0.071111
27000 0.022222
36000 0.015556
45000 0.066667
54000 0.117778
63000 0.120000
72000 0.062222
81000 0.126667

0 -0.926667
9000 -0.208889
18000 -0.208889
27000 -0.206667
36000 -0.242222
45000 -0.168889
54000 -0.184444
63000 -0.028889
72000 -0.015556
81000 0.075556

0 -0.937778
9000 -0.184444
18000 -0.097778
27000 -0.053333
36000 -0.122222
45000 -0.053333
54000 -0.084444
63000 -0.151111
72000 -0.013333
81000 -0.160000

0 -0.868889
9000 -0.048889
18000 0.017778
27000 -0.042222
36000 -0.033333
45000 -0.048889
54000 -0.055556
63000 0.066667
72000 -0.075556
81000 0.015556

0 -0.991111
9000 -0.191111
18000 -0.080000
27000 -0.082222
36000 -0.064444
45000 -0.046667
54000 -0.015556
63000 -0.077778
72000 -0.040000
81000 -0.020000

0 -0.982222
9000 -0.153333
18000 -0.162222
27000 -0.184444
36000 -0.211111
45000 -0.193333
54000 -0.184444
63000 -0.155556
72000 -0.160000
81000 -0.213333

0 -0.717778
9000 -0.048889
18000 -0.120000
27000 -0.057778
36000 -0.044444
45000 -0.044444
54000 -0.080000
63000 -0.180000
72000 -0.091111
81000 -0.131111

0 -0.860000
9000 0.004444
18000 0.031111
27000 0.048889
36000 0.015556
45000 -0.002222
54000 -0.035556
63000 0.013333
72000 0.046667
81000 0.042222

0 -0.975556
9000 0.068889
18000 0.080000
27000 0.026667
36000 0.171111
45000 0.060000
54000 0.013333
63000 0.040000
72000 0.177778
81000 0.073333

0 -0.951111
9000 0.111111
18000 0.084444
27000 0.055556
36000 0.008889
45000 0.075556
54000 0.033333
63000 0.057778
72000 0.042222
81000 0.033333

0 -0.988889
9000 -0.108889
18000 -0.044444
27000 -0.097778
36000 -0.108889
45000 -0.026667
54000 -0.048889
63000 -0.082222
72000 -0.108889
81000 -0.060000

0 -0.966667
9000 0.097778
18000 0.051111
27000 0.068889
36000 0.004444
45000 0.113333
54000 0.006667
63000 -0.020000
72000 0.086667
81000 0.104444

0 -0.966667
9000 -0.135556
18000 -0.086667
27000 -0.062222
36000 -0.060000
45000 0.011111
54000 -0.104444
63000 -0.093333
72000 -0.022222
81000 -0.088889

0 -0.962222
9000 -0.255556
18000 -0.080000
27000 -0.146667
36000 -0.160000
45000 -0.015556
54000 -0.035556
63000 -0.171111
72000 -0.048889
81000 -0.082222

0 -0.933333
9000 -0.035556
18000 -0.011111
27000 -0.113333
36000 -0.093333
45000 -0.064444
54000 -0.104444
63000 -0.086667
72000 -0.062222
81000 -0.104444

0 -0.942222
9000 -0.013333
18000 -0.100000
27000 -0.035556
36000 -0.051111
45000 -0.026667
54000 -0.060000
63000 -0.020000
72000 -0.095556
81000 -0.040000

0 -0.986667
9000 -0.108889
18000 0.062222
27000 0.062222
36000 0.004444
45000 -0.011111
54000 0.046667
63000 0.033333
72000 0.024444
81000 0.037778

0 -0.973333
9000 -0.028889
18000 0.022222
27000 0.031111
36000 -0.057778
45000 0.126667
54000 0.108889
63000 -0.060000
72000 0.080000
81000 0.024444

0 -0.975556
9000 0.088889
18000 0.091111
27000 0.148889
36000 0.044444
45000 -0.006667
54000 0.011111
63000 0.202222
72000 0.106667
81000 0.202222

0 -0.802222
9000 -0.095556
18000 -0.024444
27000 -0.042222
36000 -0.146667
45000 -0.115556
54000 -0.128889
63000 -0.104444
72000 -0.084444
81000 -0.088889

0 -0.935556
9000 -0.022222
18000 -0.053333
27000 -0.091111
36000 -0.011111
45000 -0.033333
54000 -0.104444
63000 -0.068889
72000 -0.046667
81000 -0.095556

0 -0.922222
9000 -0.040000
18000 -0.097778
27000 -0.057778
36000 -0.055556
45000 -0.026667
54000 -0.064444
63000 -0.040000
72000 -0.022222
81000 -0.151111

0 -0.875556
9000 -0.206667
18000 -0.342222
27000 -0.168889
36000 -0.193333
45000 -0.126667
54000 -0.148889
63000 -0.155556
72000 -0.046667
81000 -0.071111

0 -0.953333
9000 -0.137778
18000 -0.206667
27000 -0.024444
36000 -0.171111
45000 -0.120000
54000 -0.060000
63000 -0.084444
72000 -0.031111
81000 -0.102222

0 -0.960000
9000 -0.024444
18000 -0.042222
27000 -0.004444
36000 -0.051111
45000 0.055556
54000 -0.046667
63000 -0.120000
72000 -0.117778
81000 -0.006667

0 -0.993333
9000 -0.051111
18000 -0.126667
27000 -0.075556
36000 -0.017778
45000 -0.115556
54000 -0.093333
63000 -0.002222
72000 -0.091111
81000 -0.084444

0 -0.904444
9000 0.055556
18000 0.033333
27000 0.091111
36000 0.042222
45000 0.046667
54000 0.071111
63000 0.124444
72000 0.024444
81000 0.095556

0 -0.960000
9000 0.028889
18000 0.020000
27000 0.046667
36000 0.051111
45000 -0.002222
54000 0.004444
63000 0.055556
72000 0.057778
81000 0.091111

0 -0.926667
9000 -0.144444
18000 -0.013333
27000 -0.026667
36000 -0.097778
45000 -0.093333
54000 -0.075556
63000 -0.100000
72000 -0.022222
81000 0.000000

0 -0.997778
9000 -0.195556
18000 -0.093333
27000 -0.035556
36000 -0.122222
45000 -0.020000
54000 -0.062222
63000 0.015556
72000 0.026667
81000 -0.008889

0 -1.000000
9000 -0.100000
18000 -0.068889
27000 -0.013333
36000 -0.062222
45000 -0.046667
54000 -0.015556
63000 -0.075556
72000 0.008889
81000 0.002222

0 -0.995556
9000 -0.117778
18000 0.002222
27000 -0.097778
36000 -0.033333
45000 -0.095556
54000 -0.111111
63000 -0.057778
72000 -0.102222
81000 -0.022222

0 -0.991111
9000 -0.313333
18000 -0.237778
27000 -0.033333
36000 -0.075556
45000 -0.077778
54000 -0.106667
63000 -0.017778
72000 -0.008889
81000 -0.097778

0 -0.935556
9000 0.060000
18000 0.068889
27000 0.075556
36000 0.124444
45000 -0.020000
54000 0.037778
63000 0.095556
72000 0.135556
81000 0.082222

0 -0.928889
9000 -0.088889
18000 -0.117778
27000 -0.082222
36000 -0.028889
45000 -0.108889
54000 -0.060000
63000 -0.075556
72000 -0.075556
81000 -0.053333

0 -0.955556
9000 0.068889
18000 0.093333
27000 0.040000
36000 0.091111
45000 -0.031111
54000 0.037778
63000 0.082222
72000 0.004444
81000 0.002222

0 -1.000000
9000 -0.080000
18000 -0.044444
27000 -0.040000
36000 -0.160000
45000 -0.071111
54000 0.066667
63000 -0.011111
72000 -0.102222
81000 -0.022222

0 -0.973333
9000 -0.135556
18000 -0.042222
27000 -0.102222
36000 -0.093333
45000 -0.040000
54000 -0.157778
63000 -0.075556
72000 -0.033333
81000 0.000000

0 -0.991111
9000 0.077778
18000 0.084444
27000 0.157778
36000 -0.020000
45000 0.080000
54000 0.026667
63000 0.108889
72000 -0.013333
81000 0.126667

0 -0.873333
9000 0.066667
18000 -0.051111
27000 -0.020000
36000 0.026667
45000 -0.006667
54000 0.064444
63000 0.093333
72000 0.073333
81000 0.031111

0 -0.984444
9000 -0.033333
18000 -0.135556
27000 -0.042222
36000 -0.064444
45000 0.008889
54000 -0.062222
63000 -0.146667
72000 -0.095556
81000 0.026667

0 -0.993333
9000 -0.062222
18000 0.055556
27000 0.048889
36000 -0.037778
45000 0.062222
54000 0.062222
63000 0.057778
72000 0.042222
81000 0.055556

0 -0.953333
9000 -0.160000
18000 -0.022222
27000 -0.113333
36000 -0.002222
45000 -0.040000
54000 -0.033333
63000 -0.046667
72000 -0.011111
81000 -0.100000

0 -0.937778
9000 -0.086667
18000 -0.115556
27000 -0.048889
36000 -0.033333
45000 -0.024444
54000 -0.026667
63000 -0.077778
72000 -0.120000
81000 -0.026667

0 -0.982222
9000 -0.111111
18000 -0.120000
27000 0.015556
36000 -0.082222
45000 -0.042222
54000 -0.075556
63000 -0.193333
72000 -0.106667
81000 -0.017778

0 -0.984444
9000 0.046667
18000 0.055556
27000 0.073333
36000 -0.011111
45000 0.040000
54000 -0.002222
63000 0.064444
72000 0.120000
81000 -0.008889

0 -0.995556
9000 0.000000
18000 -0.035556
27000 0.051111
36000 -0.077778
45000 -0.004444
54000 0.095556
63000 0.140000
72000 0.104444
81000 0.111111

0 -0.933333
9000 -0.066667
18000 -0.073333
27000 -0.031111
36000 -0.140000
45000 -0.086667
54000 -0.080000
63000 -0.044444
72000 -0.040000
81000 -0.031111

0 -0.968889
9000 -0.064444
18000 -0.075556
27000 -0.066667
36000 -0.062222
45000 0.053333
54000 -0.128889
63000 -0.051111
72000 -0.053333
81000 -0.035556

0 -0.975556
9000 0.066667
18000 0.122222
27000 0.120000
36000 -0.064444
45000 0.031111
54000 0.028889
63000 -0.028889
72000 -0.026667
81000 0.068889

0 -0.955556
9000 -0.131111
18000 -0.033333
27000 -0.042222
36000 -0.124444
45000 -0.077778
54000 -0.064444
63000 -0.084444
72000 -0.026667
81000 -0.113333

0 -0.924444
9000 0.035556
18000 0.053333
27000 0.024444
36000 0.086667
45000 0.055556
54000 0.031111
63000 0.068889
72000 0.022222
81000 0.040000

0 -0.968889
9000 -0.113333
18000 0.006667
27000 -0.113333
36000 -0.013333
45000 -0.097778
54000 -0.042222
63000 -0.008889
72000 -0.173333
81000 0.002222

0 -0.993333
9000 -0.088889
18000 -0.080000
27000 -0.040000
36000 -0.084444
45000 -0.111111
54000 -0.033333
63000 -0.044444
72000 -0.066667
81000 -0.020000

0 -0.988889
9000 -0.095556
18000 -0.140000
27000 -0.115556
36000 -0.137778
45000 -0.128889
54000 -0.057778
63000 -0.088889
72000 -0.088889
81000 -0.153333

0 -0.908889
9000 -0.033333
18000 0.002222
27000 -0.124444
36000 -0.144444
45000 -0.124444
54000 -0.042222
63000 -0.017778
72000 -0.177778
81000 -0.015556

0 -0.973333
9000 -0.046667
18000 0.075556
27000 0.048889
36000 0.026667
45000 -0.040000
54000 0.026667
63000 0.037778
72000 0.028889
81000 0.066667

0 -0.937778
9000 0.031111
18000 0.022222
27000 -0.082222
36000 -0.017778
45000 -0.106667
54000 -0.162222
63000 -0.086667
72000 -0.015556
81000 -0.084444

0 -0.935556
9000 -0.124444
18000 0.004444
27000 0.048889
36000 -0.060000
45000 -0.064444
54000 -0.042222
63000 -0.077778
72000 -0.033333
81000 -0.066667

0 -0.957778
9000 -0.002222
18000 -0.117778
27000 -0.064444
36000 -0.117778
45000 -0.064444
54000 -0.046667
63000 -0.031111
72000 0.000000
81000 -0.164444

0 -0.757778
9000 0.013333
18000 0.117778
27000 0.044444
36000 0.015556
45000 -0.011111
54000 0.020000
63000 0.051111
72000 0.046667
81000 0.033333

0 -0.986667
9000 -0.024444
18000 -0.017778
27000 -0.117778
36000 -0.086667
45000 0.035556
54000 -0.033333
63000 -0.086667
72000 -0.060000
81000 -0.104444

0 -0.895556
9000 0.097778
18000 0.068889
27000 0.077778
36000 0.148889
45000 0.053333
54000 0.051111
63000 0.035556
72000 0.035556
81000 0.048889

0 -0.966667
9000 0.088889
18000 0.106667
27000 0.100000
36000 0.035556
45000 0.128889
54000 0.082222
63000 0.040000
72000 0.064444
81000 0.073333

0 -0.946667
9000 -0.028889
18000 0.102222
27000 -0.086667
36000 -0.024444
45000 -0.031111
54000 -0.073333
63000 -0.073333
72000 -0.080000
81000 0.017778

0 -0.993333
9000 -0.080000
18000 -0.097778
27000 -0.044444
36000 -0.048889
45000 -0.015556
54000 -0.133333
63000 -0.095556
72000 -0.175556
81000 -0.044444

0 -0.960000
9000 -0.024444
18000 -0.035556
27000 -0.100000
36000 -0.028889
45000 -0.126667
54000 -0.037778
63000 -0.051111
72000 -0.108889
81000 -0.080000

0 -0.937778
9000 -0.108889
18000 -0.086667
27000 -0.024444
36000 -0.048889
45000 -0.117778
54000 -0.091111
63000 -0.115556
72000 -0.113333
81000 0.002222

0 -0.988889
9000 -0.120000
18000 -0.164444
27000 -0.004444
36000 -0.068889
45000 -0.026667
54000 -0.080000
63000 0.000000
72000 -0.011111
81000 0.004444

0 -0.997778
9000 -0.395556
18000 0.011111
27000 -0.008889
36000 -0.026667
45000 -0.108889
54000 0.002222
63000 -0.026667
72000 -0.088889
81000 -0.106667

0 -0.913333
9000 -0.097778
18000 -0.064444
27000 -0.035556
36000 -0.093333
45000 -0.048889
54000 -0.093333
63000 -0.082222
72000 -0.051111
81000 -0.080000

0 -0.924444
9000 0.102222
18000 0.033333
27000 0.037778
36000 0.180000
45000 0.111111
54000 0.002222
63000 0.044444
72000 0.040000
81000 0.104444

0 -0.946667
9000 0.037778
18000 0.102222
27000 0.002222
36000 -0.044444
45000 0.000000
54000 0.044444
63000 0.042222
72000 0.035556
81000 0.037778

0 -0.986667
9000 0.037778
18000 0.048889
27000 -0.064444
36000 0.006667
45000 -0.057778
54000 -0.115556
63000 -0.117778
72000 -0.028889
81000 0.004444

0 -0.982222
9000 0.037778
18000 0.100000
27000 -0.115556
36000 0.093333
45000 0.053333
54000 0.100000
63000 0.062222
72000 0.120000
81000 0.097778

0 -0.911111
9000 -0.144444
18000 -0.046667
27000 -0.093333
36000 -0.157778
45000 -0.068889
54000 -0.111111
63000 -0.091111
72000 -0.057778
81000 -0.146667

0 -0.831111
9000 -0.057778
18000 0.068889
27000 -0.017778
36000 -0.053333
45000 -0.060000
54000 -0.093333
63000 -0.048889
72000 -0.020000
81000 0.006667

0 -0.991111
9000 0.033333
18000 -0.024444
27000 -0.062222
36000 -0.062222
45000 0.033333
54000 -0.100000
63000 -0.060000
72000 -0.080000
81000 -0.011111

0 -0.984444
9000 -0.040000
18000 -0.022222
27000 -0.122222
36000 -0.071111
45000 -0.148889
54000 -0.124444
63000 -0.060000
72000 -0.097778
81000 -0.128889

0 -0.917778
9000 -0.026667
18000 -0.037778
27000 -0.046667
36000 0.000000
45000 -0.086667
54000 -0.057778
63000 -0.068889
72000 -0.146667
81000 -0.117778

0 -0.937778
9000 -0.071111
18000 -0.071111
27000 -0.088889
36000 -0.117778
45000 -0.120000
54000 0.008889
63000 0.008889
72000 0.075556
81000 -0.011111

0 -0.993333
9000 -0.004444
18000 -0.013333
27000 -0.022222
36000 -0.086667
45000 -0.104444
54000 -0.091111
63000 -0.017778
72000 -0.060000
81000 -0.046667

0 -0.957778
9000 -0.115556
18000 -0.048889
27000 -0.086667
36000 -0.104444
45000 -0.131111
54000 -0.135556
63000 -0.140000
72000 0.000000
81000 -0.091111

0 -0.886667
9000 0.051111
18000 0.071111
27000 0.046667
36000 0.088889
45000 0.088889
54000 0.053333
63000 0.077778
72000 0.035556
81000 0.035556

0 -0.975556
9000 -0.062222
18000 -0.040000
27000 0.026667
36000 -0.071111
45000 -0.068889
54000 -0.028889
63000 -0.062222
72000 -0.028889
81000 -0.106667

0 -0.875556
9000 -0.180000
18000 0.035556
27000 -0.040000
36000 0.035556
45000 -0.068889
54000 -0.013333
63000 -0.160000
72000 -0.104444
81000 -0.091111

0 -0.935556
9000 0.088889
18000 -0.120000
27000 -0.060000
36000 0.008889
45000 -0.004444
54000 -0.091111
63000 -0.033333
72000 -0.004444
81000 -0.086667

0 -0.944444
9000 0.084444
18000 0.024444
27000 -0.015556
36000 -0.008889
45000 -0.053333
54000 0.042222
63000 -0.146667
72000 -0.068889
81000 -0.120000

0 -0.942222
9000 -0.064444
18000 -0.088889
27000 -0.066667
36000 0.000000
45000 -0.022222
54000 -0.037778
63000 -0.028889
72000 -0.106667
81000 -0.093333

0 -0.911111
9000 0.011111
18000 -0.017778
27000 -0.062222
36000 -0.017778
45000 0.055556
54000 -0.075556
63000 -0.060000
72000 -0.073333
81000 0.062222

0 -0.980000
9000 -0.180000
18000 -0.075556
27000 -0.106667
36000 -0.153333
45000 -0.131111
54000 0.042222
63000 -0.151111
72000 -0.133333
81000 -0.033333

0 -0.962222
9000 -0.035556
18000 -0.064444
27000 -0.035556
36000 -0.068889
45000 0.013333
54000 0.013333
63000 -0.053333
72000 0.037778
81000 -0.095556

0 -0.920000
9000 -0.086667
18000 -0.080000
27000 -0.080000
36000 -0.066667
45000 -0.051111
54000 -0.104444
63000 0.042222
72000 -0.035556
81000 -0.086667

0 -0.924444
9000 -0.055556
18000 0.071111
27000 0.086667
36000 0.004444
45000 0.115556
54000 0.057778
63000 0.102222
72000 0.031111
81000 -0.097778

0 -0.935556
9000 0.062222
18000 -0.057778
27000 -0.040000
36000 -0.057778
45000 0.062222
54000 -0.077778
63000 -0.075556
72000 0.084444
81000 -0.053333

0 -0.948889
9000 -0.071111
18000 -0.073333
27000 -0.128889
36000 -0.008889
45000 -0.037778
54000 -0.053333
63000 -0.073333
72000 -0.088889
81000 -0.024444

0 -0.968889
9000 -0.186667
18000 -0.044444
27000 -0.175556
36000 -0.060000
45000 -0.062222
54000 0.011111
63000 0.000000
72000 -0.071111
81000 -0.071111

0 -0.964444
9000 0.084444
18000 0.093333
27000 0.062222
36000 0.106667
45000 0.064444
54000 -0.060000
63000 0.042222
72000 -0.071111
81000 0.106667

0 -0.895556
9000 0.062222
18000 -0.100000
27000 -0.057778
36000 0.022222
45000 0.020000
54000 0.191111
63000 -0.053333
72000 0.033333
81000 0.046667

0 -0.964444
9000 -0.020000
18000 -0.051111
27000 0.004444
36000 0.093333
45000 0.022222
54000 0.046667
63000 0.033333
72000 -0.055556
81000 0.093333

0 -0.913333
9000 0.088889
18000 -0.002222
27000 -0.044444
36000 -0.002222
45000 -0.013333
54000 0.013333
63000 0.033333
72000 -0.053333
81000 0.091111

0 -0.960000
9000 0.057778
18000 -0.046667
27000 -0.064444
36000 -0.066667
45000 -0.006667
54000 -0.037778
63000 -0.073333
72000 -0.075556
81000 -0.008889

0 -1.000000
9000 0.006667
18000 -0.048889
27000 -0.071111
36000 -0.011111
45000 -0.091111
54000 -0.022222
63000 0.020000
72000 -0.095556
81000 -0.051111

0 -0.975556
9000 0.024444
18000 -0.037778
27000 -0.233333
36000 -0.102222
45000 -0.017778
54000 -0.055556
63000 -0.064444
72000 -0.166667
81000 -0.064444

0 -0.942222
9000 0.002222
18000 0.060000
27000 -0.040000
36000 0.028889
45000 -0.091111
54000 0.035556
63000 0.046667
72000 -0.166667
81000 0.053333

0 -0.955556
9000 0.024444
18000 0.080000
27000 -0.042222
36000 -0.091111
45000 -0.137778
54000 -0.051111
63000 -0.133333
72000 -0.033333
81000 0.051111

0 -0.964444
9000 -0.093333
18000 -0.086667
27000 -0.177778
36000 -0.133333
45000 -0.037778
54000 -0.026667
63000 -0.140000
72000 -0.008889
81000 -0.011111

0 -0.980000
9000 -0.011111
18000 0.020000
27000 -0.060000
36000 -0.015556
45000 0.011111
54000 0.084444
63000 0.062222
72000 0.071111
81000 0.071111

0 -0.957778
9000 0.142222
18000 0.033333
27000 0.024444
36000 0.077778
45000 0.080000
54000 -0.017778
63000 0.017778
72000 0.031111
81000 0.086667

0 -0.908889
9000 -0.053333
18000 -0.037778
27000 0.008889
36000 0.084444
45000 -0.004444
54000 -0.044444
63000 0.022222
72000 0.106667
81000 -0.044444

0 -0.973333
9000 -0.031111
18000 -0.026667
27000 -0.140000
36000 -0.048889
45000 -0.053333
54000 -0.142222
63000 -0.100000
72000 -0.046667
81000 -0.088889

0 -0.917778
9000 0.146667
18000 0.060000
27000 -0.017778
36000 -0.017778
45000 0.053333
54000 0.122222
63000 -0.004444
72000 0.060000
81000 0.113333

0 -0.906667
9000 -0.053333
18000 0.046667
27000 -0.102222
36000 -0.104444
45000 -0.113333
54000 -0.028889
63000 -0.060000
72000 -0.102222
81000 0.077778

0 -0.953333
9000 -0.048889
18000 0.006667
27000 -0.046667
36000 -0.022222
45000 -0.051111
54000 -0.080000
63000 -0.048889
72000 -0.042222
81000 -0.115556

0 -0.944444
9000 -0.046667
18000 0.011111
27000 -0.004444
36000 -0.062222
45000 -0.080000
54000 -0.086667
63000 -0.057778
72000 -0.095556
81000 -0.088889

0 -0.908889
9000 0.071111
18000 0.095556
27000 0.080000
36000 0.106667
45000 0.091111
54000 0.100000
63000 0.004444
72000 0.053333
81000 0.191111

0 -0.771111
9000 -0.015556
18000 -0.022222
27000 -0.031111
36000 -0.046667
45000 -0.086667
54000 -0.013333
63000 -0.113333
72000 -0.142222
81000 0.015556

0 -0.975556
9000 0.046667
18000 0.015556
27000 -0.093333
36000 0.004444
45000 0.028889
54000 -0.168889
63000 -0.011111
72000 0.108889
81000 -0.026667

0 -0.975556
9000 -0.053333
18000 -0.068889
27000 -0.008889
36000 -0.046667
45000 -0.108889
54000 -0.135556
63000 -0.082222
72000 -0.157778
81000 -0.048889

0 -0.962222
9000 -0.115556
18000 -0.062222
27000 -0.084444
36000 -0.004444
45000 -0.057778
54000 -0.102222
63000 -0.088889
72000 -0.024444
81000 -0.064444

0 -0.951111
9000 0.091111
18000 0.097778
27000 0.028889
36000 -0.044444
45000 0.008889
54000 0.126667
63000 0.231111
72000 0.117778
81000 0.044444

0 -0.977778
9000 -0.022222
18000 -0.062222
27000 -0.120000
36000 -0.004444
45000 -0.040000
54000 -0.135556
63000 -0.004444
72000 -0.006667
81000 -0.086667

0 -0.937778
9000 0.068889
18000 -0.080000
27000 -0.002222
36000 -0.071111
45000 -0.091111
54000 -0.051111
63000 -0.104444
72000 0.008889
81000 -0.082222

0 -0.933333
9000 -0.151111
18000 -0.162222
27000 -0.046667
36000 -0.155556
45000 -0.082222
54000 -0.131111
63000 0.000000
72000 -0.120000
81000 -0.055556

0 -0.946667
9000 0.051111
18000 0.024444
27000 0.086667
36000 -0.015556
45000 0.004444
54000 0.062222
63000 0.060000
72000 -0.055556
81000 0.015556

0 -0.977778
9000 0.097778
18000 0.066667
27000 0.053333
36000 0.002222
45000 -0.060000
54000 -0.055556
63000 0.035556
72000 -0.048889
81000 0.120000

0 -0.871111
9000 0.044444
18000 0.091111
27000 -0.155556
36000 0.031111
45000 0.060000
54000 -0.028889
63000 0.093333
72000 -0.100000
81000 -0.044444

0 -0.964444
9000 0.006667
18000 0.035556
27000 0.028889
36000 0.015556
45000 0.106667
54000 0.055556
63000 0.071111
72000 0.020000
81000 0.084444

0 -0.928889
9000 -0.040000
18000 -0.102222
27000 -0.075556
36000 -0.140000
45000 -0.033333
54000 -0.146667
63000 -0.044444
72000 -0.055556
81000 -0.115556

0 -0.897778
9000 -0.166667
18000 -0.048889
27000 0.033333
36000 -0.080000
45000 -0.002222
54000 -0.024444
63000 -0.064444
72000 0.042222
81000 -0.004444

0 -0.988889
9000 -0.097778
18000 -0.173333
27000 -0.126667
36000 -0.091111
45000 -0.037778
54000 0.020000
63000 -0.048889
72000 -0.040000
81000 -0.075556

0 -0.946667
9000 0.004444
18000 -0.028889
27000 -0.044444
36000 -0.006667
45000 -0.053333
54000 -0.066667
63000 -0.002222
72000 -0.068889
81000 -0.053333

0 -0.960000
9000 -0.033333
18000 0.033333
27000 -0.013333
36000 0.055556
45000 -0.006667
54000 0.077778
63000 -0.022222
72000 -0.033333
81000 0.080000

0 -0.915556
9000 0.006667
18000 -0.077778
27000 -0.028889
36000 0.057778
45000 -0.002222
54000 -0.031111
63000 -0.033333
72000 -0.075556
81000 -0.100000

0 -0.813333
9000 -0.093333
18000 -0.040000
27000 -0.044444
36000 -0.091111
45000 -0.120000
54000 -0.040000
63000 -0.060000
72000 0.006667
81000 -0.115556

0 -0.908889
9000 0.031111
18000 0.026667
27000 0.042222
36000 -0.075556
45000 -0.057778
54000 -0.088889
63000 -0.082222
72000 -0.040000
81000 -0.028889

0 -0.982222
9000 -0.033333
18000 -0.146667
27000 -0.051111
36000 -0.104444
45000 -0.100000
54000 -0.124444
63000 -0.106667
72000 -0.122222
81000 -0.002222

0 -0.988889
9000 -0.031111
18000 -0.006667
27000 -0.022222
36000 0.044444
45000 0.048889
54000 0.057778
63000 0.055556
72000 0.046667
81000 0.080000

0 -0.944444
9000 -0.040000
18000 0.035556
27000 -0.028889
36000 0.002222
45000 -0.004444
54000 -0.013333
63000 -0.068889
72000 0.024444
81000 0.031111

0 -0.984444
9000 -0.017778
18000 -0.108889
27000 -0.028889
36000 -0.064444
45000 -0.166667
54000 -0.111111
63000 -0.108889
72000 -0.071111
81000 -0.042222

0 -0.975556
9000 -0.024444
18000 -0.044444
27000 -0.128889
36000 -0.115556
45000 -0.035556
54000 -0.024444
63000 -0.044444
72000 -0.082222
81000 -0.120000

0 -0.831111
9000 0.002222
18000 -0.008889
27000 0.042222
36000 -0.024444
45000 0.080000
54000 -0.120000
63000 -0.126667
72000 -0.095556
81000 0.020000

0 -0.982222
9000 -0.024444
18000 -0.008889
27000 -0.120000
36000 -0.095556
45000 -0.015556
54000 -0.111111
63000 -0.133333
72000 -0.046667
81000 -0.086667

0 -0.942222
9000 -0.060000
18000 0.013333
27000 0.028889
36000 -0.095556
45000 -0.057778
54000 -0.077778
63000 -0.048889
72000 0.006667
81000 -0.080000

0 -0.911111
9000 0.004444
18000 -0.091111
27000 -0.106667
36000 -0.048889
45000 -0.115556
54000 -0.137778
63000 -0.064444
72000 -0.006667
81000 -0.075556

0 -0.928889
9000 -0.060000
18000 -0.077778
27000 0.004444
36000 -0.126667
45000 0.037778
54000 -0.026667
63000 0.020000
72000 0.077778
81000 -0.013333

0 -0.980000
9000 -0.073333
18000 -0.133333
27000 -0.124444
36000 -0.164444
45000 -0.080000
54000 -0.022222
63000 -0.086667
72000 -0.117778
81000 -0.051111

0 -0.968889
9000 -0.040000
18000 -0.057778
27000 -0.004444
36000 0.006667
45000 -0.051111
54000 -0.013333
63000 -0.037778
72000 0.037778
81000 -0.020000

0 -0.975556
9000 -0.122222
18000 -0.046667
27000 -0.075556
36000 -0.128889
45000 -0.104444
54000 -0.042222
63000 -0.051111
72000 -0.017778
81000 -0.155556

0 -0.788889
9000 0.048889
18000 0.057778
27000 0.060000
36000 -0.044444
45000 -0.026667
54000 -0.004444
63000 0.075556
72000 -0.048889
81000 -0.124444

0 -0.866667
9000 0.151111
18000 0.113333
27000 0.088889
36000 0.031111
45000 0.024444
54000 0.077778
63000 0.060000
72000 0.126667
81000 0.064444

0 -0.953333
9000 -0.002222
18000 -0.100000
27000 -0.108889
36000 -0.153333
45000 0.073333
54000 0.004444
63000 0.024444
72000 -0.033333
81000 0.013333

0 -0.991111
9000 -0.071111
18000 -0.068889
27000 -0.148889
36000 -0.091111
45000 -0.053333
54000 -0.017778
63000 -0.144444
72000 -0.144444
81000 -0.031111

0 -0.942222
9000 -0.120000
18000 -0.066667
27000 -0.082222
36000 -0.128889
45000 -0.095556
54000 -0.088889
63000 -0.017778
72000 -0.117778
81000 -0.066667

0 -0.955556
9000 -0.155556
18000 -0.131111
27000 0.008889
36000 -0.117778
45000 -0.073333
54000 -0.028889
63000 -0.046667
72000 -0.100000
81000 -0.051111

0 -0.951111
9000 0.151111
18000 0.066667
27000 0.037778
36000 0.006667
45000 0.028889
54000 0.068889
63000 0.091111
72000 -0.004444
81000 0.160000

0 -0.842222
9000 -0.113333
18000 -0.031111
27000 -0.186667
36000 -0.042222
45000 -0.108889
54000 -0.113333
63000 -0.091111
72000 -0.071111
81000 -0.117778

0 -0.882222
9000 0.013333
18000 0.042222
27000 -0.011111
36000 0.053333
45000 0.044444
54000 -0.024444
63000 0.055556
72000 0.020000
81000 -0.004444

0 -0.982222
9000 0.028889
18000 0.144444
27000 0.153333
36000 0.073333
45000 0.057778
54000 0.135556
63000 0.031111
72000 0.051111
81000 0.142222

0 -0.857778
9000 0.000000
18000 -0.115556
27000 0.062222
36000 0.020000
45000 -0.006667
54000 -0.055556
63000 0.106667
72000 0.046667
81000 0.037778

0 -0.957778
9000 -0.084444
18000 -0.088889
27000 -0.008889
36000 -0.046667
45000 -0.004444
54000 -0.022222
63000 -0.026667
72000 -0.006667
81000 -0.031111

0 -0.960000
9000 0.037778
18000 0.017778
27000 0.015556
36000 0.051111
45000 0.077778
54000 -0.006667
63000 0.042222
72000 -0.064444
81000 0.008889

0 -0.986667
9000 0.080000
18000 -0.022222
27000 0.088889
36000 0.033333
45000 0.075556
54000 0.144444
63000 0.062222
72000 0.060000
81000 0.037778

0 -0.955556
9000 -0.024444
18000 -0.017778
27000 0.102222
36000 0.068889
45000 -0.066667
54000 0.031111
63000 0.004444
72000 -0.115556
81000 0.017778

0 -0.966667
9000 -0.095556
18000 0.068889
27000 -0.055556
36000 0.037778
45000 -0.108889
54000 -0.044444
63000 -0.088889
72000 -0.046667
81000 0.055556

0 -0.937778
9000 -0.026667
18000 -0.073333
27000 0.084444
36000 -0.106667
45000 -0.064444
54000 -0.086667
63000 0.035556
72000 -0.011111
81000 0.095556

0 -0.902222
9000 -0.097778
18000 -0.106667
27000 0.115556
36000 0.008889
45000 0.084444
54000 0.008889
63000 0.002222
72000 0.062222
81000 -0.020000

0 -0.953333
9000 0.062222
18000 0.017778
27000 0.051111
36000 -0.108889
45000 0.111111
54000 0.048889
63000 -0.073333
72000 0.104444
81000 0.017778

0 -0.966667
9000 -0.071111
18000 -0.068889
27000 0.004444
36000 0.004444
45000 0.062222
54000 0.024444
63000 -0.173333
72000 0.011111
81000 -0.095556

0 -0.908889
9000 -0.120000
18000 0.100000
27000 0.053333
36000 0.055556
45000 0.031111
54000 -0.086667
63000 0.064444
72000 -0.011111
81000 -0.055556

0 -0.933333
9000 -0.044444
18000 -0.042222
27000 -0.088889
36000 -0.140000
45000 -0.137778
54000 0.046667
63000 -0.075556
72000 -0.095556
81000 -0.124444

0 -0.893333
9000 0.193333
18000 0.086667
27000 0.075556
36000 0.064444
45000 0.151111
54000 0.015556
63000 0.140000
72000 0.108889
81000 0.144444

0 -0.855556
9000 -0.160000
18000 -0.084444
27000 -0.048889
36000 0.002222
45000 -0.128889
54000 -0.006667
63000 -0.073333
72000 -0.031111
81000 -0.224444

0 -0.568889
9000 0.035556
18000 0.075556
27000 0.042222
36000 -0.066667
45000 -0.071111
54000 -0.146667
63000 -0.040000
72000 -0.022222
81000 0.097778

0 -0.842222
9000 -0.108889
18000 0.000000
27000 -0.088889
36000 -0.028889
45000 -0.082222
54000 -0.004444
63000 -0.106667
72000 -0.111111
81000 -0.071111

0 -0.940000
9000 0.082222
18000 -0.108889
27000 -0.104444
36000 0.131111
45000 0.008889
54000 -0.040000
63000 -0.004444
72000 0.051111
81000 -0.080000

0 -0.920000
9000 -0.137778
18000 -0.026667
27000 0.020000
36000 0.033333
45000 -0.080000
54000 -0.062222
63000 -0.017778
72000 -0.024444
81000 0.006667

0 -0.984444
9000 0.017778
18000 -0.053333
27000 -0.082222
36000 -0.024444
45000 -0.035556
54000 -0.057778
63000 -0.006667
72000 0.033333
81000 -0.088889

0 -0.866667
9000 -0.006667
18000 -0.037778
27000 -0.097778
36000 -0.062222
45000 -0.082222
54000 -0.068889
63000 -0.122222
72000 0.028889
81000 -0.060000

0 -0.960000
9000 -0.100000
18000 -0.042222
27000 -0.104444
36000 0.057778
45000 0.022222
54000 -0.013333
63000 -0.064444
72000 0.088889
81000 -0.048889

0 -0.966667
9000 -0.044444
18000 -0.020000
27000 -0.095556
36000 0.004444
45000 -0.062222
54000 -0.064444
63000 -0.117778
72000 -0.128889
81000 -0.035556

0 -0.984444
9000 -0.082222
18000 0.020000
27000 -0.146667
36000 -0.022222
45000 -0.111111
54000 -0.108889
63000 -0.082222
72000 -0.122222
81000 -0.008889

0 -0.984444
9000 -0.066667
18000 -0.020000
27000 -0.073333
36000 0.015556
45000 -0.115556
54000 0.051111
63000 0.060000
72000 -0.040000
81000 -0.117778

0 -0.877778
9000 0.022222
18000 0.046667
27000 0.126667
36000 0.082222
45000 0.006667
54000 -0.082222
63000 -0.042222
72000 -0.088889
81000 0.022222

