0 0.635000
4000 0.005000
8000 0.005000
12000 -0.050000
16000 -0.055000
20000 -0.080000
24000 -0.045000
28000 0.000000
32000 0.025000
36000 0.035000

0 -0.685000
4000 0.015000
8000 -0.060000
12000 -0.040000
16000 -0.020000
20000 0.070000
24000 0.085000
28000 0.040000
32000 -0.025000
36000 -0.020000

0 -0.630000
4000 -0.015000
8000 0.010000
12000 0.055000
16000 0.035000
20000 -0.025000
24000 0.045000
28000 -0.015000
32000 0.055000
36000 -0.020000

0 -0.670000
4000 0.035000
8000 -0.030000
12000 0.000000
16000 -0.130000
20000 -0.020000
24000 0.115000
28000 0.025000
32000 -0.015000
36000 0.055000

0 -0.625000
4000 0.045000
8000 -0.025000
12000 0.050000
16000 0.015000
20000 0.005000
24000 -0.015000
28000 0.065000
32000 -0.025000
36000 -0.065000

0 -0.500000
4000 0.015000
8000 0.105000
12000 -0.005000
16000 0.020000
20000 -0.025000
24000 -0.035000
28000 0.045000
32000 -0.050000
36000 0.040000

0 -0.645000
4000 -0.055000
8000 0.115000
12000 -0.035000
16000 0.005000
20000 -0.070000
24000 -0.005000
28000 -0.010000
32000 0.170000
36000 0.070000

0 -0.555000
4000 -0.040000
8000 0.000000
12000 -0.015000
16000 -0.065000
20000 -0.035000
24000 -0.025000
28000 0.005000
32000 0.010000
36000 0.070000

0 -0.610000
4000 -0.005000
8000 0.030000
12000 -0.045000
16000 -0.080000
20000 -0.080000
24000 -0.020000
28000 0.030000
32000 -0.060000
36000 -0.060000

0 -0.575000
4000 -0.015000
8000 0.005000
12000 -0.070000
16000 -0.010000
20000 -0.045000
24000 -0.005000
28000 0.055000
32000 -0.010000
36000 0.065000

0 -0.585000
4000 -0.125000
8000 -0.045000
12000 -0.055000
16000 0.020000
20000 0.035000
24000 -0.095000
28000 -0.035000
32000 0.005000
36000 -0.005000

0 -0.660000
4000 0.005000
8000 0.010000
12000 0.000000
16000 0.080000
20000 0.015000
24000 0.075000
28000 -0.050000
32000 -0.045000
36000 0.035000

0 -0.595000
4000 0.020000
8000 -0.080000
12000 -0.085000
16000 -0.045000
20000 0.000000
24000 0.025000
28000 -0.040000
32000 -0.060000
36000 0.020000

0 -0.630000
4000 0.060000
8000 0.060000
12000 0.050000
16000 -0.030000
20000 0.000000
24000 0.035000
28000 0.005000
32000 -0.070000
36000 0.045000

0 -0.545000
4000 0.020000
8000 -0.060000
12000 0.045000
16000 -0.035000
20000 -0.040000
24000 0.045000
28000 -0.065000
32000 -0.085000
36000 0.080000

0 -0.615000
4000 -0.030000
8000 -0.005000
12000 -0.015000
16000 -0.025000
20000 -0.055000
24000 0.080000
28000 0.010000
32000 -0.045000
36000 0.005000

0 -0.665000
4000 0.030000
8000 0.015000
12000 -0.025000
16000 0.050000
20000 0.010000
24000 0.050000
28000 0.015000
32000 -0.010000
36000 -0.020000

0 -0.685000
4000 0.025000
8000 0.015000
12000 0.025000
16000 -0.025000
20000 -0.030000
24000 -0.030000
28000 0.045000
32000 0.000000
36000 0.030000

0 -0.530000
4000 0.020000
8000 -0.020000
12000 -0.025000
16000 -0.025000
20000 -0.015000
24000 0.015000
28000 -0.095000
32000 0.000000
36000 -0.025000

0 -0.555000
4000 -0.070000
8000 -0.020000
12000 0.075000
16000 -0.075000
20000 0.020000
24000 0.085000
28000 -0.030000
32000 -0.035000
36000 0.045000

0 -0.630000
4000 0.095000
8000 0.005000
12000 0.020000
16000 -0.045000
20000 -0.015000
24000 0.070000
28000 0.055000
32000 0.110000
36000 0.030000

0 -0.570000
4000 0.085000
8000 -0.030000
12000 0.000000
16000 0.010000
20000 0.000000
24000 -0.010000
28000 -0.075000
32000 -0.025000
36000 -0.030000

0 -0.650000
4000 -0.025000
8000 0.060000
12000 0.045000
16000 0.075000
20000 -0.060000
24000 0.075000
28000 0.120000
32000 0.020000
36000 0.000000

0 -0.665000
4000 0.030000
8000 0.020000
12000 -0.020000
16000 -0.085000
20000 0.015000
24000 0.005000
28000 -0.040000
32000 -0.035000
36000 -0.110000

0 -0.480000
4000 0.050000
8000 0.030000
12000 -0.050000
16000 -0.055000
20000 0.025000
24000 -0.030000
28000 -0.095000
32000 -0.080000
36000 0.005000

0 -0.690000
4000 -0.070000
8000 0.020000
12000 0.020000
16000 0.005000
20000 -0.085000
24000 -0.030000
28000 0.070000
32000 0.065000
36000 0.005000

0 -0.655000
4000 -0.015000
8000 -0.115000
12000 -0.040000
16000 -0.045000
20000 -0.060000
24000 -0.045000
28000 -0.005000
32000 0.065000
36000 -0.125000

0 -0.535000
4000 0.045000
8000 -0.095000
12000 -0.065000
16000 -0.040000
20000 0.050000
24000 -0.080000
28000 0.030000
32000 -0.005000
36000 -0.120000

0 -0.605000
4000 0.005000
8000 0.080000
12000 0.030000
16000 -0.065000
20000 -0.055000
24000 0.015000
28000 0.020000
32000 0.010000
36000 0.025000

0 -0.630000
4000 0.035000
8000 -0.015000
12000 -0.005000
16000 -0.020000
20000 -0.030000
24000 0.085000
28000 -0.020000
32000 -0.045000
36000 0.035000

0 -0.605000
4000 -0.055000
8000 -0.050000
12000 -0.090000
16000 -0.015000
20000 -0.045000
24000 -0.085000
28000 -0.080000
32000 0.000000
36000 -0.075000

0 -0.575000
4000 -0.015000
8000 -0.015000
12000 0.040000
16000 -0.050000
20000 0.000000
24000 -0.055000
28000 -0.065000
32000 -0.085000
36000 -0.085000

0 -0.495000
4000 -0.070000
8000 -0.025000
12000 0.040000
16000 -0.060000
20000 0.000000
24000 0.145000
28000 0.015000
32000 -0.070000
36000 -0.005000

0 -0.665000
4000 0.035000
8000 -0.005000
12000 0.010000
16000 0.160000
20000 0.005000
24000 -0.050000
28000 0.035000
32000 -0.035000
36000 0.065000

0 -0.565000
4000 0.000000
8000 0.065000
12000 0.080000
16000 -0.045000
20000 0.010000
24000 -0.020000
28000 0.000000
32000 -0.030000
36000 0.025000

0 -0.635000
4000 -0.005000
8000 0.070000
12000 -0.020000
16000 0.025000
20000 -0.015000
24000 0.070000
28000 -0.015000
32000 -0.040000
36000 0.045000

0 -0.650000
4000 -0.015000
8000 -0.040000
12000 0.060000
16000 -0.080000
20000 0.060000
24000 -0.040000
28000 0.045000
32000 -0.020000
36000 -0.075000

0 -0.630000
4000 0.010000
8000 -0.025000
12000 0.110000
16000 -0.050000
20000 0.000000
24000 -0.045000
28000 0.020000
32000 -0.085000
36000 0.010000

0 -0.715000
4000 0.030000
8000 -0.125000
12000 0.020000
16000 -0.070000
20000 0.000000
24000 -0.040000
28000 -0.055000
32000 -0.015000
36000 0.075000

0 -0.630000
4000 -0.010000
8000 0.010000
12000 0.040000
16000 0.090000
20000 -0.010000
24000 0.025000
28000 0.100000
32000 0.005000
36000 0.055000

0 -0.575000
4000 0.000000
8000 -0.015000
12000 -0.025000
16000 0.035000
20000 -0.075000
24000 0.000000
28000 0.105000
32000 -0.035000
36000 0.090000

0 -0.595000
4000 -0.080000
8000 -0.075000
12000 -0.020000
16000 -0.070000
20000 -0.030000
24000 0.035000
28000 -0.040000
32000 0.020000
36000 0.015000

0 -0.650000
4000 -0.100000
8000 0.065000
12000 -0.045000
16000 0.005000
20000 -0.005000
24000 -0.085000
28000 0.040000
32000 0.015000
36000 0.035000

0 -0.625000
4000 0.045000
8000 0.060000
12000 -0.010000
16000 0.080000
20000 0.020000
24000 0.010000
28000 0.095000
32000 -0.080000
36000 0.010000

0 -0.730000
4000 -0.020000
8000 -0.005000
12000 0.030000
16000 0.035000
20000 -0.040000
24000 0.055000
28000 -0.080000
32000 0.015000
36000 -0.155000

0 -0.550000
4000 0.070000
8000 -0.120000
12000 0.030000
16000 0.010000
20000 0.000000
24000 0.000000
28000 0.020000
32000 -0.070000
36000 -0.045000

0 -0.620000
4000 -0.065000
8000 -0.060000
12000 -0.005000
16000 0.005000
20000 -0.070000
24000 0.050000
28000 -0.060000
32000 -0.020000
36000 0.000000

0 -0.720000
4000 -0.030000
8000 -0.120000
12000 -0.090000
16000 0.005000
20000 0.005000
24000 0.030000
28000 0.010000
32000 0.020000
36000 0.005000

0 -0.660000
4000 0.005000
8000 -0.060000
12000 0.015000
16000 0.135000
20000 0.040000
24000 -0.020000
28000 0.050000
32000 -0.085000
36000 -0.010000

0 -0.585000
4000 -0.015000
8000 -0.040000
12000 0.025000
16000 -0.015000
20000 -0.010000
24000 -0.140000
28000 0.005000
32000 -0.090000
36000 -0.125000

0 -0.590000
4000 0.015000
8000 -0.115000
12000 0.080000
16000 0.055000
20000 -0.010000
24000 -0.015000
28000 0.080000
32000 -0.035000
36000 -0.030000

0 -0.735000
4000 -0.015000
8000 -0.040000
12000 0.045000
16000 -0.030000
20000 -0.070000
24000 0.050000
28000 -0.080000
32000 -0.045000
36000 -0.025000

0 -0.635000
4000 0.045000
8000 0.005000
12000 0.000000
16000 -0.015000
20000 0.045000
24000 -0.050000
28000 -0.080000
32000 -0.025000
36000 -0.020000

0 -0.595000
4000 -0.080000
8000 0.015000
12000 0.055000
16000 -0.015000
20000 -0.065000
24000 -0.080000
28000 0.030000
32000 0.065000
36000 0.000000

0 -0.600000
4000 -0.035000
8000 0.020000
12000 -0.050000
16000 0.025000
20000 -0.050000
24000 -0.005000
28000 0.025000
32000 0.035000
36000 -0.005000

0 -0.695000
4000 0.085000
8000 0.000000
12000 -0.060000
16000 -0.015000
20000 -0.105000
24000 0.120000
28000 0.045000
32000 0.020000
36000 0.045000

0 -0.595000
4000 0.035000
8000 0.070000
12000 -0.030000
16000 0.045000
20000 0.010000
24000 -0.020000
28000 -0.080000
32000 -0.005000
36000 0.070000

0 -0.645000
4000 0.000000
8000 -0.060000
12000 0.015000
16000 -0.055000
20000 0.015000
24000 -0.070000
28000 -0.045000
32000 0.125000
36000 0.025000

0 -0.635000
4000 0.020000
8000 -0.045000
12000 0.120000
16000 -0.010000
20000 0.010000
24000 -0.130000
28000 -0.020000
32000 0.015000
36000 -0.010000

0 -0.720000
4000 0.020000
8000 -0.055000
12000 -0.025000
16000 0.030000
20000 -0.035000
24000 0.010000
28000 -0.015000
32000 0.010000
36000 -0.020000

0 -0.685000
4000 0.060000
8000 -0.055000
12000 -0.065000
16000 0.090000
20000 -0.045000
24000 -0.040000
28000 0.015000
32000 -0.035000
36000 -0.010000

0 -0.650000
4000 -0.095000
8000 0.010000
12000 0.020000
16000 -0.020000
20000 0.015000
24000 -0.020000
28000 -0.105000
32000 -0.090000
36000 -0.010000

0 -0.745000
4000 -0.070000
8000 0.000000
12000 0.030000
16000 0.020000
20000 -0.030000
24000 0.010000
28000 -0.050000
32000 -0.105000
36000 0.005000

0 -0.615000
4000 -0.045000
8000 -0.010000
12000 0.010000
16000 -0.040000
20000 0.000000
24000 0.015000
28000 -0.020000
32000 0.055000
36000 0.075000

0 -0.625000
4000 -0.085000
8000 -0.025000
12000 -0.005000
16000 0.055000
20000 0.000000
24000 0.005000
28000 0.085000
32000 -0.025000
36000 -0.055000

0 -0.655000
4000 0.005000
8000 -0.035000
12000 0.060000
16000 -0.005000
20000 -0.055000
24000 -0.025000
28000 -0.075000
32000 -0.025000
36000 0.060000

0 -0.645000
4000 0.040000
8000 0.025000
12000 0.020000
16000 0.035000
20000 -0.030000
24000 -0.030000
28000 -0.020000
32000 -0.010000
36000 0.030000

0 -0.585000
4000 0.045000
8000 -0.040000
12000 -0.040000
16000 -0.045000
20000 -0.030000
24000 -0.165000
28000 0.005000
32000 0.065000
36000 0.025000

0 -0.680000
4000 0.015000
8000 0.030000
12000 -0.005000
16000 0.030000
20000 0.060000
24000 0.030000
28000 0.025000
32000 -0.005000
36000 0.065000

0 -0.615000
4000 -0.030000
8000 -0.005000
12000 -0.010000
16000 0.040000
20000 -0.065000
24000 0.040000
28000 -0.025000
32000 0.065000
36000 0.015000

0 -0.675000
4000 -0.040000
8000 0.070000
12000 -0.120000
16000 -0.005000
20000 0.015000
24000 -0.065000
28000 0.015000
32000 0.025000
36000 -0.070000

0 -0.580000
4000 -0.005000
8000 0.000000
12000 -0.085000
16000 0.015000
20000 -0.005000
24000 -0.005000
28000 -0.150000
32000 0.070000
36000 -0.065000

0 -0.650000
4000 0.035000
8000 0.010000
12000 0.060000
16000 0.075000
20000 -0.020000
24000 -0.015000
28000 -0.005000
32000 -0.035000
36000 -0.070000

0 -0.585000
4000 0.035000
8000 -0.015000
12000 -0.020000
16000 0.020000
20000 -0.020000
24000 0.035000
28000 -0.015000
32000 -0.005000
36000 -0.035000

0 -0.695000
4000 -0.020000
8000 -0.020000
12000 -0.015000
16000 0.025000
20000 0.015000
24000 -0.075000
28000 -0.050000
32000 -0.020000
36000 0.000000

0 -0.720000
4000 0.065000
8000 -0.050000
12000 -0.060000
16000 -0.030000
20000 -0.015000
24000 0.005000
28000 0.070000
32000 0.010000
36000 -0.060000

0 -0.655000
4000 -0.030000
8000 -0.085000
12000 0.065000
16000 0.040000
20000 0.040000
24000 0.015000
28000 0.065000
32000 0.035000
36000 0.090000

0 -0.600000
4000 -0.085000
8000 -0.025000
12000 0.020000
16000 -0.070000
20000 -0.050000
24000 0.020000
28000 0.055000
32000 0.090000
36000 -0.055000

0 -0.625000
4000 -0.025000
8000 -0.010000
12000 -0.040000
16000 0.020000
20000 -0.095000
24000 -0.040000
28000 0.055000
32000 -0.015000
36000 -0.040000

0 -0.645000
4000 -0.020000
8000 -0.090000
12000 -0.040000
16000 -0.050000
20000 -0.020000
24000 0.010000
28000 -0.025000
32000 -0.040000
36000 0.050000

0 -0.680000
4000 0.060000
8000 0.035000
12000 0.020000
16000 -0.050000
20000 0.090000
24000 -0.015000
28000 0.010000
32000 -0.005000
36000 -0.080000

0 -0.655000
4000 0.005000
8000 0.020000
12000 -0.060000
16000 -0.090000
20000 -0.005000
24000 0.095000
28000 0.060000
32000 -0.010000
36000 -0.055000

0 -0.620000
4000 0.025000
8000 -0.055000
12000 -0.060000
16000 0.015000
20000 -0.040000
24000 -0.075000
28000 -0.060000
32000 0.000000
36000 -0.110000

0 -0.590000
4000 0.015000
8000 -0.020000
12000 -0.015000
16000 -0.035000
20000 -0.075000
24000 0.085000
28000 0.090000
32000 -0.025000
36000 0.060000

0 -0.650000
4000 0.025000
8000 0.010000
12000 -0.015000
16000 -0.025000
20000 0.000000
24000 -0.010000
28000 -0.050000
32000 0.015000
36000 -0.015000

0 -0.705000
4000 -0.060000
8000 -0.040000
12000 -0.030000
16000 -0.020000
20000 -0.070000
24000 -0.010000
28000 -0.085000
32000 -0.025000
36000 -0.030000

0 -0.650000
4000 0.050000
8000 0.030000
12000 -0.060000
16000 0.005000
20000 -0.105000
24000 -0.020000
28000 0.055000
32000 -0.045000
36000 0.000000

0 -0.680000
4000 -0.090000
8000 0.060000
12000 -0.085000
16000 0.030000
20000 0.045000
24000 0.085000
28000 0.045000
32000 0.030000
36000 -0.045000

0 -0.660000
4000 -0.025000
8000 0.035000
12000 -0.040000
16000 0.000000
20000 -0.010000
24000 0.000000
28000 -0.115000
32000 0.000000
36000 0.080000

0 -0.500000
4000 0.005000
8000 0.045000
12000 0.040000
16000 -0.100000
20000 0.005000
24000 0.020000
28000 -0.090000
32000 -0.070000
36000 0.000000

0 -0.730000
4000 0.005000
8000 -0.105000
12000 -0.050000
16000 0.000000
20000 -0.065000
24000 -0.050000
28000 0.000000
32000 -0.045000
36000 0.015000

0 -0.720000
4000 0.010000
8000 0.030000
12000 -0.050000
16000 -0.020000
20000 -0.085000
24000 -0.040000
28000 -0.030000
32000 0.115000
36000 -0.005000

0 -0.665000
4000 -0.020000
8000 -0.080000
12000 -0.025000
16000 -0.065000
20000 -0.010000
24000 -0.005000
28000 0.000000
32000 0.035000
36000 -0.035000

0 -0.700000
4000 0.035000
8000 -0.050000
12000 0.030000
16000 -0.040000
20000 -0.020000
24000 0.025000
28000 -0.005000
32000 -0.010000
36000 -0.005000

0 -0.680000
4000 0.105000
8000 -0.050000
12000 0.035000
16000 -0.025000
20000 0.050000
24000 0.015000
28000 -0.020000
32000 -0.025000
36000 0.050000

0 -0.675000
4000 -0.085000
8000 0.040000
12000 0.045000
16000 0.005000
20000 0.015000
24000 -0.015000
28000 0.060000
32000 0.020000
36000 -0.010000

0 -0.745000
4000 -0.085000
8000 0.015000
12000 0.015000
16000 0.065000
20000 0.000000
24000 -0.020000
28000 -0.040000
32000 0.000000
36000 0.005000

0 -0.715000
4000 0.030000
8000 -0.070000
12000 -0.025000
16000 0.000000
20000 0.010000
24000 -0.040000
28000 0.000000
32000 -0.055000
36000 -0.020000

0 -0.655000
4000 -0.055000
8000 -0.080000
12000 -0.030000
16000 -0.080000
20000 -0.100000
24000 -0.080000
28000 0.050000
32000 -0.030000
36000 -0.010000

0 -0.680000
4000 0.030000
8000 0.000000
12000 0.080000
16000 -0.030000
20000 0.010000
24000 0.060000
28000 -0.010000
32000 -0.015000
36000 0.045000

0 -0.710000
4000 -0.045000
8000 -0.020000
12000 -0.025000
16000 -0.030000
20000 -0.020000
24000 0.060000
28000 0.090000
32000 0.070000
36000 -0.030000

0 -0.650000
4000 0.015000
8000 -0.030000
12000 0.035000
16000 -0.035000
20000 -0.080000
24000 -0.090000
28000 0.050000
32000 -0.030000
36000 -0.005000

0 -0.695000
4000 -0.035000
8000 0.050000
12000 0.000000
16000 0.015000
20000 -0.045000
24000 0.060000
28000 -0.080000
32000 -0.015000
36000 0.030000

0 -0.605000
4000 -0.005000
8000 -0.015000
12000 0.005000
16000 -0.060000
20000 -0.005000
24000 0.035000
28000 0.035000
32000 0.025000
36000 0.095000

0 -0.555000
4000 -0.080000
8000 -0.025000
12000 -0.055000
16000 -0.010000
20000 -0.045000
24000 -0.020000
28000 -0.030000
32000 -0.005000
36000 -0.005000

0 -0.685000
4000 -0.010000
8000 0.020000
12000 -0.100000
16000 0.025000
20000 -0.095000
24000 -0.030000
28000 0.010000
32000 0.030000
36000 0.085000

0 -0.565000
4000 0.015000
8000 0.025000
12000 0.065000
16000 0.030000
20000 0.070000
24000 -0.105000
28000 -0.075000
32000 0.085000
36000 -0.065000

0 -0.675000
4000 0.000000
8000 -0.050000
12000 0.045000
16000 0.020000
20000 -0.030000
24000 -0.090000
28000 0.040000
32000 0.055000
36000 -0.035000

0 -0.605000
4000 -0.010000
8000 0.015000
12000 0.025000
16000 0.025000
20000 0.015000
24000 -0.030000
28000 -0.055000
32000 0.075000
36000 0.060000

0 -0.665000
4000 0.005000
8000 -0.030000
12000 -0.060000
16000 0.005000
20000 0.045000
24000 0.055000
28000 0.070000
32000 0.000000
36000 0.020000

0 -0.670000
4000 0.000000
8000 0.010000
12000 0.000000
16000 0.050000
20000 -0.010000
24000 -0.010000
28000 -0.020000
32000 0.015000
36000 0.015000

0 -0.690000
4000 -0.015000
8000 -0.070000
12000 -0.065000
16000 0.005000
20000 0.025000
24000 -0.040000
28000 -0.005000
32000 -0.020000
36000 -0.035000

0 -0.645000
4000 0.035000
8000 0.005000
12000 -0.005000
16000 -0.060000
20000 0.095000
24000 0.010000
28000 -0.015000
32000 0.110000
36000 0.065000

0 -0.640000
4000 0.015000
8000 0.050000
12000 -0.040000
16000 0.000000
20000 0.020000
24000 0.015000
28000 0.000000
32000 -0.045000
36000 0.010000

0 -0.690000
4000 0.015000
8000 -0.005000
12000 -0.015000
16000 0.015000
20000 0.060000
24000 0.000000
28000 -0.045000
32000 -0.010000
36000 -0.040000

0 -0.695000
4000 0.010000
8000 0.000000
12000 -0.060000
16000 -0.020000
20000 -0.040000
24000 0.045000
28000 -0.005000
32000 -0.030000
36000 -0.040000

0 -0.570000
4000 -0.025000
8000 0.045000
12000 -0.005000
16000 -0.010000
20000 -0.045000
24000 0.015000
28000 -0.010000
32000 0.070000
36000 -0.010000

0 -0.660000
4000 0.030000
8000 0.030000
12000 -0.005000
16000 -0.085000
20000 -0.020000
24000 0.020000
28000 0.015000
32000 -0.015000
36000 0.005000

0 -0.710000
4000 -0.005000
8000 0.015000
12000 -0.040000
16000 0.005000
20000 -0.020000
24000 0.055000
28000 -0.025000
32000 -0.015000
36000 -0.015000

0 -0.690000
4000 -0.065000
8000 0.085000
12000 0.055000
16000 -0.045000
20000 -0.095000
24000 0.020000
28000 0.050000
32000 0.110000
36000 0.005000

0 -0.680000
4000 0.005000
8000 0.015000
12000 -0.075000
16000 -0.030000
20000 0.000000
24000 -0.010000
28000 0.035000
32000 -0.005000
36000 0.010000

0 -0.690000
4000 -0.030000
8000 -0.080000
12000 -0.050000
16000 -0.020000
20000 0.025000
24000 0.005000
28000 -0.090000
32000 -0.075000
36000 -0.025000

0 -0.640000
4000 0.060000
8000 0.015000
12000 0.030000
16000 0.000000
20000 -0.060000
24000 0.015000
28000 0.035000
32000 -0.050000
36000 -0.060000

0 -0.655000
4000 -0.035000
8000 -0.010000
12000 -0.060000
16000 -0.080000
20000 -0.010000
24000 0.055000
28000 -0.010000
32000 0.010000
36000 -0.045000

0 -0.690000
4000 0.000000
8000 -0.095000
12000 0.010000
16000 0.020000
20000 0.035000
24000 -0.025000
28000 0.005000
32000 0.015000
36000 -0.030000

0 -0.685000
4000 0.030000
8000 -0.015000
12000 -0.075000
16000 -0.040000
20000 -0.040000
24000 0.065000
28000 -0.015000
32000 0.030000
36000 0.010000

0 -0.660000
4000 0.060000
8000 0.025000
12000 -0.030000
16000 -0.025000
20000 0.065000
24000 -0.035000
28000 0.055000
32000 0.055000
36000 -0.055000

0 -0.620000
4000 0.120000
8000 0.065000
12000 0.035000
16000 -0.010000
20000 -0.030000
24000 0.000000
28000 0.000000
32000 0.040000
36000 -0.100000

0 -0.620000
4000 -0.035000
8000 -0.010000
12000 -0.015000
16000 0.045000
20000 -0.035000
24000 0.020000
28000 0.055000
32000 -0.060000
36000 0.030000

0 -0.640000
4000 0.010000
8000 0.025000
12000 -0.025000
16000 -0.025000
20000 0.055000
24000 -0.055000
28000 0.025000
32000 0.065000
36000 0.035000

0 -0.660000
4000 -0.010000
8000 -0.030000
12000 -0.015000
16000 0.025000
20000 0.020000
24000 0.005000
28000 0.025000
32000 -0.045000
36000 0.050000

0 -0.605000
4000 0.020000
8000 0.065000
12000 0.075000
16000 -0.050000
20000 0.050000
24000 -0.030000
28000 0.005000
32000 0.020000
36000 -0.040000

0 -0.700000
4000 -0.035000
8000 -0.005000
12000 -0.045000
16000 -0.090000
20000 0.035000
24000 0.060000
28000 0.000000
32000 0.035000
36000 0.065000

0 -0.645000
4000 -0.045000
8000 0.000000
12000 -0.040000
16000 -0.100000
20000 -0.015000
24000 0.000000
28000 -0.030000
32000 -0.015000
36000 0.020000

0 -0.710000
4000 0.005000
8000 0.085000
12000 0.100000
16000 0.020000
20000 -0.080000
24000 -0.010000
28000 -0.050000
32000 0.015000
36000 -0.045000

0 -0.665000
4000 -0.040000
8000 0.010000
12000 0.035000
16000 -0.055000
20000 -0.025000
24000 -0.070000
28000 0.010000
32000 0.040000
36000 -0.050000

0 -0.635000
4000 -0.025000
8000 0.020000
12000 0.045000
16000 0.010000
20000 -0.075000
24000 0.035000
28000 0.040000
32000 -0.025000
36000 0.015000

0 -0.640000
4000 -0.005000
8000 0.020000
12000 -0.035000
16000 0.005000
20000 0.015000
24000 -0.005000
28000 0.055000
32000 -0.040000
36000 -0.050000

0 -0.645000
4000 -0.005000
8000 -0.075000
12000 -0.020000
16000 -0.020000
20000 0.150000
24000 0.015000
28000 -0.030000
32000 0.000000
36000 0.015000

0 -0.640000
4000 -0.060000
8000 -0.045000
12000 -0.055000
16000 0.085000
20000 0.030000
24000 0.090000
28000 -0.075000
32000 -0.055000
36000 -0.035000

0 -0.690000
4000 -0.065000
8000 -0.005000
12000 -0.040000
16000 -0.035000
20000 -0.025000
24000 0.035000
28000 -0.085000
32000 0.020000
36000 -0.020000

0 -0.685000
4000 0.010000
8000 -0.025000
12000 0.030000
16000 0.040000
20000 0.030000
24000 -0.020000
28000 0.020000
32000 0.080000
36000 0.085000

0 -0.620000
4000 -0.010000
8000 0.105000
12000 0.030000
16000 0.005000
20000 -0.030000
24000 -0.020000
28000 0.040000
32000 -0.030000
36000 -0.050000

0 -0.685000
4000 -0.035000
8000 0.005000
12000 0.000000
16000 -0.030000
20000 -0.010000
24000 -0.055000
28000 -0.100000
32000 0.025000
36000 0.065000

0 -0.630000
4000 0.025000
8000 0.000000
12000 0.015000
16000 -0.025000
20000 -0.005000
24000 0.005000
28000 -0.025000
32000 -0.080000
36000 0.010000

0 -0.680000
4000 0.105000
8000 0.000000
12000 0.055000
16000 -0.045000
20000 0.150000
24000 0.050000
28000 -0.045000
32000 0.055000
36000 -0.005000

0 -0.620000
4000 0.090000
8000 0.000000
12000 -0.040000
16000 -0.075000
20000 0.000000
24000 -0.045000
28000 0.010000
32000 -0.100000
36000 0.025000

0 -0.760000
4000 0.000000
8000 -0.030000
12000 -0.120000
16000 -0.030000
20000 0.100000
24000 0.010000
28000 0.035000
32000 0.005000
36000 -0.055000

0 -0.650000
4000 -0.010000
8000 0.055000
12000 0.020000
16000 0.050000
20000 -0.005000
24000 -0.080000
28000 0.045000
32000 0.015000
36000 0.040000

0 -0.690000
4000 0.020000
8000 0.000000
12000 0.055000
16000 -0.035000
20000 0.030000
24000 -0.005000
28000 -0.005000
32000 0.030000
36000 0.025000

0 -0.725000
4000 0.005000
8000 -0.020000
12000 0.120000
16000 0.000000
20000 -0.065000
24000 0.045000
28000 0.010000
32000 -0.030000
36000 -0.025000

0 -0.710000
4000 -0.035000
8000 -0.035000
12000 0.065000
16000 -0.070000
20000 0.020000
24000 -0.045000
28000 0.000000
32000 -0.080000
36000 -0.015000

0 -0.715000
4000 -0.020000
8000 0.010000
12000 -0.030000
16000 -0.025000
20000 -0.080000
24000 0.000000
28000 -0.025000
32000 0.005000
36000 0.030000

0 -0.750000
4000 0.020000
8000 -0.010000
12000 0.045000
16000 0.045000
20000 0.055000
24000 -0.040000
28000 -0.085000
32000 -0.025000
36000 -0.010000

0 -0.680000
4000 0.025000
8000 0.020000
12000 0.055000
16000 0.030000
20000 0.050000
24000 0.035000
28000 -0.015000
32000 0.015000
36000 0.040000

0 -0.660000
4000 -0.010000
8000 -0.030000
12000 0.025000
16000 0.020000
20000 -0.020000
24000 -0.085000
28000 -0.015000
32000 0.060000
36000 -0.040000

0 -0.770000
4000 -0.010000
8000 -0.080000
12000 0.000000
16000 0.015000
20000 -0.095000
24000 -0.025000
28000 -0.015000
32000 0.015000
36000 -0.040000

0 -0.665000
4000 0.035000
8000 0.035000
12000 -0.020000
16000 -0.055000
20000 0.000000
24000 -0.085000
28000 0.045000
32000 -0.025000
36000 -0.030000

0 -0.670000
4000 -0.060000
8000 -0.010000
12000 -0.040000
16000 0.060000
20000 -0.020000
24000 0.035000
28000 0.030000
32000 0.055000
36000 -0.025000

0 -0.710000
4000 0.055000
8000 0.005000
12000 0.000000
16000 0.035000
20000 -0.010000
24000 0.030000
28000 0.080000
32000 0.020000
36000 -0.025000

0 -0.640000
4000 0.015000
8000 0.010000
12000 -0.115000
16000 0.085000
20000 0.005000
24000 0.000000
28000 -0.060000
32000 -0.085000
36000 -0.035000

0 -0.665000
4000 0.030000
8000 0.045000
12000 0.025000
16000 0.030000
20000 0.055000
24000 -0.015000
28000 -0.075000
32000 -0.025000
36000 -0.020000

0 -0.685000
4000 0.000000
8000 0.000000
12000 0.045000
16000 -0.050000
20000 0.035000
24000 0.020000
28000 -0.040000
32000 0.035000
36000 0.010000

0 -0.695000
4000 0.080000
8000 0.030000
12000 -0.045000
16000 -0.070000
20000 -0.020000
24000 -0.050000
28000 -0.020000
32000 -0.025000
36000 0.065000

0 -0.610000
4000 0.045000
8000 -0.030000
12000 -0.030000
16000 -0.055000
20000 0.010000
24000 -0.040000
28000 0.065000
32000 0.005000
36000 -0.070000

0 -0.595000
4000 0.090000
8000 -0.015000
12000 -0.050000
16000 -0.010000
20000 0.000000
24000 -0.020000
28000 0.000000
32000 0.065000
36000 0.060000

0 -0.670000
4000 -0.015000
8000 -0.040000
12000 0.065000
16000 0.165000
20000 -0.030000
24000 -0.040000
28000 0.065000
32000 -0.015000
36000 0.055000

0 -0.680000
4000 -0.010000
8000 0.010000
12000 -0.070000
16000 -0.075000
20000 0.035000
24000 -0.015000
28000 -0.110000
32000 -0.015000
36000 -0.005000

0 -0.720000
4000 -0.060000
8000 0.045000
12000 -0.100000
16000 0.025000
20000 0.055000
24000 0.060000
28000 0.075000
32000 -0.030000
36000 -0.045000

0 -0.655000
4000 0.040000
8000 -0.055000
12000 -0.005000
16000 0.070000
20000 0.045000
24000 -0.025000
28000 0.025000
32000 0.060000
36000 0.015000

0 -0.715000
4000 -0.010000
8000 0.055000
12000 0.030000
16000 0.090000
20000 0.025000
24000 0.045000
28000 -0.005000
32000 -0.060000
36000 -0.005000

0 -0.710000
4000 0.115000
8000 -0.080000
12000 -0.025000
16000 0.000000
20000 -0.055000
24000 -0.020000
28000 -0.015000
32000 -0.020000
36000 0.010000

0 -0.660000
4000 0.015000
8000 -0.020000
12000 0.030000
16000 -0.060000
20000 0.000000
24000 0.065000
28000 -0.015000
32000 0.050000
36000 -0.025000

0 -0.630000
4000 -0.080000
8000 0.025000
12000 0.050000
16000 -0.020000
20000 0.060000
24000 0.005000
28000 0.025000
32000 -0.070000
36000 -0.010000

0 -0.665000
4000 0.005000
8000 0.015000
12000 -0.035000
16000 -0.065000
20000 0.100000
24000 0.010000
28000 0.035000
32000 0.030000
36000 0.035000

0 -0.705000
4000 -0.025000
8000 0.095000
12000 0.050000
16000 -0.005000
20000 -0.065000
24000 -0.035000
28000 -0.030000
32000 0.035000
36000 0.000000

0 -0.645000
4000 0.080000
8000 -0.050000
12000 0.040000
16000 0.060000
20000 -0.025000
24000 -0.080000
28000 0.015000
32000 0.090000
36000 -0.035000

0 -0.690000
4000 -0.020000
8000 0.005000
12000 -0.040000
16000 -0.015000
20000 0.065000
24000 -0.030000
28000 -0.005000
32000 0.085000
36000 -0.035000

0 -0.640000
4000 0.015000
8000 -0.065000
12000 -0.010000
16000 -0.040000
20000 0.010000
24000 0.020000
28000 0.035000
32000 0.070000
36000 0.065000

0 -0.575000
4000 0.020000
8000 -0.065000
12000 0.070000
16000 -0.035000
20000 0.055000
24000 -0.065000
28000 0.005000
32000 0.020000
36000 0.070000

0 -0.685000
4000 0.055000
8000 0.010000
12000 -0.105000
16000 -0.085000
20000 0.005000
24000 0.005000
28000 -0.030000
32000 -0.005000
36000 -0.030000

0 -0.660000
4000 -0.005000
8000 -0.070000
12000 -0.005000
16000 0.040000
20000 0.010000
24000 0.120000
28000 -0.015000
32000 0.070000
36000 -0.035000

0 -0.705000
4000 -0.010000
8000 0.050000
12000 -0.020000
16000 0.005000
20000 0.020000
24000 0.060000
28000 0.030000
32000 -0.040000
36000 -0.005000

0 -0.780000
4000 0.005000
8000 -0.050000
12000 -0.030000
16000 -0.045000
20000 -0.065000
24000 -0.035000
28000 -0.015000
32000 -0.005000
36000 0.005000

0 -0.690000
4000 0.020000
8000 -0.095000
12000 -0.030000
16000 0.050000
20000 -0.040000
24000 -0.010000
28000 0.000000
32000 0.045000
36000 -0.025000

0 -0.670000
4000 0.065000
8000 0.035000
12000 -0.005000
16000 0.060000
20000 -0.020000
24000 0.075000
28000 0.055000
32000 -0.020000
36000 0.070000

0 -0.590000
4000 0.025000
8000 -0.080000
12000 0.025000
16000 0.020000
20000 -0.030000
24000 0.070000
28000 -0.075000
32000 0.015000
36000 -0.100000

0 -0.585000
4000 -0.025000
8000 -0.060000
12000 -0.055000
16000 0.005000
20000 -0.020000
24000 -0.030000
28000 0.005000
32000 0.015000
36000 0.030000

0 -0.675000
4000 0.030000
8000 -0.020000
12000 -0.035000
16000 0.010000
20000 -0.070000
24000 -0.040000
28000 -0.045000
32000 -0.020000
36000 0.035000

0 -0.655000
4000 0.025000
8000 0.025000
12000 0.085000
16000 0.050000
20000 -0.025000
24000 0.065000
28000 0.010000
32000 -0.010000
36000 -0.010000

0 -0.665000
4000 -0.025000
8000 0.005000
12000 0.005000
16000 -0.015000
20000 -0.045000
24000 -0.015000
28000 0.000000
32000 0.090000
36000 -0.095000

0 -0.595000
4000 -0.035000
8000 -0.050000
12000 -0.095000
16000 0.005000
20000 0.065000
24000 0.025000
28000 0.035000
32000 0.080000
36000 -0.060000

0 -0.650000
4000 0.080000
8000 0.060000
12000 0.055000
16000 0.050000
20000 0.005000
24000 -0.010000
28000 0.035000
32000 0.025000
36000 0.040000

0 -0.680000
4000 -0.035000
8000 0.000000
12000 -0.045000
16000 0.005000
20000 0.065000
24000 -0.025000
28000 0.030000
32000 0.000000
36000 0.010000

0 -0.720000
4000 -0.030000
8000 -0.030000
12000 0.000000
16000 -0.005000
20000 0.010000
24000 0.045000
28000 -0.045000
32000 -0.075000
36000 0.045000

0 -0.675000
4000 -0.070000
8000 -0.105000
12000 -0.025000
16000 0.010000
20000 -0.025000
24000 0.010000
28000 -0.065000
32000 -0.040000
36000 0.030000

0 -0.700000
4000 0.050000
8000 0.025000
12000 0.030000
16000 0.040000
20000 -0.045000
24000 0.010000
28000 0.010000
32000 -0.010000
36000 0.000000

0 -0.730000
4000 0.005000
8000 0.065000
12000 -0.030000
16000 0.045000
20000 -0.075000
24000 -0.040000
28000 -0.070000
32000 0.035000
36000 -0.060000

0 -0.700000
4000 -0.045000
8000 -0.050000
12000 0.025000
16000 -0.050000
20000 0.070000
24000 -0.015000
28000 -0.060000
32000 0.015000
36000 0.060000

0 -0.630000
4000 0.035000
8000 0.020000
12000 0.060000
16000 -0.090000
20000 0.020000
24000 0.025000
28000 -0.065000
32000 -0.120000
36000 -0.115000

0 -0.560000
4000 0.045000
8000 -0.035000
12000 -0.050000
16000 -0.125000
20000 0.020000
24000 -0.070000
28000 -0.045000
32000 0.115000
36000 0.055000

0 -0.700000
4000 -0.055000
8000 0.015000
12000 -0.025000
16000 -0.020000
20000 -0.015000
24000 0.040000
28000 0.050000
32000 -0.005000
36000 0.050000

0 -0.760000
4000 -0.010000
8000 0.060000
12000 -0.005000
16000 -0.030000
20000 -0.010000
24000 0.015000
28000 0.045000
32000 0.055000
36000 -0.040000

0 -0.610000
4000 -0.070000
8000 -0.015000
12000 -0.015000
16000 0.070000
20000 0.025000
24000 -0.005000
28000 -0.005000
32000 -0.060000
36000 0.000000

0 -0.705000
4000 -0.050000
8000 0.040000
12000 0.090000
16000 0.035000
20000 -0.020000
24000 0.025000
28000 0.065000
32000 0.035000
36000 0.020000

0 -0.745000
4000 0.005000
8000 -0.005000
12000 -0.115000
16000 -0.005000
20000 -0.005000
24000 0.025000
28000 0.040000
32000 -0.005000
36000 -0.035000

0 -0.600000
4000 -0.040000
8000 0.035000
12000 -0.010000
16000 0.015000
20000 -0.075000
24000 -0.025000
28000 -0.020000
32000 0.035000
36000 0.060000

0 -0.655000
4000 0.000000
8000 -0.080000
12000 -0.030000
16000 0.030000
20000 -0.100000
24000 -0.055000
28000 -0.005000
32000 -0.055000
36000 -0.020000

0 -0.725000
4000 0.030000
8000 0.020000
12000 0.000000
16000 0.015000
20000 -0.055000
24000 -0.055000
28000 0.050000
32000 0.035000
36000 0.010000

0 -0.685000
4000 -0.065000
8000 -0.040000
12000 -0.020000
16000 -0.025000
20000 0.030000
24000 -0.035000
28000 0.035000
32000 0.005000
36000 -0.045000

0 -0.655000
4000 0.000000
8000 0.015000
12000 -0.080000
16000 -0.130000
20000 -0.025000
24000 -0.035000
28000 -0.050000
32000 0.010000
36000 -0.090000

0 -0.560000
4000 0.045000
8000 -0.070000
12000 0.090000
16000 0.000000
20000 0.000000
24000 -0.100000
28000 -0.010000
32000 0.060000
36000 0.010000

0 -0.740000
4000 -0.005000
8000 0.065000
12000 -0.010000
16000 0.015000
20000 -0.010000
24000 -0.015000
28000 0.040000
32000 0.010000
36000 0.075000

0 -0.605000
4000 -0.010000
8000 -0.075000
12000 -0.040000
16000 -0.055000
20000 -0.010000
24000 -0.055000
28000 0.040000
32000 0.015000
36000 -0.025000

0 -0.730000
4000 -0.005000
8000 0.025000
12000 -0.025000
16000 -0.020000
20000 -0.015000
24000 0.010000
28000 -0.030000
32000 -0.055000
36000 0.040000

0 -0.720000
4000 0.070000
8000 -0.005000
12000 0.015000
16000 0.075000
20000 0.030000
24000 0.040000
28000 -0.050000
32000 0.000000
36000 0.030000

0 -0.755000
4000 -0.050000
8000 -0.050000
12000 -0.035000
16000 0.025000
20000 0.020000
24000 -0.070000
28000 -0.005000
32000 -0.035000
36000 0.060000

0 -0.660000
4000 -0.030000
8000 -0.005000
12000 0.015000
16000 0.090000
20000 -0.070000
24000 0.010000
28000 0.025000
32000 -0.115000
36000 -0.030000

0 -0.690000
4000 0.000000
8000 0.030000
12000 -0.025000
16000 -0.025000
20000 -0.070000
24000 -0.050000
28000 0.045000
32000 0.005000
36000 0.045000

0 -0.695000
4000 -0.060000
8000 0.010000
12000 0.055000
16000 -0.025000
20000 -0.020000
24000 -0.010000
28000 0.035000
32000 0.005000
36000 -0.015000

0 -0.745000
4000 -0.045000
8000 0.015000
12000 -0.015000
16000 0.030000
20000 -0.045000
24000 0.080000
28000 0.005000
32000 -0.025000
36000 0.050000

0 -0.755000
4000 -0.065000
8000 -0.015000
12000 0.025000
16000 -0.090000
20000 -0.005000
24000 0.110000
28000 0.005000
32000 -0.045000
36000 -0.030000

0 -0.655000
4000 0.010000
8000 0.000000
12000 0.055000
16000 -0.010000
20000 0.025000
24000 0.035000
28000 -0.050000
32000 -0.040000
36000 -0.015000

0 -0.685000
4000 -0.050000
8000 -0.045000
12000 -0.025000
16000 0.000000
20000 -0.015000
24000 0.060000
28000 -0.030000
32000 -0.035000
36000 -0.010000

0 -0.675000
4000 -0.015000
8000 0.015000
12000 -0.015000
16000 0.070000
20000 0.040000
24000 -0.070000
28000 0.085000
32000 0.015000
36000 0.000000

0 -0.720000
4000 0.020000
8000 -0.040000
12000 0.000000
16000 0.025000
20000 0.010000
24000 -0.005000
28000 0.085000
32000 -0.005000
36000 -0.015000

0 -0.700000
4000 0.055000
8000 0.085000
12000 -0.025000
16000 -0.050000
20000 -0.090000
24000 -0.020000
28000 -0.020000
32000 0.045000
36000 0.050000

0 -0.690000
4000 0.010000
8000 -0.035000
12000 0.015000
16000 0.065000
20000 -0.020000
24000 0.025000
28000 -0.005000
32000 0.015000
36000 -0.050000

0 -0.660000
4000 0.040000
8000 0.005000
12000 0.035000
16000 -0.085000
20000 -0.030000
24000 -0.015000
28000 -0.010000
32000 0.020000
36000 -0.005000

0 -0.710000
4000 -0.120000
8000 -0.020000
12000 -0.010000
16000 0.000000
20000 0.025000
24000 -0.005000
28000 0.020000
32000 0.070000
36000 -0.030000

0 -0.730000
4000 -0.050000
8000 0.030000
12000 -0.010000
16000 0.015000
20000 -0.020000
24000 -0.045000
28000 0.005000
32000 0.100000
36000 0.010000

0 -0.770000
4000 -0.015000
8000 0.005000
12000 0.070000
16000 -0.020000
20000 0.035000
24000 0.025000
28000 0.010000
32000 -0.020000
36000 -0.020000

0 -0.670000
4000 -0.040000
8000 -0.035000
12000 -0.050000
16000 0.045000
20000 0.045000
24000 0.050000
28000 0.010000
32000 0.055000
36000 -0.015000

0 -0.645000
4000 0.045000
8000 0.005000
12000 0.020000
16000 0.020000
20000 -0.015000
24000 0.070000
28000 0.035000
32000 0.030000
36000 -0.020000

0 -0.725000
4000 0.025000
8000 -0.005000
12000 0.110000
16000 0.010000
20000 -0.040000
24000 -0.055000
28000 0.005000
32000 0.005000
36000 0.015000

0 -0.720000
4000 -0.020000
8000 0.005000
12000 -0.085000
16000 -0.020000
20000 -0.005000
24000 -0.020000
28000 -0.010000
32000 0.110000
36000 0.030000

0 -0.680000
4000 0.045000
8000 -0.010000
12000 -0.025000
16000 0.000000
20000 0.070000
24000 0.050000
28000 0.000000
32000 0.040000
36000 -0.025000

0 -0.685000
4000 0.090000
8000 -0.010000
12000 -0.020000
16000 -0.010000
20000 0.025000
24000 -0.035000
28000 0.025000
32000 0.030000
36000 0.035000

0 -0.735000
4000 -0.060000
8000 0.015000
12000 -0.055000
16000 0.025000
20000 0.025000
24000 0.055000
28000 0.025000
32000 -0.020000
36000 -0.060000

0 -0.655000
4000 -0.075000
8000 -0.075000
12000 -0.010000
16000 -0.030000
20000 -0.020000
24000 -0.060000
28000 -0.055000
32000 -0.005000
36000 0.045000

0 -0.720000
4000 -0.005000
8000 0.045000
12000 -0.045000
16000 0.010000
20000 -0.045000
24000 -0.030000
28000 -0.025000
32000 0.015000
36000 -0.040000

0 -0.705000
4000 -0.075000
8000 -0.040000
12000 -0.015000
16000 -0.065000
20000 -0.025000
24000 -0.040000
28000 -0.030000
32000 0.005000
36000 -0.080000

0 -0.550000
4000 0.020000
8000 0.060000
12000 0.010000
16000 -0.045000
20000 0.010000
24000 0.010000
28000 -0.050000
32000 0.020000
36000 0.020000

0 -0.770000
4000 -0.030000
8000 0.075000
12000 -0.010000
16000 -0.025000
20000 0.025000
24000 0.050000
28000 -0.060000
32000 0.015000
36000 0.015000

0 -0.740000
4000 0.025000
8000 0.010000
12000 -0.015000
16000 0.020000
20000 0.015000
24000 -0.025000
28000 0.025000
32000 0.020000
36000 0.045000

0 -0.690000
4000 -0.010000
8000 -0.035000
12000 0.010000
16000 -0.010000
20000 -0.100000
24000 0.035000
28000 -0.020000
32000 0.055000
36000 0.075000

0 -0.670000
4000 -0.060000
8000 -0.035000
12000 0.000000
16000 -0.075000
20000 -0.050000
24000 0.005000
28000 0.050000
32000 -0.040000
36000 0.000000

0 -0.795000
4000 -0.045000
8000 -0.115000
12000 -0.020000
16000 0.060000
20000 -0.005000
24000 -0.015000
28000 -0.065000
32000 0.040000
36000 0.070000

0 -0.630000
4000 -0.050000
8000 -0.040000
12000 0.015000
16000 0.010000
20000 -0.020000
24000 -0.010000
28000 0.020000
32000 -0.030000
36000 -0.005000

0 -0.700000
4000 -0.050000
8000 0.050000
12000 0.010000
16000 -0.040000
20000 0.000000
24000 0.005000
28000 -0.040000
32000 0.035000
36000 -0.015000

0 -0.760000
4000 -0.030000
8000 0.060000
12000 -0.015000
16000 0.010000
20000 -0.020000
24000 0.015000
28000 0.035000
32000 -0.020000
36000 0.010000

0 -0.685000
4000 -0.010000
8000 -0.025000
12000 0.040000
16000 0.005000
20000 0.000000
24000 -0.040000
28000 -0.050000
32000 0.025000
36000 0.050000

0 -0.700000
4000 -0.115000
8000 0.050000
12000 -0.025000
16000 0.010000
20000 -0.025000
24000 -0.025000
28000 -0.020000
32000 -0.050000
36000 0.005000

0 -0.770000
4000 0.030000
8000 -0.030000
12000 0.020000
16000 -0.050000
20000 -0.005000
24000 -0.040000
28000 -0.035000
32000 -0.105000
36000 0.045000

0 -0.655000
4000 0.045000
8000 0.055000
12000 0.035000
16000 0.000000
20000 0.010000
24000 0.045000
28000 -0.015000
32000 0.070000
36000 -0.065000

0 -0.700000
4000 -0.025000
8000 -0.030000
12000 0.020000
16000 -0.095000
20000 0.010000
24000 0.015000
28000 -0.010000
32000 -0.005000
36000 0.000000

0 -0.725000
4000 0.060000
8000 -0.020000
12000 0.085000
16000 0.015000
20000 0.060000
24000 0.000000
28000 -0.015000
32000 0.000000
36000 -0.005000

0 -0.740000
4000 -0.105000
8000 -0.090000
12000 0.005000
16000 -0.070000
20000 -0.050000
24000 -0.015000
28000 -0.015000
32000 0.040000
36000 0.040000

0 -0.725000
4000 0.000000
8000 -0.055000
12000 0.030000
16000 -0.020000
20000 0.015000
24000 -0.025000
28000 0.040000
32000 0.010000
36000 -0.020000

0 -0.740000
4000 0.000000
8000 -0.005000
12000 0.080000
16000 0.035000
20000 0.045000
24000 0.050000
28000 0.040000
32000 -0.060000
36000 -0.005000

0 -0.705000
4000 -0.020000
8000 0.050000
12000 -0.030000
16000 0.005000
20000 0.015000
24000 -0.065000
28000 0.005000
32000 0.000000
36000 0.060000

0 -0.650000
4000 0.015000
8000 -0.050000
12000 -0.020000
16000 -0.025000
20000 -0.020000
24000 0.010000
28000 0.020000
