0.961538 0.703650 5.946491
0.980392 0.688110 6.926951
1.000000 0.670750 6.995315
1.020408 0.650160 6.656030
1.041667 0.630690 8.317310
1.063830 0.617580 7.552777
1.086957 0.490250 46.715995
1.111111 0.482640 44.624732
1.136364 0.452310 43.373726
1.162791 0.365120 60.257994
1.190476 0.268240 76.378561
1.219512 0.186820 87.606235
1.250000 0.157470 80.571380
1.282051 0.278240 46.932041
1.315789 0.083250 69.671515
1.351351 0.028360 65.803804
1.388889 0.048670 57.033952
1.428571 -0.001590 54.562569
1.470588 0.011900 43.355596
1.515152 -0.020130 41.433373
1.562500 0.003370 36.316717
1.612903 -0.019000 33.360800
1.666667 0.009380 30.321686
1.724138 0.015260 26.319213
1.785714 0.002230 25.071671
