1 2 0.80386
1 20 0.80386
1 21 0.80386
1 55 -0.59482
1 93 -0.59482
1 381 1
1 383 -0.59482
2 1 0.80386
2 3 0.16803
2 22 0.80386
2 100 -0.12434
2 211 0.35381
2 285 -0.12434
2 363 -0.47815
2 382 0.16803
2 384 -0.59482
3 2 0.16803
3 4 0.64619
3 23 0.80386
3 66 0.35381
3 80 -0.59482
3 81 -0.59482
3 99 -0.59482
3 120 -0.47815
3 271 -0.47815
3 383 0.16803
4 3 0.64619
4 5 0.64619
4 24 0.80386
4 28 -0.47815
4 100 -0.47815
4 251 -0.59482
4 270 -0.59482
4 272 -0.59482
4 291 -0.59482
4 384 0.80386
5 4 0.64619
5 6 0.64619
5 8 -0.59482
5 25 0.80386
5 27 -0.59482
5 29 -0.59482
5 48 -0.47815
5 143 -0.47815
5 261 0.35381
5 271 -0.47815
5 385 0.80386
6 5 0.64619
6 7 0.80386
6 26 0.80386
6 28 -0.47815
6 123 -0.59482
6 142 -0.59482
6 144 -0.59482
6 146 -0.47815
6 163 -0.59482
6 386 0.64619
7 6 0.80386
7 8 1
7 27 1
7 143 -0.59482
7 212 -0.59482
7 387 0.80386
8 5 -0.59482
8 7 1
8 9 0.80386
8 28 0.80386
8 50 -0.59482
8 329 -0.59482
8 388 0.80386
9 8 0.80386
9 10 0.80386
9 29 0.80386
9 30 -0.59482
9 49 -0.47815
9 51 -0.59482
9 70 -0.59482
9 132 -0.47815
9 248 0.35381
9 389 0.64619
10 9 0.80386
10 11 1
10 30 1
10 50 -0.59482
10 390 1
11 10 1
11 12 1
11 31 1
11 391 1
12 11 1
12 13 0.80386
12 32 0.80386
12 105 -0.59482
12 198 -0.59482
12 268 -0.59482
12 392 0.80386
13 12 0.80386
13 14 0.80386
13 33 0.80386
13 49 0.35381
13 248 -0.47815
13 267 -0.59482
13 269 -0.47815
13 288 -0.59482
13 328 0.35381
13 331 -0.47815
13 393 0.64619
14 13 0.80386
14 15 1
14 34 1
14 268 -0.59482
14 394 1
15 14 1
15 16 1
15 35 1
15 57 -0.59482
15 395 0.80386
16 15 1
16 17 1
16 36 1
16 396 1
17 16 1
17 18 0.80386
17 37 1
17 170 -0.59482
17 397 1
18 17 0.80386
18 19 0.64619
18 38 0.80386
18 106 0.35381
18 150 -0.59482
18 169 -0.59482
18 171 -0.59482
18 190 -0.47815
18 378 -0.47815
18 398 0.80386
19 18 0.64619
19 20 0.64619
19 39 0.80386
19 93 -0.47815
19 170 -0.47815
19 358 -0.59482
19 377 -0.59482
19 379 -0.59482
19 398 -0.59482
19 399 0.80386
20 1 0.80386
20 19 0.64619
20 40 0.80386
20 73 -0.59482
20 92 -0.59482
20 94 -0.59482
20 113 -0.59482
20 378 -0.47815
20 400 0.80386
21 1 0.80386
21 22 0.80386
21 35 -0.59482
21 40 0.80386
21 41 0.80386
21 54 -0.59482
21 56 -0.47815
21 75 -0.59482
21 326 0.35381
22 2 0.80386
22 21 0.80386
22 23 1
22 42 1
22 55 -0.59482
22 383 -0.59482
23 3 0.80386
23 22 1
23 24 1
23 43 1
23 100 -0.59482
24 4 0.80386
24 23 1
24 25 1
24 44 1
24 271 -0.59482
25 5 0.80386
25 24 1
25 26 1
25 28 -0.59482
25 45 1
26 6 0.80386
26 25 1
26 27 1
26 46 1
26 143 -0.59482
27 5 -0.59482
27 7 1
27 26 1
27 28 0.80386
27 47 1
28 4 -0.47815
28 6 -0.47815
28 8 0.80386
28 25 -0.59482
28 27 0.80386
28 29 0.80386
28 48 0.64619
28 143 0.35381
28 261 -0.47815
28 271 0.35381
28 385 -0.59482
29 5 -0.59482
29 9 0.80386
29 28 0.80386
29 30 1
29 49 0.80386
29 50 -0.59482
29 248 -0.59482
30 9 -0.59482
30 10 1
30 29 1
30 31 1
30 50 0.80386
31 11 1
31 30 1
31 32 0.80386
31 51 1
31 105 -0.59482
32 12 0.80386
32 31 0.80386
32 33 0.80386
32 52 0.80386
32 85 -0.59482
32 104 -0.59482
32 106 -0.47815
32 125 -0.59482
32 190 0.35381
33 13 0.80386
33 32 0.80386
33 34 1
33 53 0.80386
33 105 -0.59482
33 109 -0.59482
33 268 -0.59482
34 14 1
34 33 1
34 35 1
34 54 1
35 15 1
35 21 -0.59482
35 34 1
35 36 1
35 55 0.80386
36 16 1
36 35 1
36 37 1
36 56 0.80386
36 326 -0.59482
37 17 1
37 36 1
37 38 1
37 57 0.80386
37 395 -0.59482
38 18 0.80386
38 37 1
38 39 1
38 58 1
38 170 -0.59482
39 19 0.80386
39 38 1
39 40 1
39 59 1
39 378 -0.59482
40 20 0.80386
40 21 0.80386
40 39 1
40 55 -0.59482
40 60 1
40 93 -0.59482
41 21 0.80386
41 42 1
41 55 -0.59482
41 60 1
41 61 1
42 22 1
42 41 1
42 43 1
42 62 1
43 23 1
43 42 1
43 44 1
43 63 1
44 24 1
44 43 1
44 45 1
44 64 1
45 25 1
45 44 1
45 46 1
45 65 1
46 26 1
46 45 1
46 47 1
46 66 0.80386
46 120 -0.59482
47 27 1
47 46 1
47 48 0.80386
47 67 0.80386
47 208 -0.59482
47 261 -0.59482
48 5 -0.47815
48 28 0.64619
48 47 0.80386
48 49 0.64619
48 68 0.80386
48 241 -0.59482
48 248 -0.47815
48 262 -0.59482
48 280 -0.59482
48 281 -0.59482
49 9 -0.47815
49 13 0.35381
49 29 0.80386
49 48 0.64619
49 50 0.64619
49 69 0.80386
49 84 0.35381
49 228 -0.59482
49 247 -0.59482
49 249 -0.47815
49 261 -0.47815
49 268 -0.47815
50 8 -0.59482
50 10 -0.59482
50 29 -0.59482
50 30 0.80386
50 49 0.64619
50 51 0.80386
50 70 0.80386
50 132 0.35381
50 248 -0.47815
50 389 -0.47815
51 9 -0.59482
51 31 1
51 50 0.80386
51 52 1
51 71 0.80386
51 346 -0.59482
52 32 0.80386
52 51 1
52 53 0.80386
52 72 1
52 105 -0.59482
52 109 -0.59482
53 33 0.80386
53 52 0.80386
53 54 0.80386
53 73 0.80386
53 89 -0.59482
53 108 -0.59482
53 110 -0.59482
53 129 -0.59482
54 21 -0.59482
54 34 1
54 53 0.80386
54 55 0.80386
54 74 1
54 109 -0.59482
55 1 -0.59482
55 22 -0.59482
55 35 0.80386
55 40 -0.59482
55 41 -0.59482
55 54 0.80386
55 56 0.64619
55 75 0.80386
55 326 -0.47815
56 21 -0.47815
56 36 0.80386
56 55 0.64619
56 57 0.64619
56 71 0.35381
56 76 0.80386
56 229 0.35381
56 306 -0.59482
56 325 -0.47815
56 327 -0.59482
56 346 -0.47815
56 395 -0.47815
57 15 -0.59482
57 37 0.80386
57 56 0.64619
57 58 0.80386
57 77 0.64619
57 210 0.35381
57 260 -0.47815
57 326 -0.47815
57 375 -0.47815
57 394 -0.59482
57 396 -0.59482
58 38 1
58 57 0.80386
58 59 1
58 78 0.80386
58 181 -0.59482
58 395 -0.59482
59 39 1
59 58 1
59 60 1
59 79 0.80386
59 154 -0.59482
60 40 1
60 41 1
60 59 1
60 80 1
61 41 1
61 62 1
61 80 1
61 81 1
62 42 1
62 61 1
62 63 1
62 82 1
63 43 1
63 62 1
63 64 1
63 83 1
64 44 1
64 63 1
64 65 1
64 84 0.80386
64 249 -0.59482
65 45 1
65 64 1
65 66 0.80386
65 85 1
65 120 -0.59482
66 3 0.35381
66 46 0.80386
66 65 0.80386
66 67 0.64619
66 86 0.64619
66 97 -0.47815
66 100 -0.47815
66 101 -0.59482
66 119 -0.59482
66 140 -0.59482
66 208 -0.47815
67 47 0.80386
67 66 0.64619
67 68 0.80386
67 87 0.80386
67 120 -0.47815
67 145 0.35381
67 188 -0.59482
67 207 -0.47815
67 209 -0.47815
67 228 -0.59482
67 334 0.35381
68 48 0.80386
68 67 0.80386
68 69 1
68 88 1
68 208 -0.59482
68 261 -0.59482
69 49 0.80386
69 68 1
69 70 1
69 89 1
69 248 -0.59482
70 9 -0.59482
70 50 0.80386
70 69 1
70 71 0.80386
70 90 0.80386
70 246 -0.59482
70 346 -0.59482
71 51 0.80386
71 56 0.35381
71 70 0.80386
71 72 0.80386
71 91 0.64619
71 204 -0.47815
71 326 -0.47815
71 345 -0.59482
71 347 -0.59482
71 366 -0.59482
72 52 1
72 71 0.80386
72 73 1
72 92 1
72 346 -0.59482
73 20 -0.59482
73 53 0.80386
73 72 1
73 74 1
73 93 0.80386
73 109 -0.59482
74 54 1
74 73 1
74 75 1
74 94 1
75 21 -0.59482
75 55 0.80386
75 74 1
75 76 1
75 95 1
76 56 0.80386
76 75 1
76 77 0.80386
76 96 1
76 260 -0.59482
76 326 -0.59482
77 57 0.64619
77 76 0.80386
77 78 0.64619
77 86 -0.47815
77 97 0.64619
77 181 -0.47815
77 240 -0.59482
77 241 -0.59482
77 259 -0.47815
77 280 -0.59482
77 355 0.35381
77 395 -0.47815
78 58 0.80386
78 77 0.64619
78 79 0.64619
78 98 0.64619
78 115 0.35381
78 154 -0.47815
78 161 -0.47815
78 177 -0.47815
78 182 -0.47815
78 200 -0.47815
78 201 -0.59482
78 230 0.35381
78 260 -0.47815
78 370 0.35381
79 59 0.80386
79 78 0.64619
79 80 0.80386
79 99 0.80386
79 134 -0.59482
79 153 -0.47815
79 155 -0.59482
79 164 0.35381
79 174 -0.59482
79 181 -0.47815
80 3 -0.59482
80 60 1
80 61 1
80 79 0.80386
80 100 0.80386
80 154 -0.59482
81 3 -0.59482
81 61 1
81 82 1
81 100 0.80386
81 101 1
82 62 1
82 81 1
82 83 1
82 102 1
83 63 1
83 82 1
83 84 0.80386
83 103 1
83 249 -0.59482
84 49 0.35381
84 64 0.80386
84 83 0.80386
84 85 0.80386
84 104 0.80386
84 229 -0.47815
84 248 -0.47815
84 250 -0.59482
84 269 -0.47815
84 325 0.35381
84 328 0.35381
85 32 -0.59482
85 65 1
85 84 0.80386
85 86 0.80386
85 97 -0.59482
85 105 0.80386
85 249 -0.59482
86 66 0.64619
86 77 -0.47815
86 85 0.80386
86 87 0.80386
86 96 -0.59482
86 98 -0.47815
86 106 0.64619
86 117 -0.47815
86 120 -0.47815
86 177 0.35381
86 190 -0.47815
86 224 0.35381
86 260 0.35381
87 67 0.80386
87 86 0.80386
87 88 1
87 97 -0.59482
87 107 1
87 208 -0.59482
88 68 1
88 87 1
88 89 1
88 108 1
89 53 -0.59482
89 69 1
89 88 1
89 90 0.80386
89 109 0.80386
89 246 -0.59482
90 70 0.80386
90 89 0.80386
90 91 0.64619
90 110 0.80386
90 204 -0.47815
90 226 -0.59482
90 245 -0.59482
90 247 -0.59482
90 266 -0.59482
91 71 0.64619
91 90 0.64619
91 92 0.80386
91 111 0.80386
91 117 0.35381
91 184 -0.59482
91 203 -0.47815
91 205 -0.59482
91 224 -0.47815
91 246 -0.47815
91 317 0.35381
91 346 -0.47815
92 20 -0.59482
92 72 1
92 91 0.80386
92 93 0.80386
92 112 1
92 204 -0.59482
93 1 -0.59482
93 19 -0.47815
93 40 -0.59482
93 73 0.80386
93 92 0.80386
93 94 0.80386
93 113 0.80386
93 378 0.35381
93 400 -0.59482
94 20 -0.59482
94 74 1
94 93 0.80386
94 95 1
94 114 1
95 75 1
95 94 1
95 96 1
95 115 0.80386
95 182 -0.59482
96 76 1
96 86 -0.59482
96 95 1
96 97 0.80386
96 116 0.80386
96 368 -0.59482
97 66 -0.47815
97 77 0.64619
97 85 -0.59482
97 87 -0.59482
97 96 0.80386
97 98 0.64619
97 106 -0.47815
97 117 0.64619
97 120 0.35381
97 177 -0.47815
97 190 0.35381
97 224 -0.47815
97 260 -0.47815
98 78 0.64619
98 86 -0.47815
98 97 0.64619
98 99 0.80386
98 118 0.80386
98 131 0.35381
98 157 -0.59482
98 176 -0.59482
98 178 -0.59482
98 181 -0.47815
98 197 -0.47815
99 3 -0.59482
99 79 0.80386
99 98 0.80386
99 100 0.80386
99 119 1
99 154 -0.59482
99 177 -0.59482
100 2 -0.12434
100 4 -0.47815
100 23 -0.59482
100 66 -0.47815
100 80 0.80386
100 81 0.80386
100 99 0.80386
100 120 0.64619
100 271 0.35381
100 383 -0.12434
101 66 -0.59482
101 81 1
101 102 1
101 120 0.80386
101 121 0.80386
101 312 -0.59482
102 82 1
102 101 1
102 103 1
102 122 1
103 83 1
103 102 1
103 104 1
103 123 1
104 32 -0.59482
104 84 0.80386
104 103 1
104 105 0.80386
104 124 1
104 249 -0.59482
105 12 -0.59482
105 31 -0.59482
105 33 -0.59482
105 52 -0.59482
105 85 0.80386
105 104 0.80386
105 106 0.64619
105 125 0.80386
105 190 -0.47815
106 18 0.35381
106 32 -0.47815
106 86 0.64619
106 97 -0.47815
106 105 0.64619
106 107 0.80386
106 126 0.80386
106 170 -0.47815
106 189 -0.59482
106 191 -0.59482
106 210 -0.47815
106 375 0.35381
107 87 1
107 106 0.80386
107 108 1
107 127 1
107 190 -0.59482
108 53 -0.59482
108 88 1
108 107 1
108 109 0.80386
108 128 0.80386
108 315 -0.59482
109 33 -0.59482
109 52 -0.59482
109 54 -0.59482
109 73 -0.59482
109 89 0.80386
109 108 0.80386
109 110 0.80386
109 129 0.80386
110 53 -0.59482
110 90 0.80386
110 109 0.80386
110 111 1
110 130 1
110 246 -0.59482
111 91 0.80386
111 110 1
111 112 1
111 131 0.80386
111 197 -0.59482
111 204 -0.59482
112 92 1
112 111 1
112 113 1
112 132 0.80386
112 389 -0.59482
113 20 -0.59482
113 93 0.80386
113 112 1
113 114 1
113 133 1
114 94 1
114 113 1
114 115 0.80386
114 134 1
114 182 -0.59482
115 78 0.35381
115 95 0.80386
115 114 0.80386
115 116 0.64619
115 135 0.80386
115 162 -0.59482
115 181 -0.47815
115 183 -0.59482
115 202 -0.59482
115 368 -0.47815
116 96 0.80386
116 115 0.64619
116 117 0.64619
116 136 0.80386
116 182 -0.47815
116 224 -0.47815
116 329 0.35381
116 348 -0.59482
116 367 -0.59482
116 369 -0.59482
116 388 -0.47815
117 86 -0.47815
117 91 0.35381
117 97 0.64619
117 116 0.64619
117 118 0.80386
117 137 0.80386
117 204 -0.47815
117 223 -0.59482
117 225 -0.59482
117 244 -0.59482
117 368 -0.47815
118 98 0.80386
118 117 0.80386
118 119 1
118 138 0.80386
118 177 -0.59482
118 224 -0.59482
118 299 -0.59482
119 66 -0.59482
119 99 1
119 118 1
119 120 0.80386
119 139 0.80386
119 295 -0.59482
120 3 -0.47815
120 46 -0.59482
120 65 -0.59482
120 67 -0.47815
120 86 -0.47815
120 97 0.35381
120 100 0.64619
120 101 0.80386
120 119 0.80386
120 140 0.80386
120 208 0.35381
121 101 0.80386
121 122 0.80386
121 140 0.80386
121 141 0.80386
121 292 -0.59482
121 311 -0.59482
121 313 -0.59482
121 332 -0.47815
121 350 0.35381
122 102 1
122 121 0.80386
122 123 1
122 142 1
122 312 -0.59482
123 6 -0.59482
123 103 1
123 122 1
123 124 1
123 143 0.80386
124 104 1
124 123 1
124 125 1
124 144 1
125 32 -0.59482
125 105 0.80386
125 124 1
125 126 1
125 145 0.80386
125 207 -0.59482
126 106 0.80386
126 125 1
126 127 1
126 146 0.80386
126 190 -0.59482
126 386 -0.59482
127 107 1
127 126 1
127 128 0.80386
127 147 1
127 315 -0.59482
128 108 0.80386
128 127 0.80386
128 129 0.80386
128 139 0.35381
128 148 0.80386
128 295 -0.47815
128 314 -0.59482
128 316 -0.47815
128 335 -0.59482
128 365 0.35381
129 53 -0.59482
129 109 0.80386
129 128 0.80386
129 130 1
129 149 1
129 315 -0.59482
130 110 1
130 129 1
130 131 0.80386
130 150 1
130 197 -0.59482
131 98 0.35381
131 111 0.80386
131 130 0.80386
131 132 0.64619
131 151 0.80386
131 177 -0.47815
131 196 -0.59482
131 198 -0.47815
131 217 -0.59482
131 389 -0.47815
131 392 0.35381
132 9 -0.47815
132 50 0.35381
132 112 0.80386
132 131 0.64619
132 133 0.80386
132 152 0.80386
132 197 -0.47815
132 329 0.35381
132 369 -0.59482
132 388 -0.47815
132 390 -0.59482
133 113 1
133 132 0.80386
133 134 1
133 153 0.80386
133 164 -0.59482
133 389 -0.59482
134 79 -0.59482
134 114 1
134 133 1
134 135 1
134 154 0.80386
135 115 0.80386
135 134 1
135 136 1
135 155 1
135 182 -0.59482
136 116 0.80386
136 135 1
136 137 1
136 156 1
136 368 -0.59482
137 117 0.80386
137 136 1
137 138 0.80386
137 157 1
137 224 -0.59482
137 299 -0.59482
138 118 0.80386
138 137 0.80386
138 139 0.64619
138 158 0.80386
138 199 0.35381
138 279 -0.47815
138 295 -0.47815
138 298 -0.59482
138 300 -0.59482
138 319 -0.59482
139 119 0.80386
139 128 0.35381
139 138 0.64619
139 140 0.80386
139 159 0.80386
139 275 -0.59482
139 294 -0.59482
139 296 -0.59482
139 299 -0.47815
139 315 -0.47815
140 66 -0.59482
140 120 0.80386
140 121 0.80386
140 139 0.80386
140 160 1
140 295 -0.59482
140 312 -0.59482
141 121 0.80386
141 142 1
141 160 1
141 161 0.80386
141 312 -0.59482
141 370 -0.59482
142 6 -0.59482
142 122 1
142 141 1
142 143 0.80386
142 162 1
143 5 -0.47815
143 7 -0.59482
143 26 -0.59482
143 28 0.35381
143 123 0.80386
143 142 0.80386
143 144 0.80386
143 146 0.35381
143 163 0.80386
143 386 -0.47815
144 6 -0.59482
144 124 1
144 143 0.80386
144 145 0.80386
144 153 -0.59482
144 164 0.80386
144 207 -0.59482
145 67 0.35381
145 125 0.80386
145 144 0.80386
145 146 0.64619
145 165 0.80386
145 187 -0.59482
145 206 -0.59482
145 208 -0.47815
145 227 -0.47815
145 337 0.35381
145 386 -0.47815
146 6 -0.47815
146 126 0.80386
146 143 0.35381
146 145 0.64619
146 147 0.80386
146 166 0.80386
146 207 -0.47815
146 212 0.35381
146 366 -0.59482
146 385 -0.59482
146 387 -0.47815
147 127 1
147 146 0.80386
147 148 1
147 167 1
147 386 -0.59482
148 128 0.80386
148 147 1
148 149 1
148 168 1
148 315 -0.59482
149 129 1
149 148 1
149 150 1
149 169 1
150 18 -0.59482
150 130 1
150 149 1
150 151 1
150 170 0.80386
151 131 0.80386
151 150 1
151 152 1
151 171 1
151 197 -0.59482
152 132 0.80386
152 151 1
152 153 0.80386
152 164 -0.59482
152 172 1
152 389 -0.59482
153 79 -0.47815
153 133 0.80386
153 144 -0.59482
153 152 0.80386
153 154 0.64619
153 163 -0.59482
153 165 -0.59482
153 173 0.80386
153 184 -0.59482
154 59 -0.59482
154 78 -0.47815
154 80 -0.59482
154 99 -0.59482
154 134 0.80386
154 153 0.64619
154 155 0.80386
154 164 -0.47815
154 174 0.80386
154 181 0.35381
155 79 -0.59482
155 135 1
155 154 0.80386
155 156 1
155 175 1
156 136 1
156 155 1
156 157 1
156 176 1
157 98 -0.59482
157 137 1
157 156 1
157 158 1
157 177 0.80386
158 138 0.80386
158 157 1
158 159 1
158 178 1
158 299 -0.59482
159 139 0.80386
159 158 1
159 160 1
159 179 1
159 295 -0.59482
160 140 1
160 141 1
160 159 1
160 180 1
161 78 -0.47815
161 141 0.80386
161 162 0.80386
161 180 0.80386
161 181 0.64619
161 332 0.35381
161 350 -0.47815
161 369 -0.59482
161 371 -0.59482
161 390 -0.59482
162 115 -0.59482
162 142 1
162 161 0.80386
162 163 1
162 182 0.80386
162 370 -0.59482
163 6 -0.59482
163 143 0.80386
163 153 -0.59482
163 162 1
163 164 0.80386
163 183 1
164 79 0.35381
164 133 -0.59482
164 144 0.80386
164 152 -0.59482
164 154 -0.47815
164 163 0.80386
164 165 0.80386
164 173 -0.59482
164 184 0.80386
165 145 0.80386
165 153 -0.59482
165 164 0.80386
165 166 1
165 185 1
165 207 -0.59482
166 146 0.80386
166 165 1
166 167 1
166 186 1
166 386 -0.59482
167 147 1
167 166 1
167 168 1
167 187 1
168 148 1
168 167 1
168 169 1
168 188 1
169 18 -0.59482
169 149 1
169 168 1
169 170 0.80386
169 189 1
170 17 -0.59482
170 19 -0.47815
170 38 -0.59482
170 106 -0.47815
170 150 0.80386
170 169 0.80386
170 171 0.80386
170 190 0.64619
170 378 0.35381
170 398 -0.59482
171 18 -0.59482
171 151 1
171 170 0.80386
171 172 1
171 191 1
172 152 1
172 171 1
172 173 1
172 192 1
173 153 0.80386
173 164 -0.59482
173 172 1
173 174 1
173 193 1
174 79 -0.59482
174 154 0.80386
174 173 1
174 175 1
174 194 1
175 155 1
175 174 1
175 176 1
175 195 1
176 98 -0.59482
176 156 1
176 175 1
176 177 0.80386
176 196 1
177 78 -0.47815
177 86 0.35381
177 97 -0.47815
177 99 -0.59482
177 118 -0.59482
177 131 -0.47815
177 157 0.80386
177 176 0.80386
177 178 0.80386
177 181 0.35381
177 197 0.64619
178 98 -0.59482
178 158 1
178 177 0.80386
178 179 1
178 198 0.80386
178 392 -0.59482
179 159 1
179 178 1
179 180 1
179 199 0.80386
179 279 -0.59482
180 160 1
180 161 0.80386
180 179 1
180 200 0.80386
180 230 -0.59482
180 370 -0.59482
181 58 -0.59482
181 77 -0.47815
181 79 -0.47815
181 98 -0.47815
181 115 -0.47815
181 154 0.35381
181 161 0.64619
181 177 0.35381
181 182 0.64619
181 200 0.64619
181 201 0.80386
181 230 -0.47815
181 260 0.35381
181 370 -0.47815
182 78 -0.47815
182 95 -0.59482
182 114 -0.59482
182 116 -0.47815
182 135 -0.59482
182 162 0.80386
182 181 0.64619
182 183 0.80386
182 202 0.80386
182 368 0.35381
183 115 -0.59482
183 163 1
183 182 0.80386
183 184 1
183 203 0.80386
183 317 -0.59482
184 91 -0.59482
184 153 -0.59482
184 164 0.80386
184 183 1
184 185 1
184 204 0.80386
185 165 1
185 184 1
185 186 1
185 205 1
186 166 1
186 185 1
186 187 1
186 206 1
187 145 -0.59482
187 167 1
187 186 1
187 188 1
187 207 0.80386
188 67 -0.59482
188 168 1
188 187 1
188 189 1
188 208 0.80386
189 106 -0.59482
189 169 1
189 188 1
189 190 0.80386
189 209 0.80386
189 334 -0.59482
190 18 -0.47815
190 32 0.35381
190 86 -0.47815
190 97 0.35381
190 105 -0.47815
190 107 -0.59482
190 126 -0.59482
190 170 0.64619
190 189 0.80386
190 191 0.80386
190 210 0.64619
190 375 -0.47815
191 106 -0.59482
191 171 1
191 190 0.80386
191 192 1
191 211 0.80386
191 363 -0.59482
192 172 1
192 191 1
192 193 1
192 212 0.80386
192 387 -0.59482
193 173 1
193 192 1
193 194 1
193 213 1
194 174 1
194 193 1
194 195 1
194 214 1
195 175 1
195 194 1
195 196 1
195 215 1
196 131 -0.59482
196 176 1
196 195 1
196 197 0.80386
196 216 1
197 98 -0.47815
197 111 -0.59482
197 130 -0.59482
197 132 -0.47815
197 151 -0.59482
197 177 0.64619
197 196 0.80386
197 198 0.64619
197 217 0.80386
197 389 0.35381
197 392 -0.47815
198 12 -0.59482
198 131 -0.47815
198 178 0.80386
198 197 0.64619
198 199 0.64619
198 218 0.80386
198 279 -0.47815
198 331 0.35381
198 372 -0.59482
198 391 -0.59482
198 393 -0.47815
199 138 0.35381
199 179 0.80386
199 198 0.64619
199 200 0.64619
199 219 0.80386
199 230 -0.47815
199 259 -0.47815
199 278 -0.59482
199 280 -0.59482
199 299 -0.47815
199 355 0.35381
199 392 -0.47815
200 78 -0.47815
200 180 0.80386
200 181 0.64619
200 199 0.64619
200 210 -0.47815
200 220 0.80386
200 229 -0.47815
200 231 -0.59482
200 250 -0.59482
200 279 -0.47815
200 325 0.35381
200 375 0.35381
201 78 -0.59482
201 181 0.80386
201 202 1
201 220 1
201 221 1
202 115 -0.59482
202 182 0.80386
202 201 1
202 203 0.80386
202 222 1
202 317 -0.59482
203 91 -0.47815
203 183 0.80386
203 202 0.80386
203 204 0.64619
203 223 0.80386
203 227 0.35381
203 297 -0.59482
203 316 -0.47815
203 318 -0.59482
203 337 -0.47815
203 365 0.35381
204 71 -0.47815
204 90 -0.47815
204 92 -0.59482
204 111 -0.59482
204 117 -0.47815
204 184 0.80386
204 203 0.64619
204 205 0.80386
204 224 0.64619
204 246 0.35381
204 317 -0.47815
204 346 0.35381
205 91 -0.59482
205 185 1
205 204 0.80386
205 206 1
205 225 1
206 145 -0.59482
206 186 1
206 205 1
206 207 0.80386
206 226 1
207 67 -0.47815
207 125 -0.59482
207 144 -0.59482
207 146 -0.47815
207 165 -0.59482
207 187 0.80386
207 206 0.80386
207 208 0.64619
207 227 0.64619
207 337 -0.47815
207 386 0.35381
208 47 -0.59482
208 66 -0.47815
208 68 -0.59482
208 87 -0.59482
208 120 0.35381
208 145 -0.47815
208 188 0.80386
208 207 0.64619
208 209 0.64619
208 228 0.80386
208 334 -0.47815
209 67 -0.47815
209 189 0.80386
209 208 0.64619
209 210 0.64619
209 229 0.64619
209 314 -0.59482
209 325 -0.47815
209 333 -0.59482
209 335 -0.59482
209 354 -0.59482
209 375 -0.47815
210 57 0.35381
210 106 -0.47815
210 190 0.64619
210 200 -0.47815
210 209 0.64619
210 211 0.64619
210 230 0.64619
210 259 0.35381
210 334 -0.47815
210 355 -0.47815
210 363 -0.47815
210 374 -0.59482
210 376 -0.59482
210 395 -0.47815
211 2 0.35381
211 191 0.80386
211 210 0.64619
211 212 0.64619
211 231 0.80386
211 343 -0.59482
211 362 -0.59482
211 364 -0.59482
211 375 -0.47815
211 383 -0.47815
211 387 -0.47815
212 7 -0.59482
212 146 0.35381
212 192 0.80386
212 211 0.64619
212 213 0.80386
212 232 0.80386
212 329 0.35381
212 363 -0.47815
212 367 -0.59482
212 386 -0.47815
212 388 -0.47815
213 193 1
213 212 0.80386
213 214 1
213 233 1
213 387 -0.59482
214 194 1
214 213 1
214 215 1
214 234 1
215 195 1
215 214 1
215 216 1
215 235 1
216 196 1
216 215 1
216 217 1
216 236 1
217 131 -0.59482
217 197 0.80386
217 216 1
217 218 1
217 237 1
218 198 0.80386
218 217 1
218 219 1
218 238 1
218 392 -0.59482
219 199 0.80386
219 218 1
219 220 1
219 239 1
219 279 -0.59482
220 200 0.80386
220 201 1
220 219 1
220 230 -0.59482
220 240 1
221 201 1
221 222 1
221 240 1
221 241 1
222 202 1
222 221 1
222 223 1
222 242 1
223 117 -0.59482
223 203 0.80386
223 222 1
223 224 0.80386
223 243 1
223 317 -0.59482
224 86 0.35381
224 91 -0.47815
224 97 -0.47815
224 116 -0.47815
224 118 -0.59482
224 137 -0.59482
224 204 0.64619
224 223 0.80386
224 225 0.80386
224 244 0.80386
224 368 0.35381
225 117 -0.59482
225 205 1
225 224 0.80386
225 226 1
225 245 1
226 90 -0.59482
226 206 1
226 225 1
226 227 0.80386
226 246 0.80386
226 337 -0.59482
227 145 -0.47815
227 203 0.35381
227 207 0.64619
227 226 0.80386
227 228 0.80386
227 247 0.80386
227 317 -0.47815
227 336 -0.59482
227 338 -0.59482
227 357 -0.59482
228 49 -0.59482
228 67 -0.59482
228 208 0.80386
228 227 0.80386
228 229 0.80386
228 248 0.80386
228 325 -0.59482
228 337 -0.59482
229 56 0.35381
229 84 -0.47815
229 200 -0.47815
229 209 0.64619
229 228 0.80386
229 230 0.64619
229 249 0.64619
229 305 -0.59482
229 324 -0.59482
229 326 -0.47815
229 334 -0.47815
229 345 -0.59482
230 78 0.35381
230 180 -0.59482
230 181 -0.47815
230 199 -0.47815
230 210 0.64619
230 220 -0.59482
230 229 0.64619
230 231 0.80386
230 250 0.80386
230 279 0.35381
230 325 -0.47815
230 375 -0.47815
231 200 -0.59482
231 211 0.80386
231 230 0.80386
231 232 1
231 251 1
231 363 -0.59482
232 212 0.80386
232 231 1
232 233 1
232 252 1
232 387 -0.59482
233 213 1
233 232 1
233 234 1
233 253 1
234 214 1
234 233 1
234 235 1
234 254 1
235 215 1
235 234 1
235 236 1
235 255 1
236 216 1
236 235 1
236 237 1
236 256 1
237 217 1
237 236 1
237 238 1
237 257 1
238 218 1
238 237 1
238 239 1
238 258 1
239 219 1
239 238 1
239 240 1
239 259 0.80386
239 355 -0.59482
240 77 -0.59482
240 220 1
240 221 1
240 239 1
240 260 0.80386
241 48 -0.59482
241 77 -0.59482
241 221 1
241 242 1
241 260 0.80386
241 261 0.80386
242 222 1
242 241 1
242 243 1
242 262 1
243 223 1
243 242 1
243 244 1
243 263 1
244 117 -0.59482
244 224 0.80386
244 243 1
244 245 1
244 264 1
245 90 -0.59482
245 225 1
245 244 1
245 246 0.80386
245 265 1
246 70 -0.59482
246 89 -0.59482
246 91 -0.47815
246 110 -0.59482
246 204 0.35381
246 226 0.80386
246 245 0.80386
246 247 0.80386
246 266 0.80386
247 49 -0.59482
247 90 -0.59482
247 227 0.80386
247 246 0.80386
247 248 0.80386
247 267 1
247 337 -0.59482
248 9 0.35381
248 13 -0.47815
248 29 -0.59482
248 48 -0.47815
248 50 -0.47815
248 69 -0.59482
248 84 -0.47815
248 228 0.80386
248 247 0.80386
248 249 0.64619
248 261 0.35381
248 268 0.64619
249 49 -0.47815
249 64 -0.59482
249 83 -0.59482
249 85 -0.59482
249 104 -0.59482
249 229 0.64619
249 248 0.64619
249 250 0.80386
249 269 0.64619
249 325 -0.47815
249 328 -0.47815
250 84 -0.59482
250 200 -0.59482
250 230 0.80386
250 249 0.80386
250 251 1
250 270 1
251 4 -0.59482
251 231 1
251 250 1
251 252 1
251 271 0.80386
252 232 1
252 251 1
252 253 1
252 272 1
253 233 1
253 252 1
253 254 1
253 273 1
254 234 1
254 253 1
254 255 1
254 274 1
255 235 1
255 254 1
255 256 1
255 275 1
256 236 1
256 255 1
256 257 1
256 276 1
257 237 1
257 256 1
257 258 1
257 277 1
258 238 1
258 257 1
258 259 0.80386
258 278 1
258 355 -0.59482
259 77 -0.47815
259 199 -0.47815
259 210 0.35381
259 239 0.80386
259 258 0.80386
259 260 0.64619
259 279 0.64619
259 335 -0.59482
259 354 -0.59482
259 356 -0.59482
259 375 -0.47815
260 57 -0.47815
260 76 -0.59482
260 78 -0.47815
260 86 0.35381
260 97 -0.47815
260 181 0.35381
260 240 0.80386
260 241 0.80386
260 259 0.64619
260 280 0.80386
260 355 -0.47815
260 395 0.35381
261 5 0.35381
261 28 -0.47815
261 47 -0.59482
261 49 -0.47815
261 68 -0.59482
261 241 0.80386
261 248 0.35381
261 262 0.80386
261 280 0.80386
261 281 0.80386
262 48 -0.59482
262 242 1
262 261 0.80386
262 263 1
262 282 1
263 243 1
263 262 1
263 264 1
263 283 1
264 244 1
264 263 1
264 265 1
264 284 1
265 245 1
265 264 1
265 266 1
265 285 0.80386
265 382 -0.59482
266 90 -0.59482
266 246 0.80386
266 265 1
266 267 1
266 286 1
267 13 -0.59482
267 247 1
267 266 1
267 268 0.80386
267 287 1
268 12 -0.59482
268 14 -0.59482
268 33 -0.59482
268 49 -0.47815
268 248 0.64619
268 267 0.80386
268 269 0.64619
268 288 0.80386
268 328 -0.47815
268 331 0.35381
268 393 -0.47815
269 13 -0.47815
269 84 -0.47815
269 249 0.64619
269 268 0.64619
269 270 0.80386
269 289 0.80386
269 308 -0.59482
269 327 -0.59482
269 329 -0.47815
269 348 -0.59482
269 388 0.35381
270 4 -0.59482
270 250 1
270 269 0.80386
270 271 0.80386
270 290 1
270 328 -0.59482
271 3 -0.47815
271 5 -0.47815
271 24 -0.59482
271 28 0.35381
271 100 0.35381
271 251 0.80386
271 270 0.80386
271 272 0.80386
271 291 0.80386
271 384 -0.59482
272 4 -0.59482
272 252 1
272 271 0.80386
272 273 1
272 292 1
273 253 1
273 272 1
273 274 1
273 293 1
274 254 1
274 273 1
274 275 1
274 294 1
275 139 -0.59482
275 255 1
275 274 1
275 276 1
275 295 0.80386
276 256 1
276 275 1
276 277 1
276 296 1
277 257 1
277 276 1
277 278 1
277 297 1
278 199 -0.59482
278 258 1
278 277 1
278 279 0.80386
278 298 1
279 138 -0.47815
279 179 -0.59482
279 198 -0.47815
279 200 -0.47815
279 219 -0.59482
279 230 0.35381
279 259 0.64619
279 278 0.80386
279 280 0.80386
279 299 0.64619
279 355 -0.47815
279 392 0.35381
280 48 -0.59482
280 77 -0.59482
280 199 -0.59482
280 260 0.80386
280 261 0.80386
280 279 0.80386
280 300 1
281 48 -0.59482
281 261 0.80386
281 282 1
281 300 1
281 301 1
282 262 1
282 281 1
282 283 1
282 302 1
283 263 1
283 282 1
283 284 1
283 303 1
284 264 1
284 283 1
284 285 0.80386
284 304 1
284 382 -0.59482
285 2 -0.12434
285 265 0.80386
285 284 0.80386
285 286 0.80386
285 305 0.80386
285 362 -0.59482
285 381 -0.59482
285 383 -0.12434
286 266 1
286 285 0.80386
286 287 1
286 306 1
286 382 -0.59482
287 267 1
287 286 1
287 288 1
287 307 0.80386
287 380 -0.59482
288 13 -0.59482
288 268 0.80386
288 287 1
288 289 1
288 308 1
289 269 0.80386
289 288 1
289 290 1
289 309 1
289 328 -0.59482
290 270 1
290 289 1
290 291 1
290 310 1
291 4 -0.59482
291 271 0.80386
291 290 1
291 292 1
291 311 1
292 121 -0.59482
292 272 1
292 291 1
292 293 1
292 312 0.80386
293 273 1
293 292 1
293 294 1
293 313 1
294 139 -0.59482
294 274 1
294 293 1
294 295 0.80386
294 314 1
295 119 -0.59482
295 128 -0.47815
295 138 -0.47815
295 140 -0.59482
295 159 -0.59482
295 275 0.80386
295 294 0.80386
295 296 0.80386
295 299 0.35381
295 315 0.64619
296 139 -0.59482
296 276 1
296 295 0.80386
296 297 1
296 316 0.80386
296 365 -0.59482
297 203 -0.59482
297 277 1
297 296 1
297 298 1
297 317 0.80386
298 138 -0.59482
298 278 1
298 297 1
298 299 0.80386
298 318 1
299 118 -0.59482
299 137 -0.59482
299 139 -0.47815
299 158 -0.59482
299 199 -0.47815
299 279 0.64619
299 295 0.35381
299 298 0.80386
299 300 0.80386
299 319 0.80386
300 138 -0.59482
300 280 1
300 281 1
300 299 0.80386
300 320 1
301 281 1
301 302 1
301 320 1
301 321 1
302 282 1
302 301 1
302 303 1
302 322 1
303 283 1
303 302 1
303 304 1
303 323 1
304 284 1
304 303 1
304 305 1
304 324 1
305 229 -0.59482
305 285 0.80386
305 304 1
305 306 1
305 325 0.80386
305 382 -0.59482
306 56 -0.59482
306 286 1
306 305 1
306 307 0.80386
306 326 0.80386
306 380 -0.59482
307 287 0.80386
307 306 0.80386
307 308 0.80386
307 327 0.80386
307 360 -0.59482
307 361 -0.59482
307 379 -0.59482
307 400 -0.59482
308 269 -0.59482
308 288 1
308 307 0.80386
308 309 1
308 328 0.80386
308 380 -0.59482
309 289 1
309 308 1
309 310 1
309 329 0.80386
309 388 -0.59482
310 290 1
310 309 1
310 311 1
310 330 1
311 121 -0.59482
311 291 1
311 310 1
311 312 0.80386
311 331 0.80386
311 393 -0.59482
312 101 -0.59482
312 122 -0.59482
312 140 -0.59482
312 141 -0.59482
312 292 0.80386
312 311 0.80386
312 313 0.80386
312 332 0.64619
312 350 -0.47815
313 121 -0.59482
313 293 1
313 312 0.80386
313 314 1
313 333 1
314 128 -0.59482
314 209 -0.59482
314 294 1
314 313 1
314 315 0.80386
314 334 0.80386
315 108 -0.59482
315 127 -0.59482
315 129 -0.59482
315 139 -0.47815
315 148 -0.59482
315 295 0.64619
315 314 0.80386
315 316 0.64619
315 335 0.80386
315 365 -0.47815
316 128 -0.47815
316 203 -0.47815
316 296 0.80386
316 315 0.64619
316 317 0.64619
316 336 0.80386
316 345 -0.59482
316 364 -0.59482
316 366 -0.59482
316 385 -0.59482
317 91 0.35381
317 183 -0.59482
317 202 -0.59482
317 204 -0.47815
317 223 -0.59482
317 227 -0.47815
317 297 0.80386
317 316 0.64619
317 318 0.80386
317 337 0.64619
317 365 -0.47815
318 203 -0.59482
318 298 1
318 317 0.80386
318 319 1
318 338 1
319 138 -0.59482
319 299 0.80386
319 318 1
319 320 1
319 339 1
320 300 1
320 301 1
320 319 1
320 340 1
321 301 1
321 322 1
321 340 1
321 341 1
322 302 1
322 321 1
322 323 1
322 342 1
323 303 1
323 322 1
323 324 1
323 343 1
324 229 -0.59482
324 304 1
324 323 1
324 325 0.80386
324 344 1
325 56 -0.47815
325 84 0.35381
325 200 0.35381
325 209 -0.47815
325 228 -0.59482
325 230 -0.47815
325 249 -0.47815
325 305 0.80386
325 324 0.80386
325 326 0.64619
325 334 0.35381
325 345 0.80386
326 21 0.35381
326 36 -0.59482
326 55 -0.47815
326 57 -0.47815
326 71 -0.47815
326 76 -0.59482
326 229 -0.47815
326 306 0.80386
326 325 0.64619
326 327 0.80386
326 346 0.64619
326 395 0.35381
327 56 -0.59482
327 269 -0.59482
327 307 0.80386
327 326 0.80386
327 328 0.80386
327 347 1
327 380 -0.59482
328 13 0.35381
328 84 0.35381
328 249 -0.47815
328 268 -0.47815
328 270 -0.59482
328 289 -0.59482
328 308 0.80386
328 327 0.80386
328 329 0.64619
328 348 0.80386
328 388 -0.47815
329 8 -0.59482
329 116 0.35381
329 132 0.35381
329 212 0.35381
329 269 -0.47815
329 309 0.80386
329 328 0.64619
329 330 0.80386
329 349 0.80386
329 368 -0.47815
329 387 -0.47815
329 389 -0.47815
330 310 1
330 329 0.80386
330 331 0.80386
330 332 -0.59482
330 350 0.80386
330 388 -0.59482
330 393 -0.59482
331 13 -0.47815
331 198 0.35381
331 268 0.35381
331 311 0.80386
331 330 0.80386
331 332 0.64619
331 350 -0.47815
331 351 0.80386
331 373 -0.59482
331 392 -0.47815
331 394 -0.59482
332 121 -0.47815
332 161 0.35381
332 312 0.64619
332 330 -0.59482
332 331 0.64619
332 333 0.80386
332 349 -0.59482
332 351 -0.59482
332 352 0.80386
332 370 -0.47815
332 393 -0.47815
333 209 -0.59482
333 313 1
333 332 0.80386
333 334 0.80386
333 350 -0.59482
333 353 1
334 67 0.35381
334 189 -0.59482
334 208 -0.47815
334 210 -0.47815
334 229 -0.47815
334 314 0.80386
334 325 0.35381
334 333 0.80386
334 335 0.80386
334 354 0.80386
334 375 0.35381
335 128 -0.59482
335 209 -0.59482
335 259 -0.59482
335 315 0.80386
335 334 0.80386
335 336 1
335 355 0.80386
336 227 -0.59482
336 316 0.80386
336 335 1
336 337 0.80386
336 356 1
336 365 -0.59482
337 145 0.35381
337 203 -0.47815
337 207 -0.47815
337 226 -0.59482
337 228 -0.59482
337 247 -0.59482
337 317 0.64619
337 336 0.80386
337 338 0.80386
337 357 0.80386
338 227 -0.59482
338 318 1
338 337 0.80386
338 339 1
338 358 1
339 319 1
339 338 1
339 340 1
339 359 1
340 320 1
340 321 1
340 339 1
340 360 1
341 321 1
341 342 1
341 360 1
341 361 1
342 322 1
342 341 1
342 343 1
342 362 1
343 211 -0.59482
343 323 1
343 342 1
343 344 1
343 363 0.80386
344 324 1
344 343 1
344 345 1
344 364 1
345 71 -0.59482
345 229 -0.59482
345 316 -0.59482
345 325 0.80386
345 344 1
345 346 0.80386
345 365 0.80386
346 51 -0.59482
346 56 -0.47815
346 70 -0.59482
346 72 -0.59482
346 91 -0.47815
346 204 0.35381
346 326 0.64619
346 345 0.80386
346 347 0.80386
346 366 0.80386
347 71 -0.59482
347 327 1
347 346 0.80386
347 348 1
347 367 1
348 116 -0.59482
348 269 -0.59482
348 328 0.80386
348 347 1
348 349 1
348 368 0.80386
349 329 0.80386
349 332 -0.59482
349 348 1
349 350 0.80386
349 369 1
349 388 -0.59482
350 121 0.35381
350 161 -0.47815
350 312 -0.47815
350 330 0.80386
350 331 -0.47815
350 333 -0.59482
350 349 0.80386
350 351 0.80386
350 352 -0.59482
350 370 0.64619
350 393 0.35381
351 331 0.80386
351 332 -0.59482
351 350 0.80386
351 352 1
351 371 1
351 393 -0.59482
352 332 0.80386
352 350 -0.59482
352 351 1
352 353 1
352 372 1
353 333 1
353 352 1
353 354 1
353 373 1
354 209 -0.59482
354 259 -0.59482
354 334 0.80386
354 353 1
354 355 0.80386
354 374 1
355 77 0.35381
355 199 0.35381
355 210 -0.47815
355 239 -0.59482
355 258 -0.59482
355 260 -0.47815
355 279 -0.47815
355 335 0.80386
355 354 0.80386
355 356 0.80386
355 375 0.64619
356 259 -0.59482
356 336 1
356 355 0.80386
356 357 1
356 376 1
357 227 -0.59482
357 337 0.80386
357 356 1
357 358 1
357 377 1
358 19 -0.59482
358 338 1
358 357 1
358 359 1
358 378 0.80386
359 339 1
359 358 1
359 360 1
359 379 1
360 307 -0.59482
360 340 1
360 341 1
360 359 1
360 380 0.80386
361 307 -0.59482
361 341 1
361 362 1
361 380 0.80386
361 381 1
362 211 -0.59482
362 285 -0.59482
362 342 1
362 361 1
362 363 0.80386
362 382 0.80386
363 2 -0.47815
363 191 -0.59482
363 210 -0.47815
363 212 -0.47815
363 231 -0.59482
363 343 0.80386
363 362 0.80386
363 364 0.80386
363 375 0.35381
363 383 0.64619
363 387 0.35381
364 211 -0.59482
364 316 -0.59482
364 344 1
364 363 0.80386
364 365 0.80386
364 384 1
365 128 0.35381
365 203 0.35381
365 296 -0.59482
365 315 -0.47815
365 317 -0.47815
365 336 -0.59482
365 345 0.80386
365 364 0.80386
365 366 0.80386
365 385 0.80386
366 71 -0.59482
366 146 -0.59482
366 316 -0.59482
366 346 0.80386
366 365 0.80386
366 367 1
366 386 0.80386
367 116 -0.59482
367 212 -0.59482
367 347 1
367 366 1
367 368 0.80386
367 387 0.80386
368 96 -0.59482
368 115 -0.47815
368 117 -0.47815
368 136 -0.59482
368 182 0.35381
368 224 0.35381
368 329 -0.47815
368 348 0.80386
368 367 0.80386
368 369 0.80386
368 388 0.64619
369 116 -0.59482
369 132 -0.59482
369 161 -0.59482
369 349 1
369 368 0.80386
369 370 0.80386
369 389 0.80386
370 78 0.35381
370 141 -0.59482
370 162 -0.59482
370 180 -0.59482
370 181 -0.47815
370 332 -0.47815
370 350 0.64619
370 369 0.80386
370 371 0.80386
370 390 0.80386
371 161 -0.59482
371 351 1
371 370 0.80386
371 372 1
371 391 1
372 198 -0.59482
372 352 1
372 371 1
372 373 1
372 392 0.80386
373 331 -0.59482
373 353 1
373 372 1
373 374 1
373 393 0.80386
374 210 -0.59482
374 354 1
374 373 1
374 375 0.80386
374 394 1
375 57 -0.47815
375 106 0.35381
375 190 -0.47815
375 200 0.35381
375 209 -0.47815
375 211 -0.47815
375 230 -0.47815
375 259 -0.47815
375 334 0.35381
375 355 0.64619
375 363 0.35381
375 374 0.80386
375 376 0.80386
375 395 0.64619
376 210 -0.59482
376 356 1
376 375 0.80386
376 377 1
376 396 1
377 19 -0.59482
377 357 1
377 376 1
377 378 0.80386
377 397 1
378 18 -0.47815
378 20 -0.47815
378 39 -0.59482
378 93 0.35381
378 170 0.35381
378 358 0.80386
378 377 0.80386
378 379 0.80386
378 398 0.80386
378 399 -0.59482
379 19 -0.59482
379 307 -0.59482
379 359 1
379 378 0.80386
379 380 0.80386
379 399 1
380 287 -0.59482
380 306 -0.59482
380 308 -0.59482
380 327 -0.59482
380 360 0.80386
380 361 0.80386
380 379 0.80386
380 400 0.80386
381 1 1
381 285 -0.59482
381 361 1
381 382 0.80386
381 400 1
382 2 0.16803
382 265 -0.59482
382 284 -0.59482
382 286 -0.59482
382 305 -0.59482
382 362 0.80386
382 381 0.80386
382 383 0.16803
383 1 -0.59482
383 3 0.16803
383 22 -0.59482
383 100 -0.12434
383 211 -0.47815
383 285 -0.12434
383 363 0.64619
383 382 0.16803
383 384 0.80386
384 2 -0.59482
384 4 0.80386
384 271 -0.59482
384 364 1
384 383 0.80386
384 385 1
385 5 0.80386
385 28 -0.59482
385 146 -0.59482
385 316 -0.59482
385 365 0.80386
385 384 1
385 386 0.80386
386 6 0.64619
386 126 -0.59482
386 143 -0.47815
386 145 -0.47815
386 147 -0.59482
386 166 -0.59482
386 207 0.35381
386 212 -0.47815
386 366 0.80386
386 385 0.80386
386 387 0.64619
387 7 0.80386
387 146 -0.47815
387 192 -0.59482
387 211 -0.47815
387 213 -0.59482
387 232 -0.59482
387 329 -0.47815
387 363 0.35381
387 367 0.80386
387 386 0.64619
387 388 0.64619
388 8 0.80386
388 116 -0.47815
388 132 -0.47815
388 212 -0.47815
388 269 0.35381
388 309 -0.59482
388 328 -0.47815
388 330 -0.59482
388 349 -0.59482
388 368 0.64619
388 387 0.64619
388 389 0.64619
389 9 0.64619
389 50 -0.47815
389 112 -0.59482
389 131 -0.47815
389 133 -0.59482
389 152 -0.59482
389 197 0.35381
389 329 -0.47815
389 369 0.80386
389 388 0.64619
389 390 0.80386
390 10 1
390 132 -0.59482
390 161 -0.59482
390 370 0.80386
390 389 0.80386
390 391 1
391 11 1
391 198 -0.59482
391 371 1
391 390 1
391 392 0.80386
392 12 0.80386
392 131 0.35381
392 178 -0.59482
392 197 -0.47815
392 199 -0.47815
392 218 -0.59482
392 279 0.35381
392 331 -0.47815
392 372 0.80386
392 391 0.80386
392 393 0.64619
393 13 0.64619
393 198 -0.47815
393 268 -0.47815
393 311 -0.59482
393 330 -0.59482
393 332 -0.47815
393 350 0.35381
393 351 -0.59482
393 373 0.80386
393 392 0.64619
393 394 0.80386
394 14 1
394 57 -0.59482
394 331 -0.59482
394 374 1
394 393 0.80386
394 395 0.80386
395 15 0.80386
395 37 -0.59482
395 56 -0.47815
395 58 -0.59482
395 77 -0.47815
395 210 -0.47815
395 260 0.35381
395 326 0.35381
395 375 0.64619
395 394 0.80386
395 396 0.80386
396 16 1
396 57 -0.59482
396 376 1
396 395 0.80386
396 397 1
397 17 1
397 377 1
397 396 1
397 398 1
398 18 0.80386
398 19 -0.59482
398 170 -0.59482
398 378 0.80386
398 397 1
398 399 1
399 19 0.80386
399 378 -0.59482
399 379 1
399 398 1
399 400 1
400 20 0.80386
400 93 -0.59482
400 307 -0.59482
400 380 0.80386
400 381 1
400 399 1
