1 2 1
1 30 1
1 31 1
1 871 1
2 1 1
2 3 1
2 32 1
2 872 1
3 2 1
3 4 1
3 33 1
3 313 -0.35021
3 873 0.93667
4 3 1
4 5 1
4 34 1
4 874 1
5 4 1
5 6 1
5 35 1
5 295 -0.35021
5 875 0.93667
6 5 1
6 7 1
6 36 1
6 876 1
7 6 1
7 8 1
7 37 1
7 877 1
8 7 1
8 9 1
8 38 1
8 878 1
9 8 1
9 10 1
9 39 1
9 879 1
10 9 1
10 11 1
10 40 1
10 880 1
11 10 1
11 12 1
11 41 1
11 881 1
12 11 1
12 13 1
12 42 1
12 819 -0.35021
12 882 0.93667
13 12 1
13 14 1
13 43 1
13 883 1
14 13 1
14 15 0.93667
14 44 1
14 368 -0.35021
14 884 1
15 14 0.93667
15 16 0.93667
15 45 0.93667
15 338 -0.35021
15 367 -0.35021
15 369 -0.35021
15 398 -0.35021
15 885 0.93667
16 15 0.93667
16 17 1
16 46 1
16 368 -0.35021
16 886 1
17 16 1
17 18 0.93667
17 47 1
17 62 -0.35021
17 887 1
18 17 0.93667
18 19 0.93667
18 32 -0.35021
18 48 0.93667
18 61 -0.35021
18 63 -0.35021
18 92 -0.35021
18 888 0.93667
19 18 0.93667
19 20 1
19 49 1
19 62 -0.35021
19 889 1
20 19 1
20 21 1
20 50 1
20 890 1
21 20 1
21 22 1
21 51 1
21 891 1
22 21 1
22 23 0.93667
22 52 1
22 459 -0.35021
22 892 1
23 22 0.93667
23 24 0.93667
23 53 0.93667
23 429 -0.35021
23 458 -0.35021
23 460 -0.35021
23 489 -0.35021
23 893 0.93667
24 23 0.93667
24 25 1
24 54 1
24 459 -0.35021
24 894 1
25 24 1
25 26 1
25 55 1
25 895 1
26 25 1
26 27 1
26 56 1
26 896 1
27 26 1
27 28 1
27 57 1
27 897 1
28 27 1
28 29 1
28 58 1
28 898 1
29 28 1
29 30 1
29 59 1
29 899 1
30 1 1
30 29 1
30 60 1
30 900 1
31 1 1
31 32 1
31 60 1
31 61 1
32 2 1
32 18 -0.35021
32 31 1
32 33 1
32 62 0.93667
33 3 1
33 32 1
33 34 1
33 63 1
34 4 1
34 33 1
34 35 1
34 64 1
35 5 1
35 34 1
35 36 1
35 65 1
36 6 1
36 35 1
36 37 1
36 66 1
37 7 1
37 36 1
37 38 1
37 67 1
38 8 1
38 37 1
38 39 1
38 68 1
39 9 1
39 38 1
39 40 1
39 69 1
40 10 1
40 39 1
40 41 1
40 70 1
41 11 1
41 40 1
41 42 1
41 71 0.93667
41 859 -0.35021
42 12 1
42 41 1
42 43 1
42 72 1
43 13 1
43 42 1
43 44 1
43 73 1
44 14 1
44 43 1
44 45 1
44 74 1
45 15 0.93667
45 44 1
45 46 1
45 75 1
45 368 -0.35021
46 16 1
46 45 1
46 47 1
46 76 1
47 17 1
47 46 1
47 48 1
47 77 0.93667
47 794 -0.35021
48 18 0.93667
48 47 1
48 49 1
48 62 -0.35021
48 78 1
49 19 1
49 48 1
49 50 1
49 79 1
50 20 1
50 49 1
50 51 1
50 80 1
51 21 1
51 50 1
51 52 1
51 81 1
52 22 1
52 51 1
52 53 1
52 82 1
53 23 0.93667
53 52 1
53 54 1
53 83 0.93667
53 349 -0.35021
53 459 -0.35021
54 24 1
54 53 1
54 55 1
54 84 1
55 25 1
55 54 1
55 56 1
55 85 1
56 26 1
56 55 1
56 57 1
56 86 1
57 27 1
57 56 1
57 58 1
57 87 1
58 28 1
58 57 1
58 59 1
58 88 1
59 29 1
59 58 1
59 60 1
59 89 1
60 30 1
60 31 1
60 59 1
60 90 1
61 18 -0.35021
61 31 1
61 62 0.93667
61 90 1
61 91 1
62 17 -0.35021
62 19 -0.35021
62 32 0.93667
62 48 -0.35021
62 61 0.93667
62 63 0.93667
62 92 0.93667
62 888 -0.35021
63 18 -0.35021
63 33 1
63 62 0.93667
63 64 1
63 93 1
64 34 1
64 63 1
64 65 1
64 94 1
65 35 1
65 64 1
65 66 1
65 95 1
66 36 1
66 65 1
66 67 1
66 96 1
67 37 1
67 66 1
67 68 1
67 97 1
68 38 1
68 67 1
68 69 1
68 98 1
69 39 1
69 68 1
69 70 1
69 99 1
70 40 1
70 69 1
70 71 0.93667
70 100 1
70 859 -0.35021
71 41 0.93667
71 70 0.93667
71 72 0.93667
71 101 0.93667
71 829 -0.35021
71 858 -0.35021
71 860 -0.35021
71 889 -0.35021
72 42 1
72 71 0.93667
72 73 1
72 102 1
72 859 -0.35021
73 43 1
73 72 1
73 74 1
73 103 1
74 44 1
74 73 1
74 75 1
74 104 1
75 45 1
75 74 1
75 76 1
75 105 1
76 46 1
76 75 1
76 77 0.93667
76 106 1
76 794 -0.35021
77 47 0.93667
77 76 0.93667
77 78 0.93667
77 107 0.93667
77 764 -0.35021
77 793 -0.35021
77 795 -0.35021
77 824 -0.35021
78 48 1
78 77 0.93667
78 79 1
78 108 1
78 794 -0.35021
79 49 1
79 78 1
79 80 1
79 109 0.93667
79 517 -0.35021
80 50 1
80 79 1
80 81 1
80 110 1
81 51 1
81 80 1
81 82 1
81 111 1
82 52 1
82 81 1
82 83 0.93667
82 112 1
82 349 -0.35021
83 53 0.93667
83 82 0.93667
83 84 0.93667
83 113 0.93667
83 319 -0.35021
83 348 -0.35021
83 350 -0.35021
83 379 -0.35021
84 54 1
84 83 0.93667
84 85 1
84 114 1
84 349 -0.35021
85 55 1
85 84 1
85 86 1
85 115 1
86 56 1
86 85 1
86 87 1
86 116 1
87 57 1
87 86 1
87 88 1
87 117 1
88 58 1
88 87 1
88 89 1
88 118 1
89 59 1
89 88 1
89 90 1
89 119 1
90 60 1
90 61 1
90 89 1
90 120 1
91 61 1
91 92 1
91 120 1
91 121 0.93667
91 527 -0.35021
92 18 -0.35021
92 62 0.93667
92 91 1
92 93 1
92 122 1
93 63 1
93 92 1
93 94 1
93 123 1
94 64 1
94 93 1
94 95 1
94 124 1
95 65 1
95 94 1
95 96 1
95 125 0.93667
95 317 -0.35021
96 66 1
96 95 1
96 97 1
96 126 1
97 67 1
97 96 1
97 98 1
97 127 1
98 68 1
98 97 1
98 99 1
98 128 0.93667
98 649 -0.35021
99 69 1
99 98 1
99 100 1
99 129 1
100 70 1
100 99 1
100 101 1
100 130 1
101 71 0.93667
101 100 1
101 102 1
101 131 1
101 859 -0.35021
102 72 1
102 101 1
102 103 1
102 132 0.93667
102 635 -0.35021
103 73 1
103 102 1
103 104 1
103 133 1
104 74 1
104 103 1
104 105 1
104 134 1
105 75 1
105 104 1
105 106 1
105 135 1
106 76 1
106 105 1
106 107 1
106 136 1
107 77 0.93667
107 106 1
107 108 1
107 137 1
107 794 -0.35021
108 78 1
108 107 1
108 109 0.93667
108 138 1
108 517 -0.35021
109 79 0.93667
109 108 0.93667
109 110 0.93667
109 139 0.93667
109 487 -0.35021
109 516 -0.35021
109 518 -0.35021
109 547 -0.35021
110 80 1
110 109 0.93667
110 111 1
110 140 1
110 517 -0.35021
111 81 1
111 110 1
111 112 1
111 141 1
112 82 1
112 111 1
112 113 1
112 142 1
113 83 0.93667
113 112 1
113 114 1
113 143 1
113 349 -0.35021
114 84 1
114 113 1
114 115 1
114 144 1
115 85 1
115 114 1
115 116 1
115 145 1
116 86 1
116 115 1
116 117 1
116 146 1
117 87 1
117 116 1
117 118 1
117 147 1
118 88 1
118 117 1
118 119 1
118 148 0.93667
118 233 -0.35021
119 89 1
119 118 1
119 120 1
119 149 1
120 90 1
120 91 1
120 119 1
120 150 1
121 91 0.93667
121 122 0.93667
121 150 0.93667
121 151 0.93667
121 497 -0.35021
121 526 -0.35021
121 528 -0.35021
121 557 -0.35021
122 92 1
122 121 0.93667
122 123 1
122 152 1
122 527 -0.35021
123 93 1
123 122 1
123 124 1
123 153 1
124 94 1
124 123 1
124 125 0.93667
124 154 1
124 317 -0.35021
125 95 0.93667
125 124 0.93667
125 126 0.93667
125 155 0.93667
125 287 -0.35021
125 316 -0.35021
125 318 -0.35021
125 347 -0.35021
126 96 1
126 125 0.93667
126 127 1
126 156 1
126 317 -0.35021
127 97 1
127 126 1
127 128 0.93667
127 157 1
127 649 -0.35021
128 98 0.93667
128 127 0.93667
128 129 0.93667
128 158 0.93667
128 619 -0.35021
128 648 -0.35021
128 650 -0.35021
128 679 -0.35021
129 99 1
129 128 0.93667
129 130 1
129 159 1
129 649 -0.35021
130 100 1
130 129 1
130 131 1
130 160 1
131 101 1
131 130 1
131 132 0.93667
131 161 1
131 635 -0.35021
132 102 0.93667
132 131 0.93667
132 133 0.93667
132 162 0.93667
132 605 -0.35021
132 634 -0.35021
132 636 -0.35021
132 665 -0.35021
133 103 1
133 132 0.93667
133 134 1
133 163 1
133 635 -0.35021
134 104 1
134 133 1
134 135 1
134 164 0.93667
134 652 -0.35021
135 105 1
135 134 1
135 136 1
135 165 1
136 106 1
136 135 1
136 137 1
136 166 1
137 107 1
137 136 1
137 138 1
137 167 0.93667
137 867 -0.35021
138 108 1
138 137 1
138 139 1
138 168 1
139 109 0.93667
139 138 1
139 140 1
139 169 1
139 517 -0.35021
140 110 1
140 139 1
140 141 1
140 170 1
141 111 1
141 140 1
141 142 1
141 171 1
142 112 1
142 141 1
142 143 1
142 172 1
143 113 1
143 142 1
143 144 1
143 173 0.93667
143 334 -0.35021
144 114 1
144 143 1
144 145 1
144 174 1
145 115 1
145 144 1
145 146 1
145 175 1
146 116 1
146 145 1
146 147 1
146 176 1
147 117 1
147 146 1
147 148 0.93667
147 177 1
147 233 -0.35021
148 118 0.93667
148 147 0.93667
148 149 0.93667
148 178 0.93667
148 203 -0.35021
148 232 -0.35021
148 234 -0.35021
148 263 -0.35021
149 119 1
149 148 0.93667
149 150 1
149 179 1
149 233 -0.35021
150 120 1
150 121 0.93667
150 149 1
150 180 1
150 527 -0.35021
151 121 0.93667
151 152 1
151 180 1
151 181 1
151 527 -0.35021
152 122 1
152 151 1
152 153 1
152 182 1
153 123 1
153 152 1
153 154 1
153 183 1
154 124 1
154 153 1
154 155 1
154 184 0.93667
154 800 -0.35021
155 125 0.93667
155 154 1
155 156 1
155 185 1
155 317 -0.35021
156 126 1
156 155 1
156 157 1
156 186 1
157 127 1
157 156 1
157 158 1
157 187 1
158 128 0.93667
158 157 1
158 159 1
158 188 0.93667
158 649 -0.35021
158 699 -0.35021
159 129 1
159 158 1
159 160 1
159 189 1
160 130 1
160 159 1
160 161 1
160 190 1
161 131 1
161 160 1
161 162 1
161 191 1
162 132 0.93667
162 161 1
162 163 1
162 192 1
162 635 -0.35021
163 133 1
163 162 1
163 164 0.93667
163 193 1
163 652 -0.35021
164 134 0.93667
164 163 0.93667
164 165 0.93667
164 194 0.93667
164 622 -0.35021
164 651 -0.35021
164 653 -0.35021
164 682 -0.35021
165 135 1
165 164 0.93667
165 166 1
165 195 0.93667
165 324 -0.35021
165 652 -0.35021
166 136 1
166 165 1
166 167 0.93667
166 196 1
166 867 -0.35021
167 137 0.93667
167 166 0.93667
167 168 0.93667
167 197 0.93667
167 837 -0.35021
167 866 -0.35021
167 868 -0.35021
167 897 -0.35021
168 138 1
168 167 0.93667
168 169 1
168 198 1
168 867 -0.35021
169 139 1
169 168 1
169 170 1
169 199 1
170 140 1
170 169 1
170 171 1
170 200 1
171 141 1
171 170 1
171 172 1
171 201 1
172 142 1
172 171 1
172 173 0.93667
172 202 1
172 334 -0.35021
173 143 0.93667
173 172 0.93667
173 174 0.93667
173 203 0.93667
173 304 -0.35021
173 333 -0.35021
173 335 -0.35021
173 364 -0.35021
174 144 1
174 173 0.93667
174 175 1
174 204 1
174 334 -0.35021
175 145 1
175 174 1
175 176 1
175 205 1
176 146 1
176 175 1
176 177 1
176 206 0.93667
176 250 -0.35021
177 147 1
177 176 1
177 178 1
177 207 1
178 148 0.93667
178 177 1
178 179 1
178 208 1
178 233 -0.35021
179 149 1
179 178 1
179 180 1
179 209 1
180 150 1
180 151 1
180 179 1
180 210 1
181 151 1
181 182 1
181 210 1
181 211 1
182 152 1
182 181 1
182 183 1
182 212 1
183 153 1
183 182 1
183 184 0.93667
183 213 1
183 800 -0.35021
184 154 0.93667
184 183 0.93667
184 185 0.93667
184 214 0.93667
184 770 -0.35021
184 799 -0.35021
184 801 -0.35021
184 830 -0.35021
185 155 1
185 184 0.93667
185 186 1
185 215 0.93667
185 436 -0.35021
185 800 -0.35021
186 156 1
186 185 1
186 187 1
186 216 1
187 157 1
187 186 1
187 188 0.93667
187 217 0.93667
187 271 -0.35021
187 699 -0.35021
188 158 0.93667
188 187 0.93667
188 189 0.93667
188 218 0.93667
188 669 -0.35021
188 698 -0.35021
188 700 -0.35021
188 729 -0.35021
189 159 1
189 188 0.93667
189 190 1
189 219 1
189 699 -0.35021
190 160 1
190 189 1
190 191 1
190 220 1
191 161 1
191 190 1
191 192 1
191 221 1
192 162 1
192 191 1
192 193 1
192 222 1
193 163 1
193 192 1
193 194 1
193 223 1
194 164 0.93667
194 193 1
194 195 0.93667
194 224 0.93667
194 324 -0.35021
194 652 -0.35021
194 678 -0.35021
195 165 0.93667
195 194 0.93667
195 196 0.93667
195 225 0.93667
195 294 -0.35021
195 323 -0.35021
195 325 -0.35021
195 354 -0.35021
196 166 1
196 195 0.93667
196 197 1
196 226 1
196 324 -0.35021
197 167 0.93667
197 196 1
197 198 1
197 227 1
197 867 -0.35021
198 168 1
198 197 1
198 199 1
198 228 0.93667
198 809 -0.35021
199 169 1
199 198 1
199 200 1
199 229 1
200 170 1
200 199 1
200 201 1
200 230 1
201 171 1
201 200 1
201 202 1
201 231 1
202 172 1
202 201 1
202 203 1
202 232 1
203 148 -0.35021
203 173 0.93667
203 202 1
203 204 1
203 233 0.93667
203 334 -0.35021
204 174 1
204 203 1
204 205 1
204 234 1
205 175 1
205 204 1
205 206 0.93667
205 235 1
205 250 -0.35021
206 176 0.93667
206 205 0.93667
206 207 0.93667
206 220 -0.35021
206 236 0.93667
206 249 -0.35021
206 251 -0.35021
206 280 -0.35021
207 177 1
207 206 0.93667
207 208 1
207 237 1
207 250 -0.35021
208 178 1
208 207 1
208 209 1
208 238 1
209 179 1
209 208 1
209 210 1
209 239 1
210 180 1
210 181 1
210 209 1
210 240 1
211 181 1
211 212 1
211 240 1
211 241 1
212 182 1
212 211 1
212 213 1
212 242 1
213 183 1
213 212 1
213 214 1
213 243 1
214 184 0.93667
214 213 1
214 215 0.93667
214 244 1
214 436 -0.35021
214 800 -0.35021
215 185 0.93667
215 214 0.93667
215 216 0.93667
215 245 0.93667
215 406 -0.35021
215 435 -0.35021
215 437 -0.35021
215 466 -0.35021
216 186 1
216 215 0.93667
216 217 0.93667
216 246 1
216 271 -0.35021
216 436 -0.35021
217 187 0.93667
217 216 0.93667
217 218 0.93667
217 241 -0.35021
217 247 0.93667
217 272 -0.35021
217 300 -0.35021
217 301 -0.35021
218 188 0.93667
218 217 0.93667
218 219 1
218 248 1
218 271 -0.35021
218 699 -0.35021
219 189 1
219 218 1
219 220 1
219 249 1
220 190 1
220 206 -0.35021
220 219 1
220 221 1
220 250 0.93667
221 191 1
221 220 1
221 222 1
221 251 1
222 192 1
222 221 1
222 223 1
222 252 1
223 193 1
223 222 1
223 224 0.93667
223 253 1
223 678 -0.35021
224 194 0.93667
224 223 0.93667
224 225 0.93667
224 254 0.93667
224 648 -0.35021
224 677 -0.35021
224 679 -0.35021
224 708 -0.35021
225 195 0.93667
225 224 0.93667
225 226 1
225 255 1
225 324 -0.35021
225 678 -0.35021
226 196 1
226 225 1
226 227 1
226 256 1
227 197 1
227 226 1
227 228 0.93667
227 257 1
227 809 -0.35021
228 198 0.93667
228 227 0.93667
228 229 0.93667
228 258 0.93667
228 779 -0.35021
228 808 -0.35021
228 810 -0.35021
228 839 -0.35021
229 199 1
229 228 0.93667
229 230 1
229 259 0.93667
229 580 -0.35021
229 809 -0.35021
230 200 1
230 229 1
230 231 1
230 260 1
231 201 1
231 230 1
231 232 1
231 261 0.93667
231 598 -0.35021
232 148 -0.35021
232 202 1
232 231 1
232 233 0.93667
232 262 1
233 118 -0.35021
233 147 -0.35021
233 149 -0.35021
233 178 -0.35021
233 203 0.93667
233 232 0.93667
233 234 0.93667
233 263 0.93667
234 148 -0.35021
234 204 1
234 233 0.93667
234 235 1
234 264 1
235 205 1
235 234 1
235 236 1
235 265 1
236 206 0.93667
236 235 1
236 237 1
236 250 -0.35021
236 266 1
237 207 1
237 236 1
237 238 1
237 267 1
238 208 1
238 237 1
238 239 1
238 268 1
239 209 1
239 238 1
239 240 1
239 269 1
240 210 1
240 211 1
240 239 1
240 270 1
241 211 1
241 217 -0.35021
241 242 1
241 270 1
241 271 0.93667
242 212 1
242 241 1
242 243 1
242 272 1
243 213 1
243 242 1
243 244 1
243 273 1
244 214 1
244 243 1
244 245 1
244 274 1
245 215 0.93667
245 244 1
245 246 1
245 275 1
245 436 -0.35021
246 216 1
246 245 1
246 247 1
246 276 1
247 217 0.93667
247 246 1
247 248 1
247 271 -0.35021
247 277 1
248 218 1
248 247 1
248 249 1
248 278 1
249 206 -0.35021
249 219 1
249 248 1
249 250 0.93667
249 279 1
250 176 -0.35021
250 205 -0.35021
250 207 -0.35021
250 220 0.93667
250 236 -0.35021
250 249 0.93667
250 251 0.93667
250 280 0.93667
251 206 -0.35021
251 221 1
251 250 0.93667
251 252 1
251 281 1
252 222 1
252 251 1
252 253 1
252 282 1
253 223 1
253 252 1
253 254 1
253 283 1
254 224 0.93667
254 253 1
254 255 1
254 284 1
254 678 -0.35021
255 225 1
255 254 1
255 256 1
255 285 1
256 226 1
256 255 1
256 257 1
256 286 1
257 227 1
257 256 1
257 258 1
257 287 1
258 228 0.93667
258 257 1
258 259 0.93667
258 288 1
258 580 -0.35021
258 809 -0.35021
259 229 0.93667
259 258 0.93667
259 260 0.93667
259 289 0.93667
259 550 -0.35021
259 579 -0.35021
259 581 -0.35021
259 610 -0.35021
260 230 1
260 259 0.93667
260 261 0.93667
260 290 1
260 580 -0.35021
260 598 -0.35021
261 231 0.93667
261 260 0.93667
261 262 0.93667
261 291 0.93667
261 568 -0.35021
261 597 -0.35021
261 599 -0.35021
261 628 -0.35021
262 232 1
262 261 0.93667
262 263 1
262 292 1
262 598 -0.35021
263 148 -0.35021
263 233 0.93667
263 262 1
263 264 1
263 293 0.93667
263 827 -0.35021
264 234 1
264 263 1
264 265 1
264 294 1
265 235 1
265 264 1
265 266 1
265 295 0.93667
265 875 -0.35021
266 236 1
266 265 1
266 267 1
266 296 1
267 237 1
267 266 1
267 268 1
267 297 1
268 238 1
268 267 1
268 269 1
268 298 1
269 239 1
269 268 1
269 270 1
269 299 1
270 240 1
270 241 1
270 269 1
270 300 1
271 187 -0.35021
271 216 -0.35021
271 218 -0.35021
271 241 0.93667
271 247 -0.35021
271 272 0.93667
271 300 0.93667
271 301 0.93667
272 217 -0.35021
272 242 1
272 271 0.93667
272 273 1
272 302 1
273 243 1
273 272 1
273 274 1
273 303 1
274 244 1
274 273 1
274 275 1
274 304 1
275 245 1
275 274 1
275 276 1
275 305 1
276 246 1
276 275 1
276 277 1
276 306 1
277 247 1
277 276 1
277 278 1
277 307 1
278 248 1
278 277 1
278 279 1
278 308 0.93667
278 553 -0.35021
279 249 1
279 278 1
279 280 1
279 309 1
280 206 -0.35021
280 250 0.93667
280 279 1
280 281 1
280 310 1
281 251 1
281 280 1
281 282 1
281 311 1
282 252 1
282 281 1
282 283 1
282 312 1
283 253 1
283 282 1
283 284 1
283 313 0.93667
283 873 -0.35021
284 254 1
284 283 1
284 285 1
284 314 1
285 255 1
285 284 1
285 286 1
285 315 0.93667
285 336 -0.35021
286 256 1
286 285 1
286 287 1
286 316 1
287 125 -0.35021
287 257 1
287 286 1
287 288 1
287 317 0.93667
288 258 1
288 287 1
288 289 1
288 318 1
289 259 0.93667
289 288 1
289 290 1
289 319 1
289 580 -0.35021
290 260 1
290 289 1
290 291 1
290 320 1
291 261 0.93667
291 290 1
291 292 1
291 321 1
291 598 -0.35021
292 262 1
292 291 1
292 293 0.93667
292 322 1
292 827 -0.35021
293 263 0.93667
293 292 0.93667
293 294 0.93667
293 323 0.93667
293 797 -0.35021
293 826 -0.35021
293 828 -0.35021
293 857 -0.35021
294 195 -0.35021
294 264 1
294 293 0.93667
294 295 0.93667
294 324 0.93667
294 827 -0.35021
294 875 -0.35021
295 5 -0.35021
295 265 0.93667
295 294 0.93667
295 296 0.93667
295 325 0.93667
295 845 -0.35021
295 874 -0.35021
295 876 -0.35021
296 266 1
296 295 0.93667
296 297 1
296 326 1
296 875 -0.35021
297 267 1
297 296 1
297 298 1
297 327 1
298 268 1
298 297 1
298 299 1
298 328 1
299 269 1
299 298 1
299 300 1
299 329 1
300 217 -0.35021
300 270 1
300 271 0.93667
300 299 1
300 330 1
301 217 -0.35021
301 271 0.93667
301 302 1
301 330 1
301 331 1
302 272 1
302 301 1
302 303 1
302 332 1
303 273 1
303 302 1
303 304 1
303 333 1
304 173 -0.35021
304 274 1
304 303 1
304 305 1
304 334 0.93667
305 275 1
305 304 1
305 306 1
305 335 1
306 276 1
306 305 1
306 307 1
306 315 -0.35021
306 336 0.93667
307 277 1
307 306 1
307 308 0.93667
307 337 1
307 553 -0.35021
308 278 0.93667
308 307 0.93667
308 309 0.93667
308 338 0.93667
308 523 -0.35021
308 552 -0.35021
308 554 -0.35021
308 583 -0.35021
309 279 1
309 308 0.93667
309 310 1
309 339 1
309 553 -0.35021
310 280 1
310 309 1
310 311 1
310 340 1
311 281 1
311 310 1
311 312 1
311 341 1
312 282 1
312 311 1
312 313 0.93667
312 342 1
312 873 -0.35021
313 3 -0.35021
313 283 0.93667
313 312 0.93667
313 314 0.93667
313 343 0.93667
313 843 -0.35021
313 872 -0.35021
313 874 -0.35021
314 284 1
314 313 0.93667
314 315 0.93667
314 336 -0.35021
314 344 1
314 873 -0.35021
315 285 0.93667
315 306 -0.35021
315 314 0.93667
315 316 0.93667
315 335 -0.35021
315 337 -0.35021
315 345 0.93667
315 366 -0.35021
316 125 -0.35021
316 286 1
316 315 0.93667
316 317 0.93667
316 336 -0.35021
316 346 1
317 95 -0.35021
317 124 -0.35021
317 126 -0.35021
317 155 -0.35021
317 287 0.93667
317 316 0.93667
317 318 0.93667
317 347 0.93667
318 125 -0.35021
318 288 1
318 317 0.93667
318 319 1
318 348 1
319 83 -0.35021
319 289 1
319 318 1
319 320 1
319 349 0.93667
320 290 1
320 319 1
320 321 1
320 350 1
321 291 1
321 320 1
321 322 1
321 351 1
322 292 1
322 321 1
322 323 1
322 352 1
323 195 -0.35021
323 293 0.93667
323 322 1
323 324 0.93667
323 353 1
323 827 -0.35021
324 165 -0.35021
324 194 -0.35021
324 196 -0.35021
324 225 -0.35021
324 294 0.93667
324 323 0.93667
324 325 0.93667
324 354 0.93667
325 195 -0.35021
325 295 0.93667
325 324 0.93667
325 326 1
325 355 1
325 875 -0.35021
326 296 1
326 325 1
326 327 1
326 356 1
327 297 1
327 326 1
327 328 1
327 357 1
328 298 1
328 327 1
328 329 1
328 358 0.93667
328 811 -0.35021
329 299 1
329 328 1
329 330 1
329 359 1
330 300 1
330 301 1
330 329 1
330 360 1
331 301 1
331 332 1
331 360 1
331 361 1
332 302 1
332 331 1
332 333 1
332 362 1
333 173 -0.35021
333 303 1
333 332 1
333 334 0.93667
333 363 1
334 143 -0.35021
334 172 -0.35021
334 174 -0.35021
334 203 -0.35021
334 304 0.93667
334 333 0.93667
334 335 0.93667
334 364 0.93667
335 173 -0.35021
335 305 1
335 315 -0.35021
335 334 0.93667
335 336 0.93667
335 365 1
336 285 -0.35021
336 306 0.93667
336 314 -0.35021
336 316 -0.35021
336 335 0.93667
336 337 0.93667
336 345 -0.35021
336 366 0.93667
337 307 1
337 315 -0.35021
337 336 0.93667
337 338 1
337 367 1
338 15 -0.35021
338 308 0.93667
338 337 1
338 339 1
338 368 0.93667
338 553 -0.35021
339 309 1
339 338 1
339 340 1
339 369 1
340 310 1
340 339 1
340 341 1
340 370 1
341 311 1
341 340 1
341 342 1
341 371 1
342 312 1
342 341 1
342 343 1
342 372 1
343 313 0.93667
343 342 1
343 344 1
343 373 1
343 873 -0.35021
344 314 1
344 343 1
344 345 1
344 374 0.93667
344 684 -0.35021
345 315 0.93667
345 336 -0.35021
345 344 1
345 346 1
345 375 1
346 316 1
346 345 1
346 347 1
346 376 0.93667
346 626 -0.35021
347 125 -0.35021
347 317 0.93667
347 346 1
347 348 1
347 377 1
348 83 -0.35021
348 318 1
348 347 1
348 349 0.93667
348 378 1
349 53 -0.35021
349 82 -0.35021
349 84 -0.35021
349 113 -0.35021
349 319 0.93667
349 348 0.93667
349 350 0.93667
349 379 0.93667
350 83 -0.35021
350 320 1
350 349 0.93667
350 351 1
350 380 1
351 321 1
351 350 1
351 352 1
351 381 1
352 322 1
352 351 1
352 353 1
352 382 1
353 323 1
353 352 1
353 354 1
353 383 1
354 195 -0.35021
354 324 0.93667
354 353 1
354 355 1
354 384 1
355 325 1
355 354 1
355 356 1
355 385 1
356 326 1
356 355 1
356 357 1
356 386 1
357 327 1
357 356 1
357 358 0.93667
357 387 1
357 811 -0.35021
358 328 0.93667
358 357 0.93667
358 359 0.93667
358 388 0.93667
358 781 -0.35021
358 812 -0.35021
358 840 -0.35021
358 841 -0.35021
359 329 1
359 358 0.93667
359 360 1
359 389 1
359 811 -0.35021
360 330 1
360 331 1
360 359 1
360 390 1
361 331 1
361 362 1
361 390 1
361 391 1
362 332 1
362 361 1
362 363 1
362 392 1
363 333 1
363 362 1
363 364 1
363 393 1
364 173 -0.35021
364 334 0.93667
364 363 1
364 365 1
364 394 1
365 335 1
365 364 1
365 366 1
365 395 1
366 315 -0.35021
366 336 0.93667
366 365 1
366 367 1
366 396 1
367 15 -0.35021
367 337 1
367 366 1
367 368 0.93667
367 397 1
368 14 -0.35021
368 16 -0.35021
368 45 -0.35021
368 338 0.93667
368 367 0.93667
368 369 0.93667
368 398 0.93667
368 885 -0.35021
369 15 -0.35021
369 339 1
369 368 0.93667
369 370 1
369 399 1
370 340 1
370 369 1
370 371 1
370 400 1
371 341 1
371 370 1
371 372 1
371 401 1
372 342 1
372 371 1
372 373 1
372 402 1
373 343 1
373 372 1
373 374 0.93667
373 403 1
373 684 -0.35021
374 344 0.93667
374 373 0.93667
374 375 0.93667
374 404 0.93667
374 654 -0.35021
374 683 -0.35021
374 685 -0.35021
374 714 -0.35021
375 345 1
375 374 0.93667
375 376 0.93667
375 405 1
375 626 -0.35021
375 684 -0.35021
376 346 0.93667
376 375 0.93667
376 377 0.93667
376 406 0.93667
376 596 -0.35021
376 625 -0.35021
376 627 -0.35021
376 656 -0.35021
377 347 1
377 376 0.93667
377 378 1
377 407 1
377 626 -0.35021
378 348 1
378 377 1
378 379 1
378 408 1
379 83 -0.35021
379 349 0.93667
379 378 1
379 380 1
379 409 1
380 350 1
380 379 1
380 381 1
380 410 1
381 351 1
381 380 1
381 382 1
381 411 1
382 352 1
382 381 1
382 383 1
382 412 1
383 353 1
383 382 1
383 384 1
383 413 1
384 354 1
384 383 1
384 385 1
384 414 1
385 355 1
385 384 1
385 386 1
385 415 0.93667
385 508 -0.35021
386 356 1
386 385 1
386 387 1
386 416 1
387 357 1
387 386 1
387 388 1
387 417 1
388 358 0.93667
388 387 1
388 389 1
388 418 1
388 811 -0.35021
389 359 1
389 388 1
389 390 1
389 419 1
390 360 1
390 361 1
390 389 1
390 420 1
391 361 1
391 392 1
391 420 1
391 421 1
392 362 1
392 391 1
392 393 1
392 422 1
393 363 1
393 392 1
393 394 1
393 423 0.93667
393 726 -0.35021
394 364 1
394 393 1
394 395 1
394 424 1
395 365 1
395 394 1
395 396 1
395 425 1
396 366 1
396 395 1
396 397 1
396 426 1
397 367 1
397 396 1
397 398 1
397 427 1
398 15 -0.35021
398 368 0.93667
398 397 1
398 399 1
398 428 1
399 369 1
399 398 1
399 400 1
399 429 1
400 370 1
400 399 1
400 401 1
400 430 0.93667
400 823 -0.35021
401 371 1
401 400 1
401 402 1
401 431 1
402 372 1
402 401 1
402 403 1
402 432 1
403 373 1
403 402 1
403 404 1
403 433 1
404 374 0.93667
404 403 1
404 405 1
404 434 1
404 684 -0.35021
405 375 1
405 404 1
405 406 1
405 435 1
406 215 -0.35021
406 376 0.93667
406 405 1
406 407 1
406 436 0.93667
406 626 -0.35021
407 377 1
407 406 1
407 408 1
407 437 1
408 378 1
408 407 1
408 409 1
408 438 1
409 379 1
409 408 1
409 410 1
409 439 1
410 380 1
410 409 1
410 411 1
410 440 1
411 381 1
411 410 1
411 412 1
411 441 1
412 382 1
412 411 1
412 413 1
412 442 1
413 383 1
413 412 1
413 414 1
413 443 1
414 384 1
414 413 1
414 415 0.93667
414 444 1
414 508 -0.35021
415 385 0.93667
415 414 0.93667
415 416 0.93667
415 445 0.93667
415 478 -0.35021
415 507 -0.35021
415 509 -0.35021
415 538 -0.35021
416 386 1
416 415 0.93667
416 417 1
416 446 1
416 508 -0.35021
417 387 1
417 416 1
417 418 1
417 447 1
418 388 1
418 417 1
418 419 1
418 448 0.93667
418 541 -0.35021
419 389 1
419 418 1
419 420 1
419 449 1
420 390 1
420 391 1
420 419 1
420 450 1
421 391 1
421 422 1
421 450 1
421 451 1
422 392 1
422 421 1
422 423 0.93667
422 452 1
422 726 -0.35021
423 393 0.93667
423 422 0.93667
423 424 0.93667
423 453 0.93667
423 696 -0.35021
423 725 -0.35021
423 727 -0.35021
423 756 -0.35021
424 394 1
424 423 0.93667
424 425 1
424 454 1
424 726 -0.35021
425 395 1
425 424 1
425 426 1
425 455 1
426 396 1
426 425 1
426 427 1
426 456 1
427 397 1
427 426 1
427 428 1
427 457 1
428 398 1
428 427 1
428 429 1
428 458 1
429 23 -0.35021
429 399 1
429 428 1
429 430 0.93667
429 459 0.93667
429 823 -0.35021
430 400 0.93667
430 429 0.93667
430 431 0.93667
430 460 0.93667
430 793 -0.35021
430 822 -0.35021
430 824 -0.35021
430 853 -0.35021
431 401 1
431 430 0.93667
431 432 1
431 461 1
431 823 -0.35021
432 402 1
432 431 1
432 433 1
432 462 1
433 403 1
433 432 1
433 434 1
433 463 1
434 404 1
434 433 1
434 435 1
434 464 1
435 215 -0.35021
435 405 1
435 434 1
435 436 0.93667
435 465 1
436 185 -0.35021
436 214 -0.35021
436 216 -0.35021
436 245 -0.35021
436 406 0.93667
436 435 0.93667
436 437 0.93667
436 466 0.93667
437 215 -0.35021
437 407 1
437 436 0.93667
437 438 1
437 467 1
438 408 1
438 437 1
438 439 1
438 468 1
439 409 1
439 438 1
439 440 1
439 469 1
440 410 1
440 439 1
440 441 1
440 470 1
441 411 1
441 440 1
441 442 1
441 471 1
442 412 1
442 441 1
442 443 1
442 472 1
443 413 1
443 442 1
443 444 1
443 473 1
444 414 1
444 443 1
444 445 1
444 474 1
445 415 0.93667
445 444 1
445 446 1
445 475 1
445 508 -0.35021
446 416 1
446 445 1
446 447 1
446 476 1
447 417 1
447 446 1
447 448 0.93667
447 477 1
447 541 -0.35021
448 418 0.93667
448 447 0.93667
448 449 0.93667
448 478 0.93667
448 511 -0.35021
448 542 -0.35021
448 570 -0.35021
448 571 -0.35021
449 419 1
449 448 0.93667
449 450 1
449 479 1
449 541 -0.35021
450 420 1
450 421 1
450 449 1
450 480 0.93667
450 704 -0.35021
451 421 1
451 452 1
451 480 0.93667
451 481 1
451 704 -0.35021
452 422 1
452 451 1
452 453 1
452 482 1
453 423 0.93667
453 452 1
453 454 1
453 483 0.93667
453 726 -0.35021
453 735 -0.35021
454 424 1
454 453 1
454 455 1
454 484 1
455 425 1
455 454 1
455 456 1
455 485 1
456 426 1
456 455 1
456 457 1
456 486 1
457 427 1
457 456 1
457 458 1
457 487 1
458 23 -0.35021
458 428 1
458 457 1
458 459 0.93667
458 488 1
459 22 -0.35021
459 24 -0.35021
459 53 -0.35021
459 429 0.93667
459 458 0.93667
459 460 0.93667
459 489 0.93667
459 893 -0.35021
460 23 -0.35021
460 430 0.93667
460 459 0.93667
460 461 1
460 490 1
460 823 -0.35021
461 431 1
461 460 1
461 462 1
461 491 1
462 432 1
462 461 1
462 463 1
462 492 1
463 433 1
463 462 1
463 464 1
463 493 1
464 434 1
464 463 1
464 465 1
464 494 1
465 435 1
465 464 1
465 466 1
465 495 1
466 215 -0.35021
466 436 0.93667
466 465 1
466 467 1
466 496 1
467 437 1
467 466 1
467 468 1
467 497 1
468 438 1
468 467 1
468 469 1
468 498 1
469 439 1
469 468 1
469 470 1
469 499 1
470 440 1
470 469 1
470 471 1
470 500 1
471 441 1
471 470 1
471 472 1
471 501 1
472 442 1
472 471 1
472 473 1
472 502 1
473 443 1
473 472 1
473 474 1
473 503 1
474 444 1
474 473 1
474 475 1
474 504 0.93667
474 760 -0.35021
475 445 1
475 474 1
475 476 1
475 505 1
476 446 1
476 475 1
476 477 1
476 506 1
477 447 1
477 476 1
477 478 1
477 507 1
478 415 -0.35021
478 448 0.93667
478 477 1
478 479 1
478 508 0.93667
478 541 -0.35021
479 449 1
479 478 1
479 480 0.93667
479 509 1
479 704 -0.35021
480 450 0.93667
480 451 0.93667
480 479 0.93667
480 510 0.93667
480 674 -0.35021
480 703 -0.35021
480 705 -0.35021
480 734 -0.35021
481 451 1
481 482 1
481 510 1
481 511 1
482 452 1
482 481 1
482 483 0.93667
482 512 1
482 735 -0.35021
483 453 0.93667
483 482 0.93667
483 484 0.93667
483 513 0.93667
483 705 -0.35021
483 734 -0.35021
483 736 -0.35021
483 765 -0.35021
484 454 1
484 483 0.93667
484 485 1
484 514 1
484 735 -0.35021
485 455 1
485 484 1
485 486 1
485 515 1
486 456 1
486 485 1
486 487 1
486 516 1
487 109 -0.35021
487 457 1
487 486 1
487 488 1
487 517 0.93667
488 458 1
488 487 1
488 489 1
488 518 1
489 23 -0.35021
489 459 0.93667
489 488 1
489 490 1
489 519 0.93667
489 724 -0.35021
490 460 1
490 489 1
490 491 1
490 520 1
491 461 1
491 490 1
491 492 1
491 521 1
492 462 1
492 491 1
492 493 1
492 522 0.93667
492 533 -0.35021
493 463 1
493 492 1
493 494 1
493 523 1
494 464 1
494 493 1
494 495 1
494 524 1
495 465 1
495 494 1
495 496 1
495 525 1
496 466 1
496 495 1
496 497 1
496 526 1
497 121 -0.35021
497 467 1
497 496 1
497 498 1
497 527 0.93667
498 468 1
498 497 1
498 499 1
498 528 1
499 469 1
499 498 1
499 500 1
499 529 1
500 470 1
500 499 1
500 501 1
500 530 1
501 471 1
501 500 1
501 502 1
501 531 1
502 472 1
502 501 1
502 503 1
502 532 1
503 473 1
503 502 1
503 504 0.93667
503 522 -0.35021
503 533 0.93667
503 760 -0.35021
504 474 0.93667
504 503 0.93667
504 505 0.93667
504 534 0.93667
504 730 -0.35021
504 759 -0.35021
504 761 -0.35021
504 790 -0.35021
505 475 1
505 504 0.93667
505 506 1
505 535 1
505 760 -0.35021
506 476 1
506 505 1
506 507 1
506 536 1
507 415 -0.35021
507 477 1
507 506 1
507 508 0.93667
507 537 0.93667
507 805 -0.35021
508 385 -0.35021
508 414 -0.35021
508 416 -0.35021
508 445 -0.35021
508 478 0.93667
508 507 0.93667
508 509 0.93667
508 538 0.93667
509 415 -0.35021
509 479 1
509 508 0.93667
509 510 1
509 539 1
510 480 0.93667
510 481 1
510 509 1
510 540 1
510 704 -0.35021
511 448 -0.35021
511 481 1
511 512 1
511 540 1
511 541 0.93667
512 482 1
512 511 1
512 513 1
512 542 1
513 483 0.93667
513 512 1
513 514 1
513 543 1
513 735 -0.35021
514 484 1
514 513 1
514 515 1
514 544 1
515 485 1
515 514 1
515 516 1
515 545 1
516 109 -0.35021
516 486 1
516 515 1
516 517 0.93667
516 546 1
517 79 -0.35021
517 108 -0.35021
517 110 -0.35021
517 139 -0.35021
517 487 0.93667
517 516 0.93667
517 518 0.93667
517 547 0.93667
518 109 -0.35021
518 488 1
518 517 0.93667
518 519 0.93667
518 548 1
518 724 -0.35021
519 489 0.93667
519 518 0.93667
519 520 0.93667
519 549 0.93667
519 694 -0.35021
519 723 -0.35021
519 725 -0.35021
519 754 -0.35021
520 490 1
520 519 0.93667
520 521 1
520 550 1
520 724 -0.35021
521 491 1
521 520 1
521 522 0.93667
521 533 -0.35021
521 551 1
522 492 0.93667
522 503 -0.35021
522 521 0.93667
522 523 0.93667
522 532 -0.35021
522 534 -0.35021
522 552 0.93667
522 563 -0.35021
523 308 -0.35021
523 493 1
523 522 0.93667
523 524 1
523 533 -0.35021
523 553 0.93667
524 494 1
524 523 1
524 525 1
524 554 1
525 495 1
525 524 1
525 526 1
525 555 1
526 121 -0.35021
526 496 1
526 525 1
526 527 0.93667
526 556 1
527 91 -0.35021
527 122 -0.35021
527 150 -0.35021
527 151 -0.35021
527 497 0.93667
527 526 0.93667
527 528 0.93667
527 557 0.93667
528 121 -0.35021
528 498 1
528 527 0.93667
528 529 1
528 558 1
529 499 1
529 528 1
529 530 1
529 559 1
530 500 1
530 529 1
530 531 1
530 560 1
531 501 1
531 530 1
531 532 1
531 561 1
532 502 1
532 522 -0.35021
532 531 1
532 533 0.93667
532 562 1
533 492 -0.35021
533 503 0.93667
533 521 -0.35021
533 523 -0.35021
533 532 0.93667
533 534 0.93667
533 552 -0.35021
533 563 0.93667
534 504 0.93667
534 522 -0.35021
534 533 0.93667
534 535 1
534 564 0.93667
534 592 -0.35021
534 760 -0.35021
535 505 1
535 534 1
535 536 1
535 565 1
536 506 1
536 535 1
536 537 0.93667
536 566 1
536 805 -0.35021
537 507 0.93667
537 536 0.93667
537 538 0.93667
537 567 0.93667
537 775 -0.35021
537 804 -0.35021
537 806 -0.35021
537 835 -0.35021
538 415 -0.35021
538 508 0.93667
538 537 0.93667
538 539 1
538 568 1
538 805 -0.35021
539 509 1
539 538 1
539 540 1
539 569 1
540 510 1
540 511 1
540 539 1
540 570 1
541 418 -0.35021
541 447 -0.35021
541 449 -0.35021
541 478 -0.35021
541 511 0.93667
541 542 0.93667
541 570 0.93667
541 571 0.93667
542 448 -0.35021
542 512 1
542 541 0.93667
542 543 1
542 572 1
543 513 1
543 542 1
543 544 1
543 573 1
544 514 1
544 543 1
544 545 1
544 574 1
545 515 1
545 544 1
545 546 1
545 575 1
546 516 1
546 545 1
546 547 1
546 576 1
547 109 -0.35021
547 517 0.93667
547 546 1
547 548 1
547 577 1
548 518 1
548 547 1
548 549 1
548 578 1
549 519 0.93667
549 548 1
549 550 1
549 579 1
549 724 -0.35021
550 259 -0.35021
550 520 1
550 549 1
550 551 1
550 580 0.93667
551 521 1
551 550 1
551 552 1
551 581 1
552 308 -0.35021
552 522 0.93667
552 533 -0.35021
552 551 1
552 553 0.93667
552 582 1
553 278 -0.35021
553 307 -0.35021
553 309 -0.35021
553 338 -0.35021
553 523 0.93667
553 552 0.93667
553 554 0.93667
553 583 0.93667
554 308 -0.35021
554 524 1
554 553 0.93667
554 555 1
554 584 1
555 525 1
555 554 1
555 556 1
555 585 1
556 526 1
556 555 1
556 557 1
556 586 1
557 121 -0.35021
557 527 0.93667
557 556 1
557 558 1
557 587 1
558 528 1
558 557 1
558 559 1
558 588 1
559 529 1
559 558 1
559 560 1
559 589 1
560 530 1
560 559 1
560 561 1
560 590 1
561 531 1
561 560 1
561 562 1
561 591 1
562 532 1
562 561 1
562 563 1
562 564 -0.35021
562 592 0.93667
563 522 -0.35021
563 533 0.93667
563 562 1
563 564 0.93667
563 592 -0.35021
563 593 1
564 534 0.93667
564 562 -0.35021
564 563 0.93667
564 565 0.93667
564 591 -0.35021
564 593 -0.35021
564 594 0.93667
564 622 -0.35021
565 535 1
565 564 0.93667
565 566 1
565 592 -0.35021
565 595 1
566 536 1
566 565 1
566 567 1
566 596 1
567 537 0.93667
567 566 1
567 568 1
567 597 1
567 805 -0.35021
568 261 -0.35021
568 538 1
568 567 1
568 569 1
568 598 0.93667
569 539 1
569 568 1
569 570 1
569 599 1
570 448 -0.35021
570 540 1
570 541 0.93667
570 569 1
570 600 1
571 448 -0.35021
571 541 0.93667
571 572 1
571 600 1
571 601 1
572 542 1
572 571 1
572 573 1
572 602 1
573 543 1
573 572 1
573 574 1
573 603 1
574 544 1
574 573 1
574 575 1
574 604 1
575 545 1
575 574 1
575 576 1
575 605 1
576 546 1
576 575 1
576 577 1
576 606 1
577 547 1
577 576 1
577 578 1
577 607 1
578 548 1
578 577 1
578 579 1
578 608 1
579 259 -0.35021
579 549 1
579 578 1
579 580 0.93667
579 609 1
580 229 -0.35021
580 258 -0.35021
580 260 -0.35021
580 289 -0.35021
580 550 0.93667
580 579 0.93667
580 581 0.93667
580 610 0.93667
581 259 -0.35021
581 551 1
581 580 0.93667
581 582 1
581 611 1
582 552 1
582 581 1
582 583 1
582 612 1
583 308 -0.35021
583 553 0.93667
583 582 1
583 584 1
583 613 1
584 554 1
584 583 1
584 585 1
584 614 1
585 555 1
585 584 1
585 586 1
585 615 1
586 556 1
586 585 1
586 587 1
586 616 1
587 557 1
587 586 1
587 588 1
587 617 1
588 558 1
588 587 1
588 589 1
588 618 0.93667
588 771 -0.35021
589 559 1
589 588 1
589 590 1
589 619 1
590 560 1
590 589 1
590 591 1
590 620 1
591 561 1
591 564 -0.35021
591 590 1
591 592 0.93667
591 621 1
592 534 -0.35021
592 562 0.93667
592 563 -0.35021
592 565 -0.35021
592 591 0.93667
592 593 0.93667
592 594 -0.35021
592 622 0.93667
593 563 1
593 564 -0.35021
593 592 0.93667
593 594 1
593 623 1
594 564 0.93667
594 592 -0.35021
594 593 1
594 595 1
594 624 1
595 565 1
595 594 1
595 596 1
595 625 1
596 376 -0.35021
596 566 1
596 595 1
596 597 1
596 626 0.93667
597 261 -0.35021
597 567 1
597 596 1
597 598 0.93667
597 627 1
598 231 -0.35021
598 260 -0.35021
598 262 -0.35021
598 291 -0.35021
598 568 0.93667
598 597 0.93667
598 599 0.93667
598 628 0.93667
599 261 -0.35021
599 569 1
599 598 0.93667
599 600 1
599 629 1
600 570 1
600 571 1
600 599 1
600 630 1
601 571 1
601 602 1
601 630 1
601 631 1
602 572 1
602 601 1
602 603 1
602 632 0.93667
602 833 -0.35021
603 573 1
603 602 1
603 604 1
603 633 1
604 574 1
604 603 1
604 605 1
604 634 1
605 132 -0.35021
605 575 1
605 604 1
605 606 1
605 635 0.93667
606 576 1
606 605 1
606 607 1
606 636 1
607 577 1
607 606 1
607 608 1
607 637 1
608 578 1
608 607 1
608 609 1
608 638 1
609 579 1
609 608 1
609 610 1
609 639 1
610 259 -0.35021
610 580 0.93667
610 609 1
610 611 1
610 640 1
611 581 1
611 610 1
611 612 1
611 641 1
612 582 1
612 611 1
612 613 1
612 642 1
613 583 1
613 612 1
613 614 1
613 643 1
614 584 1
614 613 1
614 615 1
614 644 1
615 585 1
615 614 1
615 616 1
615 645 1
616 586 1
616 615 1
616 617 1
616 646 1
617 587 1
617 616 1
617 618 0.93667
617 647 1
617 771 -0.35021
618 588 0.93667
618 617 0.93667
618 619 0.93667
618 648 0.93667
618 741 -0.35021
618 770 -0.35021
618 772 -0.35021
618 801 -0.35021
619 128 -0.35021
619 589 1
619 618 0.93667
619 620 1
619 649 0.93667
619 771 -0.35021
620 590 1
620 619 1
620 621 1
620 650 1
621 591 1
621 620 1
621 622 1
621 651 1
622 164 -0.35021
622 564 -0.35021
622 592 0.93667
622 621 1
622 623 1
622 652 0.93667
623 593 1
623 622 1
623 624 1
623 653 1
624 594 1
624 623 1
624 625 1
624 654 1
625 376 -0.35021
625 595 1
625 624 1
625 626 0.93667
625 655 1
626 346 -0.35021
626 375 -0.35021
626 377 -0.35021
626 406 -0.35021
626 596 0.93667
626 625 0.93667
626 627 0.93667
626 656 0.93667
627 376 -0.35021
627 597 1
627 626 0.93667
627 628 1
627 657 1
628 261 -0.35021
628 598 0.93667
628 627 1
628 629 1
628 658 1
629 599 1
629 628 1
629 630 1
629 659 1
630 600 1
630 601 1
630 629 1
630 660 1
631 601 1
631 632 0.93667
631 660 1
631 661 1
631 833 -0.35021
632 602 0.93667
632 631 0.93667
632 633 0.93667
632 662 0.93667
632 803 -0.35021
632 832 -0.35021
632 834 -0.35021
632 863 -0.35021
633 603 1
633 632 0.93667
633 634 1
633 663 1
633 833 -0.35021
634 132 -0.35021
634 604 1
634 633 1
634 635 0.93667
634 664 1
635 102 -0.35021
635 131 -0.35021
635 133 -0.35021
635 162 -0.35021
635 605 0.93667
635 634 0.93667
635 636 0.93667
635 665 0.93667
636 132 -0.35021
636 606 1
636 635 0.93667
636 637 1
636 666 1
637 607 1
637 636 1
637 638 1
637 667 1
638 608 1
638 637 1
638 639 1
638 668 1
639 609 1
639 638 1
639 640 1
639 669 1
640 610 1
640 639 1
640 641 1
640 670 1
641 611 1
641 640 1
641 642 1
641 671 1
642 612 1
642 641 1
642 643 1
642 672 1
643 613 1
643 642 1
643 644 1
643 673 1
644 614 1
644 643 1
644 645 1
644 674 1
645 615 1
645 644 1
645 646 1
645 675 1
646 616 1
646 645 1
646 647 1
646 676 1
647 617 1
647 646 1
647 648 1
647 677 1
648 128 -0.35021
648 224 -0.35021
648 618 0.93667
648 647 1
648 649 0.93667
648 678 0.93667
648 771 -0.35021
649 98 -0.35021
649 127 -0.35021
649 129 -0.35021
649 158 -0.35021
649 619 0.93667
649 648 0.93667
649 650 0.93667
649 679 0.93667
650 128 -0.35021
650 620 1
650 649 0.93667
650 651 1
650 680 0.93667
650 814 -0.35021
651 164 -0.35021
651 621 1
651 650 1
651 652 0.93667
651 681 1
652 134 -0.35021
652 163 -0.35021
652 165 -0.35021
652 194 -0.35021
652 622 0.93667
652 651 0.93667
652 653 0.93667
652 682 0.93667
653 164 -0.35021
653 623 1
653 652 0.93667
653 654 1
653 683 1
654 374 -0.35021
654 624 1
654 653 1
654 655 1
654 684 0.93667
655 625 1
655 654 1
655 656 1
655 685 1
656 376 -0.35021
656 626 0.93667
656 655 1
656 657 1
656 686 1
657 627 1
657 656 1
657 658 1
657 687 1
658 628 1
658 657 1
658 659 1
658 688 0.93667
658 752 -0.35021
659 629 1
659 658 1
659 660 1
659 689 1
660 630 1
660 631 1
660 659 1
660 690 1
661 631 1
661 662 1
661 690 1
661 691 1
662 632 0.93667
662 661 1
662 663 1
662 692 1
662 833 -0.35021
663 633 1
663 662 1
663 664 1
663 693 1
664 634 1
664 663 1
664 665 1
664 694 1
665 132 -0.35021
665 635 0.93667
665 664 1
665 666 1
665 695 1
666 636 1
666 665 1
666 667 1
666 696 1
667 637 1
667 666 1
667 668 1
667 697 1
668 638 1
668 667 1
668 669 1
668 698 1
669 188 -0.35021
669 639 1
669 668 1
669 670 1
669 699 0.93667
670 640 1
670 669 1
670 671 1
670 700 1
671 641 1
671 670 1
671 672 1
671 701 1
672 642 1
672 671 1
672 673 1
672 702 1
673 643 1
673 672 1
673 674 1
673 703 1
674 480 -0.35021
674 644 1
674 673 1
674 675 1
674 704 0.93667
675 645 1
675 674 1
675 676 1
675 705 1
676 646 1
676 675 1
676 677 1
676 706 1
677 224 -0.35021
677 647 1
677 676 1
677 678 0.93667
677 707 1
678 194 -0.35021
678 223 -0.35021
678 225 -0.35021
678 254 -0.35021
678 648 0.93667
678 677 0.93667
678 679 0.93667
678 708 0.93667
679 128 -0.35021
679 224 -0.35021
679 649 0.93667
679 678 0.93667
679 680 0.93667
679 709 1
679 814 -0.35021
680 650 0.93667
680 679 0.93667
680 681 0.93667
680 710 0.93667
680 784 -0.35021
680 813 -0.35021
680 815 -0.35021
680 844 -0.35021
681 651 1
681 680 0.93667
681 682 1
681 711 1
681 814 -0.35021
682 164 -0.35021
682 652 0.93667
682 681 1
682 683 1
682 712 1
683 374 -0.35021
683 653 1
683 682 1
683 684 0.93667
683 713 1
684 344 -0.35021
684 373 -0.35021
684 375 -0.35021
684 404 -0.35021
684 654 0.93667
684 683 0.93667
684 685 0.93667
684 714 0.93667
685 374 -0.35021
685 655 1
685 684 0.93667
685 686 1
685 715 1
686 656 1
686 685 1
686 687 1
686 716 1
687 657 1
687 686 1
687 688 0.93667
687 717 1
687 752 -0.35021
688 658 0.93667
688 687 0.93667
688 689 0.93667
688 718 0.93667
688 722 -0.35021
688 751 -0.35021
688 753 -0.35021
688 782 -0.35021
689 659 1
689 688 0.93667
689 690 1
689 719 1
689 752 -0.35021
690 660 1
690 661 1
690 689 1
690 720 1
691 661 1
691 692 1
691 720 1
691 721 0.93667
691 836 -0.35021
692 662 1
692 691 1
692 693 1
692 722 1
693 663 1
693 692 1
693 694 1
693 723 1
694 519 -0.35021
694 664 1
694 693 1
694 695 1
694 724 0.93667
695 665 1
695 694 1
695 696 1
695 725 1
696 423 -0.35021
696 666 1
696 695 1
696 697 1
696 726 0.93667
697 667 1
697 696 1
697 698 1
697 727 1
698 188 -0.35021
698 668 1
698 697 1
698 699 0.93667
698 728 1
699 158 -0.35021
699 187 -0.35021
699 189 -0.35021
699 218 -0.35021
699 669 0.93667
699 698 0.93667
699 700 0.93667
699 729 0.93667
700 188 -0.35021
700 670 1
700 699 0.93667
700 701 1
700 730 1
701 671 1
701 700 1
701 702 1
701 731 1
702 672 1
702 701 1
702 703 1
702 732 1
703 480 -0.35021
703 673 1
703 702 1
703 704 0.93667
703 733 1
704 450 -0.35021
704 451 -0.35021
704 479 -0.35021
704 510 -0.35021
704 674 0.93667
704 703 0.93667
704 705 0.93667
704 734 0.93667
705 480 -0.35021
705 483 -0.35021
705 675 1
705 704 0.93667
705 706 1
705 735 0.93667
706 676 1
706 705 1
706 707 1
706 736 1
707 677 1
707 706 1
707 708 1
707 737 1
708 224 -0.35021
708 678 0.93667
708 707 1
708 709 1
708 738 1
709 679 1
709 708 1
709 710 1
709 739 1
710 680 0.93667
710 709 1
710 711 1
710 740 1
710 814 -0.35021
711 681 1
711 710 1
711 712 1
711 741 1
712 682 1
712 711 1
712 713 1
712 742 1
713 683 1
713 712 1
713 714 1
713 743 1
714 374 -0.35021
714 684 0.93667
714 713 1
714 715 1
714 744 1
715 685 1
715 714 1
715 716 1
715 745 1
716 686 1
716 715 1
716 717 1
716 746 1
717 687 1
717 716 1
717 718 1
717 747 1
718 688 0.93667
718 717 1
718 719 1
718 748 1
718 752 -0.35021
719 689 1
719 718 1
719 720 1
719 749 1
720 690 1
720 691 1
720 719 1
720 750 1
721 691 0.93667
721 722 0.93667
721 750 0.93667
721 751 0.93667
721 806 -0.35021
721 835 -0.35021
721 837 -0.35021
721 866 -0.35021
722 688 -0.35021
722 692 1
722 721 0.93667
722 723 1
722 752 0.93667
722 836 -0.35021
723 519 -0.35021
723 693 1
723 722 1
723 724 0.93667
723 753 1
724 489 -0.35021
724 518 -0.35021
724 520 -0.35021
724 549 -0.35021
724 694 0.93667
724 723 0.93667
724 725 0.93667
724 754 0.93667
725 423 -0.35021
725 519 -0.35021
725 695 1
725 724 0.93667
725 726 0.93667
725 755 1
726 393 -0.35021
726 422 -0.35021
726 424 -0.35021
726 453 -0.35021
726 696 0.93667
726 725 0.93667
726 727 0.93667
726 756 0.93667
727 423 -0.35021
727 697 1
727 726 0.93667
727 728 1
727 757 1
728 698 1
728 727 1
728 729 1
728 758 1
729 188 -0.35021
729 699 0.93667
729 728 1
729 730 1
729 759 1
730 504 -0.35021
730 700 1
730 729 1
730 731 1
730 760 0.93667
731 701 1
731 730 1
731 732 1
731 761 1
732 702 1
732 731 1
732 733 1
732 762 1
733 703 1
733 732 1
733 734 1
733 763 1
734 480 -0.35021
734 483 -0.35021
734 704 0.93667
734 733 1
734 735 0.93667
734 764 1
735 453 -0.35021
735 482 -0.35021
735 484 -0.35021
735 513 -0.35021
735 705 0.93667
735 734 0.93667
735 736 0.93667
735 765 0.93667
736 483 -0.35021
736 706 1
736 735 0.93667
736 737 1
736 766 1
737 707 1
737 736 1
737 738 1
737 767 1
738 708 1
738 737 1
738 739 1
738 768 1
739 709 1
739 738 1
739 740 1
739 769 1
740 710 1
740 739 1
740 741 1
740 770 1
741 618 -0.35021
741 711 1
741 740 1
741 742 1
741 771 0.93667
742 712 1
742 741 1
742 743 1
742 772 1
743 713 1
743 742 1
743 744 1
743 773 1
744 714 1
744 743 1
744 745 1
744 774 1
745 715 1
745 744 1
745 746 1
745 775 1
746 716 1
746 745 1
746 747 1
746 776 1
747 717 1
747 746 1
747 748 1
747 777 1
748 718 1
748 747 1
748 749 1
748 778 1
749 719 1
749 748 1
749 750 1
749 779 1
750 720 1
750 721 0.93667
750 749 1
750 780 1
750 836 -0.35021
751 688 -0.35021
751 721 0.93667
751 752 0.93667
751 780 1
751 781 1
751 836 -0.35021
752 658 -0.35021
752 687 -0.35021
752 689 -0.35021
752 718 -0.35021
752 722 0.93667
752 751 0.93667
752 753 0.93667
752 782 0.93667
753 688 -0.35021
753 723 1
753 752 0.93667
753 754 1
753 783 1
754 519 -0.35021
754 724 0.93667
754 753 1
754 755 1
754 784 1
755 725 1
755 754 1
755 756 1
755 785 1
756 423 -0.35021
756 726 0.93667
756 755 1
756 757 1
756 786 1
757 727 1
757 756 1
757 758 1
757 787 1
758 728 1
758 757 1
758 759 1
758 788 1
759 504 -0.35021
759 729 1
759 758 1
759 760 0.93667
759 789 1
760 474 -0.35021
760 503 -0.35021
760 505 -0.35021
760 534 -0.35021
760 730 0.93667
760 759 0.93667
760 761 0.93667
760 790 0.93667
761 504 -0.35021
761 731 1
761 760 0.93667
761 762 1
761 791 1
762 732 1
762 761 1
762 763 1
762 792 1
763 733 1
763 762 1
763 764 1
763 793 1
764 77 -0.35021
764 734 1
764 763 1
764 765 1
764 794 0.93667
765 483 -0.35021
765 735 0.93667
765 764 1
765 766 1
765 795 1
766 736 1
766 765 1
766 767 1
766 796 1
767 737 1
767 766 1
767 768 1
767 797 1
768 738 1
768 767 1
768 769 1
768 798 1
769 739 1
769 768 1
769 770 1
769 799 1
770 184 -0.35021
770 618 -0.35021
770 740 1
770 769 1
770 771 0.93667
770 800 0.93667
771 588 -0.35021
771 617 -0.35021
771 619 -0.35021
771 648 -0.35021
771 741 0.93667
771 770 0.93667
771 772 0.93667
771 801 0.93667
772 618 -0.35021
772 742 1
772 771 0.93667
772 773 1
772 802 1
773 743 1
773 772 1
773 774 1
773 803 1
774 744 1
774 773 1
774 775 1
774 804 1
775 537 -0.35021
775 745 1
775 774 1
775 776 1
775 805 0.93667
776 746 1
776 775 1
776 777 1
776 806 1
777 747 1
777 776 1
777 778 1
777 807 1
778 748 1
778 777 1
778 779 1
778 808 1
779 228 -0.35021
779 749 1
779 778 1
779 780 1
779 809 0.93667
780 750 1
780 751 1
780 779 1
780 810 1
781 358 -0.35021
781 751 1
781 782 1
781 810 1
781 811 0.93667
782 688 -0.35021
782 752 0.93667
782 781 1
782 783 1
782 812 1
783 753 1
783 782 1
783 784 1
783 813 1
784 680 -0.35021
784 754 1
784 783 1
784 785 1
784 814 0.93667
785 755 1
785 784 1
785 786 1
785 815 1
786 756 1
786 785 1
786 787 1
786 816 1
787 757 1
787 786 1
787 788 1
787 817 1
788 758 1
788 787 1
788 789 1
788 818 1
789 759 1
789 788 1
789 790 1
789 819 0.93667
789 882 -0.35021
790 504 -0.35021
790 760 0.93667
790 789 1
790 791 1
790 820 1
791 761 1
791 790 1
791 792 1
791 821 1
792 762 1
792 791 1
792 793 1
792 822 1
793 77 -0.35021
793 430 -0.35021
793 763 1
793 792 1
793 794 0.93667
793 823 0.93667
794 47 -0.35021
794 76 -0.35021
794 78 -0.35021
794 107 -0.35021
794 764 0.93667
794 793 0.93667
794 795 0.93667
794 824 0.93667
795 77 -0.35021
795 765 1
795 794 0.93667
795 796 1
795 825 1
796 766 1
796 795 1
796 797 1
796 826 1
797 293 -0.35021
797 767 1
797 796 1
797 798 1
797 827 0.93667
798 768 1
798 797 1
798 799 1
798 828 1
799 184 -0.35021
799 769 1
799 798 1
799 800 0.93667
799 829 1
800 154 -0.35021
800 183 -0.35021
800 185 -0.35021
800 214 -0.35021
800 770 0.93667
800 799 0.93667
800 801 0.93667
800 830 0.93667
801 184 -0.35021
801 618 -0.35021
801 771 0.93667
801 800 0.93667
801 802 1
801 831 1
802 772 1
802 801 1
802 803 1
802 832 1
803 632 -0.35021
803 773 1
803 802 1
803 804 1
803 833 0.93667
804 537 -0.35021
804 774 1
804 803 1
804 805 0.93667
804 834 1
805 507 -0.35021
805 536 -0.35021
805 538 -0.35021
805 567 -0.35021
805 775 0.93667
805 804 0.93667
805 806 0.93667
805 835 0.93667
806 537 -0.35021
806 721 -0.35021
806 776 1
806 805 0.93667
806 807 1
806 836 0.93667
807 777 1
807 806 1
807 808 1
807 837 1
808 228 -0.35021
808 778 1
808 807 1
808 809 0.93667
808 838 1
809 198 -0.35021
809 227 -0.35021
809 229 -0.35021
809 258 -0.35021
809 779 0.93667
809 808 0.93667
809 810 0.93667
809 839 0.93667
810 228 -0.35021
810 780 1
810 781 1
810 809 0.93667
810 840 1
811 328 -0.35021
811 357 -0.35021
811 359 -0.35021
811 388 -0.35021
811 781 0.93667
811 812 0.93667
811 840 0.93667
811 841 0.93667
812 358 -0.35021
812 782 1
812 811 0.93667
812 813 1
812 842 1
813 680 -0.35021
813 783 1
813 812 1
813 814 0.93667
813 843 1
814 650 -0.35021
814 679 -0.35021
814 681 -0.35021
814 710 -0.35021
814 784 0.93667
814 813 0.93667
814 815 0.93667
814 844 0.93667
815 680 -0.35021
815 785 1
815 814 0.93667
815 816 1
815 845 1
816 786 1
816 815 1
816 817 1
816 846 1
817 787 1
817 816 1
817 818 1
817 847 1
818 788 1
818 817 1
818 819 0.93667
818 848 1
818 882 -0.35021
819 12 -0.35021
819 789 0.93667
819 818 0.93667
819 820 0.93667
819 849 0.93667
819 852 -0.35021
819 881 -0.35021
819 883 -0.35021
820 790 1
820 819 0.93667
820 821 1
820 850 1
820 882 -0.35021
821 791 1
821 820 1
821 822 1
821 851 1
822 430 -0.35021
822 792 1
822 821 1
822 823 0.93667
822 852 1
823 400 -0.35021
823 429 -0.35021
823 431 -0.35021
823 460 -0.35021
823 793 0.93667
823 822 0.93667
823 824 0.93667
823 853 0.93667
824 77 -0.35021
824 430 -0.35021
824 794 0.93667
824 823 0.93667
824 825 1
824 854 1
825 795 1
825 824 1
825 826 1
825 855 1
826 293 -0.35021
826 796 1
826 825 1
826 827 0.93667
826 856 1
827 263 -0.35021
827 292 -0.35021
827 294 -0.35021
827 323 -0.35021
827 797 0.93667
827 826 0.93667
827 828 0.93667
827 857 0.93667
828 293 -0.35021
828 798 1
828 827 0.93667
828 829 1
828 858 1
829 71 -0.35021
829 799 1
829 828 1
829 830 1
829 859 0.93667
830 184 -0.35021
830 800 0.93667
830 829 1
830 831 1
830 860 1
831 801 1
831 830 1
831 832 1
831 861 1
832 632 -0.35021
832 802 1
832 831 1
832 833 0.93667
832 862 1
833 602 -0.35021
833 631 -0.35021
833 633 -0.35021
833 662 -0.35021
833 803 0.93667
833 832 0.93667
833 834 0.93667
833 863 0.93667
834 632 -0.35021
834 804 1
834 833 0.93667
834 835 1
834 864 1
835 537 -0.35021
835 721 -0.35021
835 805 0.93667
835 834 1
835 836 0.93667
835 865 1
836 691 -0.35021
836 722 -0.35021
836 750 -0.35021
836 751 -0.35021
836 806 0.93667
836 835 0.93667
836 837 0.93667
836 866 0.93667
837 167 -0.35021
837 721 -0.35021
837 807 1
837 836 0.93667
837 838 1
837 867 0.93667
838 808 1
838 837 1
838 839 1
838 868 1
839 228 -0.35021
839 809 0.93667
839 838 1
839 840 1
839 869 1
840 358 -0.35021
840 810 1
840 811 0.93667
840 839 1
840 870 1
841 358 -0.35021
841 811 0.93667
841 842 1
841 870 1
841 871 1
842 812 1
842 841 1
842 843 1
842 872 1
843 313 -0.35021
843 813 1
843 842 1
843 844 1
843 873 0.93667
844 680 -0.35021
844 814 0.93667
844 843 1
844 845 1
844 874 1
845 295 -0.35021
845 815 1
845 844 1
845 846 1
845 875 0.93667
846 816 1
846 845 1
846 847 1
846 876 1
847 817 1
847 846 1
847 848 1
847 877 1
848 818 1
848 847 1
848 849 1
848 878 1
849 819 0.93667
849 848 1
849 850 1
849 879 1
849 882 -0.35021
850 820 1
850 849 1
850 851 1
850 880 1
851 821 1
851 850 1
851 852 1
851 881 1
852 819 -0.35021
852 822 1
852 851 1
852 853 1
852 882 0.93667
853 430 -0.35021
853 823 0.93667
853 852 1
853 854 1
853 883 1
854 824 1
854 853 1
854 855 1
854 884 1
855 825 1
855 854 1
855 856 1
855 885 1
856 826 1
856 855 1
856 857 1
856 886 1
857 293 -0.35021
857 827 0.93667
857 856 1
857 858 1
857 887 1
858 71 -0.35021
858 828 1
858 857 1
858 859 0.93667
858 888 1
859 41 -0.35021
859 70 -0.35021
859 72 -0.35021
859 101 -0.35021
859 829 0.93667
859 858 0.93667
859 860 0.93667
859 889 0.93667
860 71 -0.35021
860 830 1
860 859 0.93667
860 861 1
860 890 1
861 831 1
861 860 1
861 862 1
861 891 1
862 832 1
862 861 1
862 863 1
862 892 1
863 632 -0.35021
863 833 0.93667
863 862 1
863 864 1
863 893 1
864 834 1
864 863 1
864 865 1
864 894 1
865 835 1
865 864 1
865 866 1
865 895 1
866 167 -0.35021
866 721 -0.35021
866 836 0.93667
866 865 1
866 867 0.93667
866 896 1
867 137 -0.35021
867 166 -0.35021
867 168 -0.35021
867 197 -0.35021
867 837 0.93667
867 866 0.93667
867 868 0.93667
867 897 0.93667
868 167 -0.35021
868 838 1
868 867 0.93667
868 869 1
868 898 1
869 839 1
869 868 1
869 870 1
869 899 1
870 840 1
870 841 1
870 869 1
870 900 1
871 1 1
871 841 1
871 872 1
871 900 1
872 2 1
872 313 -0.35021
872 842 1
872 871 1
872 873 0.93667
873 3 0.93667
873 283 -0.35021
873 312 -0.35021
873 314 -0.35021
873 343 -0.35021
873 843 0.93667
873 872 0.93667
873 874 0.93667
874 4 1
874 295 -0.35021
874 313 -0.35021
874 844 1
874 873 0.93667
874 875 0.93667
875 5 0.93667
875 265 -0.35021
875 294 -0.35021
875 296 -0.35021
875 325 -0.35021
875 845 0.93667
875 874 0.93667
875 876 0.93667
876 6 1
876 295 -0.35021
876 846 1
876 875 0.93667
876 877 1
877 7 1
877 847 1
877 876 1
877 878 1
878 8 1
878 848 1
878 877 1
878 879 1
879 9 1
879 849 1
879 878 1
879 880 1
880 10 1
880 850 1
880 879 1
880 881 1
881 11 1
881 819 -0.35021
881 851 1
881 880 1
881 882 0.93667
882 12 0.93667
882 789 -0.35021
882 818 -0.35021
882 820 -0.35021
882 849 -0.35021
882 852 0.93667
882 881 0.93667
882 883 0.93667
883 13 1
883 819 -0.35021
883 853 1
883 882 0.93667
883 884 1
884 14 1
884 854 1
884 883 1
884 885 1
885 15 0.93667
885 368 -0.35021
885 855 1
885 884 1
885 886 1
886 16 1
886 856 1
886 885 1
886 887 1
887 17 1
887 857 1
887 886 1
887 888 1
888 18 0.93667
888 62 -0.35021
888 858 1
888 887 1
888 889 1
889 19 1
889 71 -0.35021
889 859 0.93667
889 888 1
889 890 1
890 20 1
890 860 1
890 889 1
890 891 1
891 21 1
891 861 1
891 890 1
891 892 1
892 22 1
892 862 1
892 891 1
892 893 1
893 23 0.93667
893 459 -0.35021
893 863 1
893 892 1
893 894 1
894 24 1
894 864 1
894 893 1
894 895 1
895 25 1
895 865 1
895 894 1
895 896 1
896 26 1
896 866 1
896 895 1
896 897 1
897 27 1
897 167 -0.35021
897 867 0.93667
897 896 1
897 898 1
898 28 1
898 868 1
898 897 1
898 899 1
899 29 1
899 869 1
899 898 1
899 900 1
900 30 1
900 870 1
900 871 1
900 899 1
