0.961538 0.699008 9.578462
0.980392 0.686008 9.327472
1.000000 0.661769 11.204526
1.020408 0.641893 12.595771
1.041667 0.617926 14.292912
1.063830 0.595517 14.800931
1.086957 0.386789 87.060324
1.111111 0.316580 97.704113
1.136364 0.254616 101.038452
1.162791 0.191737 101.030000
1.190476 0.125168 101.472338
1.219512 0.370182 46.031942
1.250000 0.312122 50.289652
1.282051 0.257816 54.183585
1.315789 0.207141 57.271555
1.351351 0.152116 57.328490
1.388889 0.100728 56.849826
1.428571 0.065084 53.051206
1.470588 0.037896 49.492357
1.515152 0.020414 43.927374
1.562500 0.007219 38.777802
1.612903 -0.009008 36.232120
1.666667 0.010956 32.599893
1.724138 -0.019619 28.174171
1.785714 0.003438 25.444997
