0.900000 -0.004820 1.124753
0.890000 -0.003939 1.144792
0.880000 -0.002130 1.085810
0.870000 -0.001462 1.121540
0.860000 -0.007773 1.045924
0.850000 0.001448 1.049345
0.840000 -0.002368 1.037557
0.830000 -0.002784 0.978457
0.820000 -0.001765 0.973203
0.810000 -0.004493 0.934766
0.800000 -0.003531 0.955184
0.790000 0.000699 0.895186
0.780000 0.001467 0.866156
0.770000 0.001578 0.848305
0.760000 -0.000960 0.853551
0.750000 -0.001709 0.812712
0.740000 0.000517 0.815941
0.730000 -0.001664 0.762332
0.720000 -0.001604 0.781383
0.710000 -0.002150 0.807510
0.700000 -0.000792 0.701807
0.690000 -0.001564 0.751437
0.680000 0.000588 0.717806
0.670000 -0.000212 0.664389
0.660000 0.000496 0.615127
0.650000 -0.000979 0.638093
