0.300000 0.999795 0.002582
0.310000 0.773212 334.995391
0.320000 0.999745 0.001497
0.330000 0.999679 0.002453
0.340000 0.999582 0.002925
0.350000 0.999474 0.004114
0.360000 0.515801 412.633396
0.370000 0.589025 274.953715
0.380000 0.188223 602.032878
0.390000 0.231386 531.589197
0.400000 -0.052783 573.441225
0.410000 -0.185976 445.983225
0.420000 -0.140407 284.993820
0.430000 -0.176173 345.344912
0.440000 -0.241996 152.782681
0.450000 -0.127709 52.467385
0.460000 -0.109151 23.972084
0.470000 -0.089735 23.147456
0.480000 -0.101649 19.062678
0.490000 -0.066641 10.999575
0.500000 -0.087432 7.478731
0.510000 -0.049795 5.198025
0.520000 -0.029450 7.839050
0.530000 -0.039417 6.488881
0.540000 -0.035264 5.263981
0.550000 -0.024273 5.226086
0.560000 -0.017464 5.860367
0.570000 -0.014142 5.490156
0.580000 -0.036358 4.351033
0.590000 -0.038893 4.623298
0.600000 -0.038263 3.514461
0.610000 -0.027585 4.213268
0.620000 -0.019301 5.177291
0.630000 -0.032179 5.151494
0.640000 -0.012442 4.327081
0.650000 -0.039610 3.968818
0.660000 -0.036497 4.750742
0.670000 -0.000850 6.066458
0.680000 -0.011712 4.899612
0.690000 -0.036408 4.606346
