0.350000 0.999921 0.000155
0.375000 0.999895 0.000206
0.400000 0.999842 0.000306
0.425000 0.999763 0.000451
0.450000 0.999526 0.001068
0.475000 0.999368 0.001209
0.500000 0.998947 0.002294
0.525000 0.998711 0.002440
0.550000 0.997763 0.006262
0.575000 0.997211 0.007098
0.600000 0.996132 0.010172
0.625000 0.994947 0.014525
0.650000 0.993184 0.016839
0.675000 0.991842 0.020011
0.700000 0.989000 0.033811
0.800000 0.974789 0.088403
0.825000 0.967684 0.160381
0.850000 0.961947 0.201220
0.875000 0.953184 0.273365
0.900000 0.935816 0.753786
0.925000 0.742737 127.316899
0.950000 0.532921 214.25653
0.975000 0.003000 315.210505
1.000000 -0.290921 236.446450
1.025000 -0.248632 230.817251
1.050000 0.095789 212.403540
