1 2 0.66913
1 30 1
1 31 1
1 871 1
2 818 5.2834
3 2 0.66913
3 4 1
3 33 1
3 873 0.66913
4 3 1
4 5 1
4 34 1
4 874 1
5 4 1
5 6 1
5 35 1
5 875 1
6 5 1
6 7 1
6 36 0.66913
6 876 1
7 6 1
7 8 1
7 37 1
7 877 1
8 7 1
8 9 1
8 38 1
8 878 1
9 8 1
9 10 1
9 39 1
9 879 1
10 9 1
10 11 1
10 40 1
10 880 1
11 10 1
11 12 1
11 41 1
11 881 1
12 11 1
12 13 1
12 42 1
12 882 1
13 12 1
13 14 1
13 43 1
13 883 1
14 13 1
14 15 1
14 44 1
14 884 1
15 14 1
15 16 1
15 45 1
15 885 1
16 15 1
16 17 1
16 46 1
16 886 1
17 16 1
17 18 1
17 47 1
17 887 1
18 17 1
18 19 1
18 48 1
18 888 1
19 18 1
19 20 1
19 49 1
19 889 1
20 19 1
20 21 1
20 50 1
20 890 0.66913
21 20 1
21 22 1
21 51 1
21 891 1
22 21 1
22 23 1
22 52 1
22 892 1
23 22 1
23 24 1
23 53 1
23 893 0.66913
24 23 1
24 25 1
24 54 1
24 894 0.66913
25 24 1
25 26 1
25 55 1
25 895 0.66913
26 25 1
26 27 1
26 56 1
26 896 0.66913
27 26 1
27 28 1
27 57 1
27 897 1
28 27 1
28 29 1
28 58 1
28 898 1
29 28 1
29 30 1
29 59 1
29 899 1
30 1 1
30 29 1
30 60 1
30 900 1
31 1 1
31 32 1
31 60 1
31 61 1
32 2 0.66913
32 31 1
32 33 1
32 62 1
33 3 1
33 32 1
33 34 1
33 63 1
34 4 1
34 33 1
34 35 1
34 64 1
35 5 1
35 34 1
35 36 0.66913
35 65 1
36 479 0.5262
36 539 0.5262
37 7 1
37 36 0.66913
37 38 1
37 67 1
38 8 1
38 37 1
38 39 1
38 68 1
39 9 1
39 38 1
39 40 1
39 69 1
40 10 1
40 39 1
40 41 1
40 70 1
41 11 1
41 40 1
41 42 1
41 71 1
42 12 1
42 41 1
42 43 1
42 72 1
43 13 1
43 42 1
43 44 1
43 73 1
44 14 1
44 43 1
44 45 1
44 74 1
45 15 1
45 44 1
45 46 1
45 75 1
46 16 1
46 45 1
46 47 1
46 76 1
47 17 1
47 46 1
47 48 1
47 77 1
48 18 1
48 47 1
48 49 1
48 78 1
49 19 1
49 48 1
49 50 1
49 79 0.66913
50 20 1
50 49 1
50 51 1
50 80 1
51 21 1
51 50 1
51 52 1
51 81 0.66913
52 22 1
52 51 1
52 53 1
52 82 1
53 23 1
53 52 1
53 54 1
53 83 1
54 24 1
54 53 1
54 55 1
54 84 1
55 25 1
55 54 1
55 56 1
55 85 1
56 26 1
56 55 1
56 57 1
56 86 1
57 27 1
57 56 1
57 58 1
57 87 1
58 28 1
58 57 1
58 59 1
58 88 1
59 29 1
59 58 1
59 60 1
59 89 1
60 30 1
60 31 1
60 59 1
60 90 1
61 31 1
61 62 1
61 90 1
61 91 1
62 32 1
62 61 1
62 63 1
62 92 1
63 33 1
63 62 1
63 64 1
63 93 1
64 34 1
64 63 1
64 65 1
64 94 0.66913
65 35 1
65 64 1
65 66 1
65 95 0.66913
66 36 0.66913
66 65 1
66 67 1
66 96 1
67 37 1
67 66 1
67 68 1
67 97 1
68 38 1
68 67 1
68 69 1
68 98 1
69 39 1
69 68 1
69 70 1
69 99 1
70 40 1
70 69 1
70 71 1
70 100 1
71 41 1
71 70 1
71 72 1
71 101 1
72 42 1
72 71 1
72 73 1
72 102 1
73 43 1
73 72 1
73 74 1
73 103 1
74 44 1
74 73 1
74 75 1
74 104 1
75 45 1
75 74 1
75 76 1
75 105 1
76 46 1
76 75 1
76 77 1
76 106 1
77 47 1
77 76 1
77 78 1
77 107 1
78 48 1
78 77 1
78 79 0.66913
78 108 1
80 50 1
80 79 0.66913
80 81 0.66913
80 110 1
82 52 1
82 81 0.66913
82 83 1
82 112 0.66913
83 53 1
83 82 1
83 84 1
83 113 1
84 54 1
84 83 1
84 85 1
84 114 1
85 55 1
85 84 1
85 86 1
85 115 0.66913
86 56 1
86 85 1
86 87 1
86 116 0.66913
87 57 1
87 86 1
87 88 1
87 117 1
88 58 1
88 87 1
88 89 1
88 118 1
89 59 1
89 88 1
89 90 1
89 119 1
90 60 1
90 61 1
90 89 1
90 120 1
91 61 1
91 92 1
91 120 1
91 121 1
92 62 1
92 91 1
92 93 1
92 122 1
93 63 1
93 92 1
93 94 0.66913
93 123 1
94 386 4.7572
95 260 4.7572
95 893 5.2834
96 66 1
96 95 0.66913
96 97 1
96 126 1
97 67 1
97 96 1
97 98 1
97 127 1
98 68 1
98 97 1
98 99 1
98 128 1
99 69 1
99 98 1
99 100 1
99 129 1
100 70 1
100 99 1
100 101 1
100 130 1
101 71 1
101 100 1
101 102 1
101 131 1
102 72 1
102 101 1
102 103 1
102 132 1
103 73 1
103 102 1
103 104 1
103 133 1
104 74 1
104 103 1
104 105 1
104 134 1
105 75 1
105 104 1
105 106 1
105 135 0.66913
106 76 1
106 105 1
106 107 1
106 136 1
107 77 1
107 106 1
107 108 1
107 137 1
108 78 1
108 107 1
108 109 1
108 138 1
109 79 0.66913
109 108 1
109 110 1
109 139 1
110 80 1
110 109 1
110 111 1
110 140 1
111 81 0.66913
111 110 1
111 112 0.66913
111 141 1
112 849 5.2834
113 83 1
113 112 0.66913
113 114 1
113 143 1
114 84 1
114 113 1
114 115 0.66913
114 144 1
115 147 4.7572
115 481 4.7572
116 656 4.7572
117 87 1
117 118 1
118 88 1
118 117 1
118 119 1
118 148 1
119 89 1
119 118 1
119 120 1
119 149 1
120 90 1
120 91 1
120 119 1
120 150 1
121 91 1
121 122 1
121 150 1
121 151 1
122 92 1
122 121 1
122 123 1
122 152 1
123 93 1
123 122 1
123 124 1
123 153 1
124 94 0.66913
124 123 1
124 125 1
124 154 1
125 95 0.66913
125 124 1
125 126 1
125 155 1
126 96 1
126 125 1
126 127 1
126 156 1
127 97 1
127 126 1
127 128 1
127 157 0.66913
128 98 1
128 127 1
128 129 1
128 158 1
129 99 1
129 128 1
129 130 1
129 159 1
130 100 1
130 129 1
130 131 1
130 160 1
131 101 1
131 130 1
131 132 1
131 161 1
132 102 1
132 131 1
132 133 1
132 162 1
133 103 1
133 132 1
133 134 1
133 163 1
134 104 1
134 133 1
134 135 0.66913
134 164 1
136 106 1
136 135 0.66913
136 137 1
136 166 1
137 107 1
137 136 1
137 138 1
137 167 1
138 108 1
138 137 1
138 139 1
138 168 1
139 109 1
139 138 1
139 140 1
139 169 1
140 110 1
140 139 1
140 141 1
140 170 1
141 111 1
141 140 1
141 142 1
141 171 1
142 112 0.66913
142 141 1
142 143 1
142 172 1
143 113 1
143 142 1
143 144 1
143 173 1
144 114 1
144 143 1
144 145 0.66913
144 174 1
145 656 4.7572
146 145 0.66913
146 176 1
147 656 5.2834
148 118 1
148 147 0.66913
148 149 1
148 178 1
149 119 1
149 148 1
149 150 1
149 179 1
150 120 1
150 121 1
150 149 1
150 180 1
151 121 1
151 152 1
151 180 1
151 181 1
152 122 1
152 151 1
152 153 1
152 182 1
153 123 1
153 152 1
153 154 1
153 183 1
154 124 1
154 153 1
154 155 1
154 184 1
155 125 1
155 154 1
155 156 1
155 185 0.66913
156 126 1
156 155 1
156 157 0.66913
156 186 0.66913
157 765 4.7572
158 128 1
158 157 0.66913
158 159 1
158 188 1
159 129 1
159 158 1
159 160 1
159 189 1
160 130 1
160 159 1
160 161 1
160 190 1
161 131 1
161 160 1
161 162 1
161 191 1
162 132 1
162 161 1
162 163 1
162 192 1
163 133 1
163 162 1
163 164 1
163 193 1
164 134 1
164 163 1
164 165 1
164 194 1
165 135 0.66913
165 164 1
165 166 1
165 195 1
166 136 1
166 165 1
166 167 1
166 196 0.66913
167 137 1
167 166 1
167 168 1
167 197 1
168 138 1
168 167 1
168 169 1
168 198 1
169 139 1
169 168 1
169 170 1
169 199 1
170 140 1
170 169 1
170 171 1
170 200 1
171 141 1
171 170 1
171 172 1
171 201 1
172 142 1
172 171 1
172 173 1
172 202 1
173 143 1
173 172 1
173 174 1
173 203 1
174 144 1
174 173 1
174 175 1
174 204 1
175 145 0.66913
175 174 1
175 176 1
175 205 1
176 146 1
176 175 1
176 177 1
176 206 0.66913
177 147 0.66913
177 176 1
177 178 1
177 207 1
178 148 1
178 177 1
178 179 1
178 208 0.66913
179 149 1
179 178 1
179 180 1
179 209 1
180 150 1
180 151 1
180 179 1
180 210 1
181 151 1
181 182 1
181 210 1
181 211 1
182 152 1
182 181 1
182 183 1
182 212 1
183 153 1
183 182 1
183 184 1
183 213 1
184 154 1
184 183 1
184 185 0.66913
184 214 1
185 366 5.2834
185 633 4.7572
186 348 4.7572
186 765 4.7572
187 545 4.7572
187 633 4.7572
188 158 1
188 187 0.66913
188 189 1
188 218 1
189 159 1
189 188 1
189 190 1
189 219 1
190 160 1
190 189 1
190 191 1
190 220 1
191 161 1
191 190 1
191 192 1
191 221 1
192 162 1
192 191 1
192 193 1
192 222 1
193 163 1
193 192 1
193 194 1
193 223 1
194 164 1
194 193 1
194 195 1
194 224 1
195 165 1
195 194 1
195 196 0.66913
195 225 0.66913
196 306 5.2834
196 475 5.2834
197 167 1
197 196 0.66913
197 198 1
197 227 1
198 168 1
198 197 1
198 199 1
198 228 1
199 169 1
199 198 1
199 200 1
199 229 1
200 170 1
200 199 1
200 201 1
200 230 1
201 171 1
201 200 1
201 202 1
201 231 0.66913
202 172 1
202 201 1
202 203 1
202 232 1
203 173 1
203 202 1
203 204 1
203 233 1
204 174 1
204 203 1
204 205 1
204 234 1
205 175 1
205 204 1
205 206 0.66913
205 235 1
207 177 1
207 237 0.66913
209 179 1
209 208 0.66913
209 210 1
209 239 1
210 180 1
210 181 1
210 209 1
210 240 1
211 181 1
211 212 1
211 240 1
211 241 1
212 182 1
212 211 1
212 213 1
212 242 1
213 183 1
213 212 1
213 214 1
213 243 1
214 184 1
214 213 1
214 215 1
214 244 1
215 185 0.66913
215 214 1
215 216 1
215 245 1
216 186 0.66913
216 215 1
216 217 1
216 246 0.66913
217 187 0.66913
217 216 1
217 218 1
217 247 0.66913
218 188 1
218 217 1
218 219 1
218 248 1
219 189 1
219 218 1
219 220 1
219 249 1
220 190 1
220 219 1
220 221 1
220 250 1
221 191 1
221 220 1
221 222 1
221 251 1
222 192 1
222 221 1
222 223 1
222 252 1
223 193 1
223 222 1
223 224 1
223 253 1
224 194 1
224 223 1
224 225 0.66913
224 254 1
225 849 4.7572
226 196 0.66913
226 225 0.66913
226 227 1
226 256 1
227 197 1
227 226 1
227 228 1
227 257 1
228 198 1
228 227 1
228 229 1
228 258 1
229 199 1
229 228 1
229 230 1
229 259 1
230 200 1
230 229 1
230 231 0.66913
230 260 0.66913
231 748 5.2834
231 896 5.2834
232 202 1
232 231 0.66913
232 233 1
232 262 1
233 203 1
233 232 1
233 234 1
233 263 1
234 204 1
234 233 1
234 235 1
234 264 1
235 205 1
235 234 1
235 236 1
235 265 1
236 206 0.66913
236 235 1
236 237 0.66913
236 266 0.66913
237 331 5.2834
237 873 5.2834
238 208 0.66913
238 237 0.66913
238 239 1
238 268 1
239 209 1
239 238 1
239 240 1
239 269 1
240 210 1
240 211 1
240 239 1
240 270 1
241 211 1
241 242 1
241 270 1
241 271 1
242 212 1
242 241 1
242 243 1
242 272 1
243 213 1
243 242 1
243 244 1
243 273 1
244 214 1
244 243 1
244 245 1
244 274 1
245 215 1
245 244 1
245 246 0.66913
245 275 0.66913
246 2 4.7572
246 293 5.2834
247 818 4.7572
248 218 1
248 247 0.66913
248 249 1
248 278 0.66913
249 219 1
249 248 1
249 250 1
249 279 1
250 220 1
250 249 1
250 251 1
250 280 1
251 221 1
251 250 1
251 252 1
251 281 1
252 222 1
252 251 1
252 253 1
252 282 1
253 223 1
253 252 1
253 254 1
253 283 1
254 224 1
254 253 1
254 255 0.66913
254 284 1
255 112 4.7572
255 293 5.2834
256 226 1
256 255 0.66913
256 257 1
256 286 1
257 227 1
257 256 1
257 258 1
257 287 1
258 228 1
258 257 1
258 259 1
258 288 1
259 229 1
259 258 1
259 260 0.66913
259 289 1
260 386 5.2834
261 231 0.66913
261 260 0.66913
261 262 1
261 291 1
262 232 1
262 261 1
262 263 1
262 292 1
263 233 1
263 262 1
263 264 1
263 293 0.66913
264 234 1
264 263 1
264 265 1
264 294 1
265 235 1
265 264 1
265 266 0.66913
265 295 1
267 237 0.66913
267 266 0.66913
267 268 1
267 297 1
268 238 1
268 267 1
268 269 1
268 298 1
269 239 1
269 268 1
269 270 1
269 299 1
270 240 1
270 241 1
270 269 1
270 300 1
271 241 1
271 272 1
271 300 1
271 301 1
272 242 1
272 271 1
272 273 1
272 302 1
273 243 1
273 272 1
273 274 1
273 303 1
274 244 1
274 273 1
274 275 0.66913
274 304 1
276 246 0.66913
276 275 0.66913
276 277 1
276 306 0.66913
277 247 0.66913
277 276 1
277 278 0.66913
277 307 1
278 864 4.7572
279 249 1
279 278 0.66913
279 280 1
279 309 1
280 250 1
280 279 1
280 281 1
280 310 1
281 251 1
281 280 1
281 282 1
281 311 1
282 252 1
282 281 1
282 283 1
282 312 1
283 253 1
283 282 1
283 284 1
283 313 1
284 254 1
284 283 1
284 285 1
284 314 1
285 255 0.66913
285 284 1
285 286 1
285 315 1
286 256 1
286 285 1
286 287 1
286 316 1
287 257 1
287 286 1
287 288 1
287 317 1
288 258 1
288 287 1
288 289 1
288 318 0.66913
289 259 1
289 288 1
289 290 1
289 319 1
290 260 0.66913
290 289 1
290 291 1
290 320 1
291 261 1
291 290 1
291 292 1
291 321 1
292 262 1
292 291 1
292 293 0.66913
292 322 1
293 246 5.2834
293 255 5.2834
294 264 1
294 293 0.66913
294 295 1
294 324 1
295 265 1
295 294 1
295 296 1
295 325 1
296 266 0.66913
296 295 1
296 297 1
296 326 1
297 267 1
297 296 1
297 298 1
297 327 1
298 268 1
298 297 1
298 299 1
298 328 1
299 269 1
299 298 1
299 300 1
299 329 1
300 270 1
300 271 1
300 299 1
300 330 1
301 271 1
301 302 1
301 330 1
301 331 0.66913
302 272 1
302 301 1
302 303 1
302 332 1
303 273 1
303 302 1
303 304 1
303 333 1
304 274 1
304 303 1
304 305 1
304 334 1
305 275 0.66913
305 304 1
305 306 0.66913
305 335 1
306 196 5.2834
306 331 5.2834
306 792 5.2834
307 277 1
307 306 0.66913
307 308 0.66913
307 337 1
308 375 5.2834
308 836 4.7572
309 279 1
309 308 0.66913
309 310 1
309 339 1
310 280 1
310 309 1
310 311 1
310 340 1
311 281 1
311 310 1
311 312 1
311 341 0.66913
312 282 1
312 311 1
312 313 1
312 342 1
313 283 1
313 312 1
313 314 1
313 343 1
314 284 1
314 313 1
314 315 1
314 344 1
315 285 1
315 314 1
315 316 1
315 345 1
316 286 1
316 315 1
316 317 1
316 346 1
317 287 1
317 316 1
317 318 0.66913
317 347 1
318 185 4.7572
319 289 1
319 318 0.66913
319 320 1
319 349 1
320 290 1
320 319 1
320 321 1
320 350 1
321 291 1
321 320 1
321 322 1
321 351 1
322 292 1
322 321 1
322 323 1
322 352 0.66913
323 293 0.66913
323 322 1
323 324 1
323 353 1
324 294 1
324 323 1
324 325 1
324 354 1
325 295 1
325 324 1
325 326 1
325 355 1
326 296 1
326 325 1
326 327 1
326 356 1
327 297 1
327 326 1
327 328 1
327 357 1
328 298 1
328 327 1
328 329 1
328 358 0.66913
329 299 1
329 328 1
329 330 1
329 359 1
330 300 1
330 301 1
330 329 1
330 360 1
331 237 5.2834
331 306 5.2834
332 302 1
332 331 0.66913
332 333 1
332 362 1
333 303 1
333 332 1
333 334 1
333 363 1
334 304 1
334 333 1
334 335 1
334 364 1
335 305 1
335 334 1
335 336 1
335 365 1
336 306 0.66913
336 335 1
336 337 1
336 366 0.66913
337 307 1
337 336 1
337 338 1
337 367 1
338 308 0.66913
338 337 1
338 339 1
338 368 1
339 309 1
339 338 1
339 340 1
339 369 1
340 310 1
340 339 1
340 341 0.66913
340 370 1
341 687 4.7572
342 312 1
342 341 0.66913
342 343 1
342 372 1
343 313 1
343 342 1
343 344 1
343 373 1
344 314 1
344 343 1
344 345 1
344 374 1
345 315 1
345 344 1
345 346 1
345 375 0.66913
346 316 1
346 345 1
346 347 1
346 376 1
347 317 1
347 346 1
347 348 0.66913
347 377 1
348 366 4.7572
348 633 5.2834
349 319 1
349 348 0.66913
349 350 1
349 379 1
350 320 1
350 349 1
350 351 1
350 380 1
351 321 1
351 350 1
351 352 0.66913
351 381 0.66913
353 323 1
353 352 0.66913
353 354 1
353 383 0.66913
354 324 1
354 353 1
354 355 1
354 384 1
355 325 1
355 354 1
355 356 1
355 385 1
356 326 1
356 355 1
356 357 1
356 386 0.66913
357 327 1
357 356 1
357 358 0.66913
357 387 0.66913
359 329 1
359 358 0.66913
359 360 1
359 389 1
360 330 1
360 331 0.66913
360 359 1
360 390 1
361 331 0.66913
361 362 1
361 390 1
361 391 1
362 332 1
362 361 1
362 363 1
362 392 1
363 333 1
363 362 1
363 364 1
363 393 1
364 334 1
364 363 1
364 365 1
364 394 1
365 335 1
365 364 1
365 366 0.66913
365 395 1
366 185 5.2834
367 337 1
367 366 0.66913
367 368 1
367 397 1
368 338 1
368 367 1
368 369 1
368 398 1
369 339 1
369 368 1
369 370 1
369 399 1
370 340 1
370 369 1
370 371 0.66913
370 400 1
371 596 4.7572
372 342 1
372 371 0.66913
372 373 1
372 402 1
373 343 1
373 372 1
373 374 1
373 403 0.66913
374 344 1
374 373 1
374 375 0.66913
374 404 1
375 308 5.2834
375 383 5.2834
375 387 5.2834
376 346 1
376 375 0.66913
376 377 1
376 406 1
377 347 1
377 376 1
377 378 1
377 407 1
378 348 0.66913
378 377 1
378 379 1
378 408 1
379 349 1
379 378 1
379 380 1
379 409 1
380 350 1
380 379 1
380 381 0.66913
380 410 1
382 352 0.66913
382 381 0.66913
382 383 0.66913
382 412 1
383 375 5.2834
383 890 5.2834
384 354 1
384 383 0.66913
384 385 1
384 414 1
385 355 1
385 384 1
385 386 0.66913
385 415 1
386 260 5.2834
386 893 4.7572
387 95 4.7572
387 375 5.2834
388 358 0.66913
388 387 0.66913
388 389 1
388 418 1
389 359 1
389 388 1
389 390 1
389 419 1
390 360 1
390 361 1
390 389 1
390 420 1
391 361 1
391 392 1
391 420 1
391 421 1
392 362 1
392 391 1
392 393 1
392 422 1
393 363 1
393 392 1
393 394 1
393 423 1
394 364 1
394 393 1
394 395 1
394 424 1
395 365 1
395 394 1
395 396 1
395 425 1
396 366 0.66913
396 395 1
396 397 1
396 426 1
397 367 1
397 396 1
397 398 1
397 427 0.66913
398 368 1
398 397 1
398 399 1
398 428 1
399 369 1
399 398 1
399 400 1
399 429 1
400 370 1
400 399 1
400 401 1
400 430 1
401 371 0.66913
401 400 1
401 402 1
401 431 1
402 372 1
402 401 1
402 403 0.66913
402 432 1
404 374 1
404 403 0.66913
404 405 1
404 434 1
405 375 0.66913
405 404 1
405 406 1
405 435 1
406 376 1
406 405 1
406 407 1
406 436 1
407 377 1
407 406 1
407 408 1
407 437 1
408 378 1
408 407 1
408 409 1
408 438 0.66913
409 379 1
409 408 1
409 410 1
409 439 1
410 380 1
410 409 1
410 411 1
410 440 0.66913
411 381 0.66913
411 410 1
411 412 1
411 441 1
412 382 1
412 411 1
412 413 1
412 442 1
413 383 0.66913
413 412 1
413 414 1
413 443 1
414 384 1
414 413 1
414 415 1
414 444 1
415 385 1
415 414 1
415 416 1
415 445 1
416 386 0.66913
416 415 1
416 417 1
416 446 1
417 387 0.66913
417 416 1
417 418 1
417 447 0.66913
418 388 1
418 417 1
418 419 1
418 448 1
419 389 1
419 418 1
419 420 1
419 449 1
420 390 1
420 391 1
420 419 1
420 450 1
421 391 1
421 422 1
421 450 1
421 451 1
422 392 1
422 421 1
422 423 1
422 452 1
423 393 1
423 422 1
423 424 1
423 453 0.66913
424 394 1
424 423 1
424 425 1
424 454 1
425 395 1
425 424 1
425 426 1
425 455 1
426 396 1
426 425 1
426 427 0.66913
426 456 1
428 398 1
428 427 0.66913
428 429 1
428 458 1
429 399 1
429 428 1
429 430 1
429 459 1
430 400 1
430 429 1
430 431 1
430 460 1
431 401 1
431 430 1
431 432 1
431 461 1
432 402 1
432 431 1
432 433 1
432 462 1
433 403 0.66913
433 432 1
433 434 1
433 463 1
434 404 1
434 433 1
434 435 1
434 464 1
435 405 1
435 434 1
435 436 1
435 465 1
436 406 1
436 435 1
436 437 1
436 466 1
437 407 1
437 436 1
437 438 0.66913
437 467 1
439 409 1
439 438 0.66913
439 440 0.66913
439 469 1
441 411 1
441 440 0.66913
441 442 1
441 471 1
442 412 1
442 441 1
442 443 1
442 472 1
443 413 1
443 442 1
443 444 1
443 473 0.66913
444 414 1
444 443 1
444 445 1
444 474 1
445 415 1
445 444 1
445 446 1
445 475 0.66913
446 416 1
446 445 1
446 447 0.66913
446 476 1
448 418 1
448 447 0.66913
448 449 1
448 478 1
449 419 1
449 448 1
449 450 1
449 479 0.66913
450 420 1
450 421 1
450 449 1
450 480 1
451 421 1
451 452 1
451 480 1
451 481 0.66913
452 422 1
452 451 1
452 453 0.66913
452 482 1
453 748 5.2834
454 424 1
454 453 0.66913
454 455 1
454 484 1
455 425 1
455 454 1
455 456 1
455 485 1
456 426 1
456 455 1
456 457 1
456 486 1
457 427 0.66913
457 456 1
457 458 1
457 487 1
458 428 1
458 457 1
458 459 1
458 488 1
459 429 1
459 458 1
459 460 1
459 489 1
460 430 1
460 459 1
460 461 1
460 490 1
461 431 1
461 460 1
461 462 1
461 491 1
462 432 1
462 461 1
462 463 1
462 492 1
463 433 1
463 462 1
463 464 1
463 493 1
464 434 1
464 463 1
464 465 1
464 494 1
465 435 1
465 464 1
465 466 1
465 495 1
466 436 1
466 465 1
466 467 1
466 496 1
467 437 1
467 466 1
467 468 1
467 497 1
468 438 0.66913
468 467 1
468 469 1
468 498 1
469 439 1
469 468 1
469 470 1
469 499 1
470 440 0.66913
470 469 1
470 471 1
470 500 1
471 441 1
471 470 1
471 472 1
471 501 0.66913
472 442 1
472 471 1
472 473 0.66913
472 502 1
474 444 1
474 473 0.66913
474 475 0.66913
474 504 1
475 196 5.2834
475 792 5.2834
476 446 1
476 475 0.66913
476 477 1
476 506 1
477 447 0.66913
477 476 1
477 478 1
477 507 1
478 448 1
478 477 1
478 479 0.66913
478 508 1
479 36 10.041
480 450 1
480 451 1
480 479 0.66913
480 510 1
481 656 5.2834
482 452 1
482 481 0.66913
482 483 1
482 512 1
483 453 0.66913
483 482 1
483 484 1
483 513 1
484 454 1
484 483 1
484 485 1
484 514 1
485 455 1
485 484 1
485 486 1
485 515 1
486 456 1
486 485 1
486 487 1
486 516 1
487 457 1
487 486 1
487 488 1
487 517 1
488 458 1
488 487 1
488 489 1
488 518 1
489 459 1
489 488 1
489 490 1
489 519 1
490 460 1
490 489 1
490 491 1
490 520 1
491 461 1
491 490 1
491 492 1
491 521 1
492 462 1
492 491 1
492 493 1
492 522 1
493 463 1
493 492 1
493 494 1
493 523 1
494 464 1
494 493 1
494 495 1
494 524 0.66913
495 465 1
495 494 1
495 496 1
495 525 1
496 466 1
496 495 1
496 497 1
496 526 1
497 467 1
497 496 1
497 498 1
497 527 1
498 468 1
498 497 1
498 499 1
498 528 1
499 469 1
499 498 1
499 500 1
499 529 1
500 470 1
500 499 1
500 501 0.66913
500 530 1
502 472 1
502 501 0.66913
502 503 1
502 532 1
503 473 0.66913
503 502 1
503 504 1
503 533 1
504 474 1
504 503 1
504 505 1
504 534 1
505 475 0.66913
505 504 1
505 506 1
505 535 1
506 476 1
506 505 1
506 507 1
506 536 1
507 477 1
507 506 1
507 508 1
507 537 1
508 478 1
508 507 1
508 509 0.66913
508 538 1
509 479 0.4738
509 539 0.4738
510 480 1
510 481 0.66913
510 509 0.66913
510 540 1
511 481 0.66913
511 512 1
511 540 1
511 541 1
512 482 1
512 511 1
512 513 1
512 542 1
513 483 1
513 512 1
513 514 1
513 543 1
514 484 1
514 513 1
514 515 1
514 544 1
515 485 1
515 514 1
515 516 1
515 545 0.66913
516 486 1
516 515 1
516 517 1
516 546 1
517 487 1
517 516 1
517 518 1
517 547 0.66913
518 488 1
518 517 1
518 519 1
518 548 1
519 489 1
519 518 1
519 520 1
519 549 1
520 490 1
520 519 1
520 521 1
520 550 1
521 491 1
521 520 1
521 522 1
521 551 1
522 492 1
522 521 1
522 523 1
522 552 1
523 493 1
523 522 1
523 524 0.66913
523 553 1
525 495 1
525 524 0.66913
525 526 1
525 555 1
526 496 1
526 525 1
526 527 1
526 556 1
527 497 1
527 526 1
527 528 1
527 557 1
528 498 1
528 527 1
528 529 1
528 558 1
529 499 1
529 528 1
529 530 1
529 559 1
530 500 1
530 529 1
530 531 1
530 560 1
531 501 0.66913
531 530 1
531 532 1
531 561 1
532 502 1
532 531 1
532 533 1
532 562 1
533 503 1
533 532 1
533 534 1
533 563 1
534 504 1
534 533 1
534 535 1
534 564 1
535 505 1
535 534 1
535 536 1
535 565 1
536 506 1
536 535 1
536 537 1
536 566 1
537 507 1
537 536 1
537 538 1
537 567 1
538 508 1
538 537 1
538 539 0.66913
538 568 1
539 36 10.041
540 510 1
540 511 1
540 539 0.66913
540 570 1
541 511 1
541 542 1
541 570 1
541 571 1
542 512 1
542 541 1
542 543 1
542 572 1
543 513 1
543 542 1
543 544 1
543 573 1
544 514 1
544 543 1
544 545 0.66913
544 574 1
545 765 5.2834
546 516 1
546 545 0.66913
546 547 0.66913
546 576 1
548 518 1
548 547 0.66913
548 549 1
548 578 1
549 519 1
549 548 1
549 550 1
549 579 1
550 520 1
550 549 1
550 551 1
550 580 1
551 521 1
551 550 1
551 552 1
551 581 1
552 522 1
552 551 1
552 553 1
552 582 1
553 523 1
553 552 1
553 554 1
553 583 1
554 524 0.66913
554 553 1
554 555 1
554 584 1
555 525 1
555 554 1
555 556 1
555 585 1
556 526 1
556 555 1
556 557 1
556 586 1
557 527 1
557 556 1
557 558 1
557 587 1
558 528 1
558 557 1
558 559 1
558 588 1
559 529 1
559 558 1
559 560 1
559 589 1
560 530 1
560 559 1
560 561 1
560 590 1
561 531 1
561 560 1
561 562 1
561 591 1
562 532 1
562 561 1
562 563 1
562 592 1
563 533 1
563 562 1
563 564 1
563 593 1
564 534 1
564 563 1
564 565 1
564 594 1
565 535 1
565 564 1
565 566 1
565 595 1
566 536 1
566 565 1
566 567 1
566 596 0.66913
567 537 1
567 566 1
567 568 1
567 597 1
568 538 1
568 567 1
568 569 1
568 598 1
569 539 0.66913
569 568 1
569 570 1
569 599 1
570 540 1
570 541 1
570 569 1
570 600 1
571 541 1
571 572 1
571 600 1
571 601 0.66913
572 542 1
572 571 1
572 573 1
572 602 0.66913
573 543 1
573 572 1
573 574 1
573 603 1
574 544 1
574 573 1
574 575 1
574 604 1
575 545 0.66913
575 574 1
575 576 1
575 605 1
576 546 1
576 575 1
576 577 1
576 606 1
577 547 0.66913
577 576 1
577 578 1
577 607 1
578 548 1
578 577 1
578 579 1
578 608 0.66913
579 549 1
579 578 1
579 580 1
579 609 1
580 550 1
580 579 1
580 581 1
580 610 1
581 551 1
581 580 1
581 582 1
581 611 1
582 552 1
582 581 1
582 583 1
582 612 1
583 553 1
583 582 1
583 584 1
583 613 0.66913
584 554 1
584 583 1
584 585 1
584 614 0.66913
585 555 1
585 584 1
585 586 1
585 615 1
586 556 1
586 585 1
586 587 1
586 616 1
587 557 1
587 586 1
587 588 1
587 617 1
588 558 1
588 587 1
588 589 1
588 618 1
589 559 1
589 588 1
589 590 1
589 619 1
590 560 1
590 589 1
590 591 1
590 620 0.66913
591 561 1
591 590 1
591 592 1
591 621 1
592 562 1
592 591 1
592 593 1
592 622 1
593 563 1
593 592 1
593 594 1
593 623 1
594 564 1
594 593 1
594 595 1
594 624 1
595 565 1
595 594 1
595 596 0.66913
595 625 1
596 687 5.2834
597 567 1
597 596 0.66913
597 598 1
597 627 1
598 568 1
598 597 1
598 599 1
598 628 1
599 569 1
599 598 1
599 600 1
599 629 1
600 570 1
600 571 1
600 599 1
600 630 1
601 614 4.7572
602 832 4.7572
602 873 5.2834
603 573 1
603 602 0.66913
603 604 1
603 633 0.66913
604 574 1
604 603 1
604 605 1
604 634 1
605 575 1
605 604 1
605 606 1
605 635 1
606 576 1
606 605 1
606 607 1
606 636 1
607 577 1
607 606 1
607 608 0.66913
607 637 1
609 579 1
609 608 0.66913
609 610 1
609 639 1
610 580 1
610 609 1
610 611 1
610 640 1
611 581 1
611 610 1
611 612 1
611 641 1
612 582 1
612 611 1
612 613 0.66913
612 642 0.66913
613 237 4.7572
613 602 4.7572
614 832 5.2834
614 873 4.7572
615 585 1
615 614 0.66913
615 616 1
615 645 1
616 586 1
616 615 1
616 617 1
616 646 1
617 587 1
617 616 1
617 618 1
617 647 1
618 588 1
618 617 1
618 619 1
618 648 1
619 589 1
619 618 1
619 620 0.66913
619 649 1
621 591 1
621 620 0.66913
621 622 1
621 651 1
622 592 1
622 621 1
622 623 1
622 652 1
623 593 1
623 622 1
623 624 1
623 653 0.66913
624 594 1
624 623 1
624 625 1
624 654 1
625 595 1
625 624 1
625 626 1
625 655 1
626 596 0.66913
626 625 1
626 627 1
626 656 0.66913
627 597 1
627 626 1
627 628 1
627 657 1
628 598 1
628 627 1
628 629 1
628 658 1
629 599 1
629 628 1
629 630 1
629 659 1
630 600 1
630 601 0.66913
630 629 1
630 660 1
631 601 0.66913
631 632 1
631 660 1
631 661 1
632 602 0.66913
632 631 1
632 633 0.66913
632 662 1
633 348 5.2834
633 765 5.2834
634 604 1
634 633 0.66913
634 635 1
634 664 1
635 605 1
635 634 1
635 636 1
635 665 1
636 606 1
636 635 1
636 637 1
636 666 1
637 607 1
637 636 1
637 638 1
637 667 0.66913
638 608 0.66913
638 637 1
638 639 1
638 668 1
639 609 1
639 638 1
639 640 1
639 669 1
640 610 1
640 639 1
640 641 1
640 670 1
641 611 1
641 640 1
641 642 0.66913
641 671 0.66913
642 237 4.7572
642 306 4.7572
643 331 4.7572
643 873 4.7572
644 614 0.66913
644 643 0.66913
644 645 1
644 674 1
645 615 1
645 644 1
645 646 1
645 675 1
646 616 1
646 645 1
646 647 1
646 676 1
647 617 1
647 646 1
647 648 1
647 677 1
648 618 1
648 647 1
648 649 1
648 678 1
649 619 1
649 648 1
649 650 1
649 679 1
650 620 0.66913
650 649 1
650 651 1
650 680 1
651 621 1
651 650 1
651 652 1
651 681 1
652 622 1
652 651 1
652 653 0.66913
652 682 1
654 624 1
654 653 0.66913
654 655 1
654 684 1
655 625 1
655 654 1
655 656 0.66913
655 685 1
656 147 5.2834
656 481 5.2834
657 627 1
657 656 0.66913
657 658 1
657 687 0.66913
658 628 1
658 657 1
658 659 1
658 688 1
659 629 1
659 658 1
659 660 1
659 689 1
660 630 1
660 631 1
660 659 1
660 690 1
661 631 1
661 662 1
661 690 1
661 691 1
662 632 1
662 661 1
662 663 1
662 692 0.66913
663 633 0.66913
663 662 1
663 664 1
663 693 1
664 634 1
664 663 1
664 665 1
664 694 1
665 635 1
665 664 1
665 666 1
665 695 1
666 636 1
666 665 1
666 667 0.66913
666 696 1
668 638 1
668 667 0.66913
668 669 1
668 698 1
669 639 1
669 668 1
669 670 1
669 699 1
670 640 1
670 669 1
670 671 0.66913
670 700 1
671 306 4.7572
671 475 4.7572
672 196 4.7572
672 331 4.7572
672 792 4.7572
673 643 0.66913
673 672 0.66913
673 674 1
673 703 1
674 644 1
674 673 1
674 675 1
674 704 1
675 645 1
675 674 1
675 676 1
675 705 1
676 646 1
676 675 1
676 677 1
676 706 0.66913
677 647 1
677 676 1
677 678 1
677 707 1
678 648 1
678 677 1
678 679 1
678 708 1
679 649 1
679 678 1
679 680 1
679 709 1
680 650 1
680 679 1
680 681 1
680 710 1
681 651 1
681 680 1
681 682 1
681 711 1
682 652 1
682 681 1
682 683 1
682 712 1
683 653 0.66913
683 682 1
683 684 1
683 713 1
684 654 1
684 683 1
684 685 1
684 714 1
685 655 1
685 684 1
685 686 1
685 715 1
686 656 0.66913
686 685 1
686 687 0.66913
686 716 1
687 596 5.2834
688 658 1
688 687 0.66913
688 689 1
688 718 1
689 659 1
689 688 1
689 690 1
689 719 1
690 660 1
690 661 1
690 689 1
690 720 1
691 661 1
691 692 0.66913
691 720 1
691 721 1
693 663 1
693 692 0.66913
693 694 1
693 723 1
694 664 1
694 693 1
694 695 1
694 724 1
695 665 1
695 694 1
695 696 1
695 725 1
696 666 1
696 695 1
696 697 1
696 726 1
697 667 0.66913
697 696 1
697 698 1
697 727 1
698 668 1
698 697 1
698 699 1
698 728 1
699 669 1
699 698 1
699 700 1
699 729 1
700 670 1
700 699 1
700 701 0.66913
700 730 1
701 196 4.7572
701 792 4.7572
702 306 4.7572
702 475 4.7572
703 673 1
703 702 0.66913
703 704 1
703 733 1
704 674 1
704 703 1
704 705 1
704 734 1
705 675 1
705 704 1
705 706 0.66913
705 735 1
707 677 1
707 706 0.66913
707 708 1
707 737 1
708 678 1
708 707 1
708 709 1
708 738 1
709 679 1
709 708 1
709 710 1
709 739 1
710 680 1
710 709 1
710 711 1
710 740 1
711 681 1
711 710 1
711 712 1
711 741 1
712 682 1
712 711 1
712 713 1
712 742 1
713 683 1
713 712 1
713 714 1
713 743 1
714 684 1
714 713 1
714 715 1
714 744 1
715 685 1
715 714 1
715 716 1
715 745 1
716 686 1
716 715 1
716 717 1
716 746 1
717 687 0.66913
717 716 1
717 718 1
717 747 1
718 688 1
718 717 1
718 719 1
718 748 0.66913
719 689 1
719 718 1
719 720 1
719 749 1
720 690 1
720 691 1
720 719 1
720 750 1
721 691 1
721 722 1
721 750 1
721 751 1
722 692 0.66913
722 721 1
722 723 1
722 752 1
723 693 1
723 722 1
723 724 1
723 753 1
724 694 1
724 723 1
724 725 1
724 754 1
725 695 1
725 724 1
725 726 1
725 755 1
726 696 1
726 725 1
726 727 1
726 756 1
727 697 1
727 726 1
727 728 1
727 757 1
728 698 1
728 727 1
728 729 1
728 758 1
729 699 1
729 728 1
729 730 1
729 759 1
730 700 1
730 729 1
730 731 1
730 760 1
731 701 0.66913
731 730 1
731 732 1
731 761 1
732 702 0.66913
732 731 1
732 733 1
732 762 1
733 703 1
733 732 1
733 734 1
733 763 1
734 704 1
734 733 1
734 735 1
734 764 1
735 705 1
735 734 1
735 736 1
735 765 0.66913
736 706 0.66913
736 735 1
736 737 1
736 766 1
737 707 1
737 736 1
737 738 1
737 767 1
738 708 1
738 737 1
738 739 1
738 768 1
739 709 1
739 738 1
739 740 1
739 769 1
740 710 1
740 739 1
740 741 1
740 770 1
741 711 1
741 740 1
741 742 1
741 771 1
742 712 1
742 741 1
742 743 1
742 772 1
743 713 1
743 742 1
743 744 1
743 773 1
744 714 1
744 743 1
744 745 1
744 774 1
745 715 1
745 744 1
745 746 1
745 775 1
746 716 1
746 745 1
746 747 1
746 776 1
747 717 1
747 746 1
747 748 0.66913
747 777 1
748 231 5.2834
748 453 5.2834
749 719 1
749 748 0.66913
749 750 1
749 779 1
750 720 1
750 721 1
750 749 1
750 780 1
751 721 1
751 752 1
751 780 1
751 781 1
752 722 1
752 751 1
752 753 1
752 782 1
753 723 1
753 752 1
753 754 1
753 783 0.66913
754 724 1
754 753 1
754 755 1
754 784 1
755 725 1
755 754 1
755 756 1
755 785 1
756 726 1
756 755 1
756 757 1
756 786 1
757 727 1
757 756 1
757 758 1
757 787 1
758 728 1
758 757 1
758 759 1
758 788 1
759 729 1
759 758 1
759 760 1
759 789 1
760 730 1
760 759 1
760 761 1
760 790 1
761 731 1
761 760 1
761 762 1
761 791 1
762 732 1
762 761 1
762 763 1
762 792 0.66913
763 733 1
763 762 1
763 764 1
763 793 1
764 734 1
764 763 1
764 765 0.66913
764 794 1
765 545 5.2834
765 633 5.2834
766 736 1
766 765 0.66913
766 767 1
766 796 1
767 737 1
767 766 1
767 768 1
767 797 1
768 738 1
768 767 1
768 769 1
768 798 1
769 739 1
769 768 1
769 770 1
769 799 1
770 740 1
770 769 1
770 771 1
770 800 1
771 741 1
771 770 1
771 772 1
771 801 1
772 742 1
772 771 1
772 773 1
772 802 1
773 743 1
773 772 1
773 774 1
773 803 1
774 744 1
774 773 1
774 775 1
774 804 1
775 745 1
775 774 1
775 776 1
775 805 1
776 746 1
776 775 1
776 777 1
776 806 1
777 747 1
777 776 1
777 778 1
777 807 1
778 748 0.66913
778 777 1
778 779 1
778 808 1
779 749 1
779 778 1
779 780 1
779 809 1
780 750 1
780 751 1
780 779 1
780 810 1
781 751 1
781 782 1
781 810 1
781 811 1
782 752 1
782 781 1
782 783 0.66913
782 812 1
784 754 1
784 783 0.66913
784 785 1
784 814 1
785 755 1
785 784 1
785 786 1
785 815 1
786 756 1
786 785 1
786 787 1
786 816 1
787 757 1
787 786 1
787 788 1
787 817 1
788 758 1
788 787 1
788 789 1
788 818 0.66913
789 759 1
789 788 1
789 790 1
789 819 1
790 760 1
790 789 1
790 791 1
790 820 1
791 761 1
791 790 1
791 792 0.66913
791 821 1
792 306 5.2834
792 475 5.2834
793 763 1
793 792 0.66913
793 794 1
793 823 1
794 764 1
794 793 1
794 795 1
794 824 1
795 765 0.66913
795 794 1
795 796 1
795 825 1
796 766 1
796 795 1
796 797 1
796 826 1
797 767 1
797 796 1
797 798 1
797 827 1
798 768 1
798 797 1
798 799 1
798 828 1
799 769 1
799 798 1
799 800 1
799 829 0.66913
800 770 1
800 799 1
800 801 1
800 830 1
801 771 1
801 800 1
801 802 1
801 831 1
802 772 1
802 801 1
802 803 1
802 832 0.66913
803 773 1
803 802 1
803 804 1
803 833 1
804 774 1
804 803 1
804 805 1
804 834 1
805 775 1
805 804 1
805 806 1
805 835 1
806 776 1
806 805 1
806 807 1
806 836 0.66913
807 777 1
807 806 1
807 808 1
807 837 1
808 778 1
808 807 1
808 809 1
808 838 1
809 779 1
809 808 1
809 810 1
809 839 1
810 780 1
810 781 1
810 809 1
810 840 1
811 781 1
811 812 1
811 840 1
811 841 1
812 782 1
812 811 1
812 813 1
812 842 1
813 783 0.66913
813 812 1
813 814 1
813 843 1
814 784 1
814 813 1
814 815 1
814 844 1
815 785 1
815 814 1
815 816 1
815 845 1
816 786 1
816 815 1
816 817 1
816 846 1
817 787 1
817 816 1
817 818 0.66913
817 847 1
818 2 5.2834
818 293 4.7572
819 789 1
819 818 0.66913
819 820 1
819 849 0.66913
820 790 1
820 819 1
820 821 1
820 850 1
821 791 1
821 820 1
821 822 1
821 851 1
822 792 0.66913
822 821 1
822 823 1
822 852 1
823 793 1
823 822 1
823 824 1
823 853 1
824 794 1
824 823 1
824 825 1
824 854 1
825 795 1
825 824 1
825 826 1
825 855 1
826 796 1
826 825 1
826 827 1
826 856 1
827 797 1
827 826 1
827 828 1
827 857 1
828 798 1
828 827 1
828 829 0.66913
828 858 1
829 748 4.7572
830 800 1
830 829 0.66913
830 831 1
830 860 0.66913
831 801 1
831 830 1
831 832 0.66913
831 861 1
832 614 5.2834
833 803 1
833 832 0.66913
833 834 1
833 863 1
834 804 1
834 833 1
834 835 1
834 864 0.66913
835 805 1
835 834 1
835 836 0.66913
835 865 1
836 864 5.2834
837 807 1
837 836 0.66913
837 838 1
837 867 1
838 808 1
838 837 1
838 839 1
838 868 1
839 809 1
839 838 1
839 840 1
839 869 1
840 810 1
840 811 1
840 839 1
840 870 1
841 811 1
841 842 1
841 870 1
841 871 1
842 812 1
842 841 1
842 843 1
842 872 1
843 813 1
843 842 1
843 844 1
843 873 0.66913
844 814 1
844 843 1
844 845 1
844 874 1
845 815 1
845 844 1
845 846 1
845 875 1
846 816 1
846 845 1
846 847 1
846 876 1
847 817 1
847 846 1
847 848 0.66913
847 877 1
848 246 4.7572
848 255 4.7572
849 112 5.2834
849 293 4.7572
850 820 1
850 849 0.66913
850 851 1
850 880 1
851 821 1
851 850 1
851 852 1
851 881 1
852 822 1
852 851 1
852 853 1
852 882 1
853 823 1
853 852 1
853 854 1
853 883 1
854 824 1
854 853 1
854 855 1
854 884 1
855 825 1
855 854 1
855 856 1
855 885 1
856 826 1
856 855 1
856 857 1
856 886 1
857 827 1
857 856 1
857 858 1
857 887 1
858 828 1
858 857 1
858 859 0.66913
858 888 1
859 231 4.7572
859 453 4.7572
860 748 4.7572
860 896 4.7572
861 831 1
861 860 0.66913
861 862 1
861 891 1
862 832 0.66913
862 861 1
862 863 1
862 892 1
863 833 1
863 862 1
863 864 0.66913
863 893 0.66913
864 375 4.7572
864 836 5.2834
865 835 1
865 864 0.66913
865 866 1
865 895 0.66913
866 836 0.66913
866 865 1
866 867 1
866 896 0.66913
867 837 1
867 866 1
867 868 1
867 897 1
868 838 1
868 867 1
868 869 1
868 898 1
869 839 1
869 868 1
869 870 1
869 899 1
870 840 1
870 841 1
870 869 1
870 900 1
871 1 1
871 841 1
871 872 1
871 900 1
872 2 0.66913
872 842 1
872 871 1
872 873 0.66913
873 237 5.2834
873 602 5.2834
874 4 1
874 844 1
874 873 0.66913
874 875 1
875 5 1
875 845 1
875 874 1
875 876 1
876 6 1
876 846 1
876 875 1
876 877 1
877 7 1
877 847 1
877 876 1
877 878 1
878 8 1
878 848 0.66913
878 877 1
878 879 1
879 9 1
879 849 0.66913
879 878 1
879 880 1
880 10 1
880 850 1
880 879 1
880 881 1
881 11 1
881 851 1
881 880 1
881 882 1
882 12 1
882 852 1
882 881 1
882 883 1
883 13 1
883 853 1
883 882 1
883 884 1
884 14 1
884 854 1
884 883 1
884 885 1
885 15 1
885 855 1
885 884 1
885 886 1
886 16 1
886 856 1
886 885 1
886 887 1
887 17 1
887 857 1
887 886 1
887 888 1
888 18 1
888 858 1
888 887 1
888 889 1
889 19 1
889 859 0.66913
889 888 1
889 890 0.66913
890 231 4.7572
890 383 5.2834
891 21 1
891 861 1
891 890 0.66913
891 892 1
892 22 1
892 862 1
892 891 1
892 893 0.66913
893 95 5.2834
893 375 4.7572
894 308 4.7572
894 383 4.7572
894 387 4.7572
895 375 4.7572
895 890 4.7572
896 231 5.2834
896 383 4.7572
897 27 1
897 867 1
897 896 0.66913
897 898 1
898 28 1
898 868 1
898 897 1
898 899 1
899 29 1
899 869 1
899 898 1
899 900 1
900 30 1
900 870 1
900 871 1
900 899 1
