1 2 1
1 20 0.66913
1 21 1
1 381 1
2 1 1
2 3 1
2 22 1
2 382 1
3 2 1
3 4 1
3 23 1
3 383 0.66913
4 3 1
4 5 1
4 24 1
4 384 1
5 4 1
5 6 1
5 25 1
5 385 1
6 5 1
6 7 1
6 26 1
6 386 0.66913
7 6 1
7 8 0.66913
7 27 1
7 387 1
8 73 5.2834
8 182 0.5262
8 201 0.5262
9 8 0.66913
9 10 1
9 29 1
9 389 0.66913
10 9 1
10 11 0.66913
10 30 0.66913
10 390 1
11 63 5.2834
11 308 5.2834
12 11 0.66913
12 13 1
12 32 0.66913
12 392 1
13 12 1
13 14 0.66913
13 33 0.66913
13 393 1
14 254 0.5262
14 275 0.5262
14 372 5.2834
15 14 0.66913
15 16 1
15 35 1
15 395 1
16 15 1
16 17 1
16 36 1
16 396 1
17 16 1
17 18 1
17 37 0.66913
17 397 0.66913
18 17 1
18 19 1
18 38 1
18 398 0.66913
19 18 1
19 20 0.66913
19 39 1
19 399 1
20 331 4.7572
21 1 1
21 22 1
21 40 0.66913
21 41 1
22 2 1
22 21 1
22 23 1
22 42 1
23 3 1
23 22 1
23 24 1
23 43 1
24 4 1
24 23 1
24 25 1
24 44 1
25 5 1
25 24 1
25 26 1
25 45 1
26 6 1
26 25 1
26 27 1
26 46 1
27 7 1
27 26 1
27 28 1
27 47 0.66913
28 8 0.66913
28 27 1
28 29 1
28 48 0.66913
29 9 1
29 28 1
29 30 0.66913
29 49 1
30 298 5.2834
31 11 0.66913
31 30 0.66913
31 32 0.66913
31 51 1
32 249 4.7572
32 296 4.7572
33 212 4.7572
34 14 0.66913
34 33 0.66913
34 35 1
34 54 1
35 15 1
35 34 1
35 36 1
35 55 0.66913
36 16 1
36 35 1
36 37 0.66913
36 56 0.66913
38 18 1
38 37 0.66913
38 39 1
38 58 1
39 19 1
39 38 1
39 40 0.66913
39 59 1
40 67 5.2834
40 132 4.7572
40 172 4.7572
40 188 5.2834
41 21 1
41 42 1
41 60 0.66913
41 61 1
42 22 1
42 41 1
42 43 1
42 62 1
43 23 1
43 42 1
43 44 1
43 63 0.66913
44 24 1
44 43 1
44 45 1
44 64 1
45 25 1
45 44 1
45 46 1
45 65 1
46 26 1
46 45 1
46 47 0.66913
46 66 0.66913
47 11 4.7572
47 191 5.2834
47 330 4.7572
48 63 4.7572
48 308 4.7572
49 29 1
49 48 0.66913
49 50 1
49 69 0.66913
50 30 0.66913
50 49 1
50 51 1
50 70 1
51 31 1
51 50 1
51 52 0.66913
51 71 0.66913
52 212 4.7572
53 33 0.66913
53 52 0.66913
53 54 1
53 73 0.66913
54 34 1
54 53 1
54 55 0.66913
54 74 1
55 241 4.7572
56 193 4.7572
56 398 4.7572
57 37 0.66913
57 56 0.66913
57 58 1
57 77 1
58 38 1
58 57 1
58 59 1
58 78 1
59 39 1
59 58 1
59 60 0.66913
59 79 1
60 206 5.2834
60 331 4.7572
61 41 1
61 62 1
61 80 1
61 81 1
62 42 1
62 61 1
62 63 0.66913
62 82 1
63 11 5.2834
63 330 5.2834
63 336 5.2834
63 397 5.2834
64 44 1
64 63 0.66913
64 65 1
64 84 0.66913
65 45 1
65 64 1
65 66 0.66913
65 85 1
66 330 4.7572
67 40 5.2834
67 63 4.7572
67 97 4.7572
67 308 4.7572
68 11 4.7572
68 330 4.7572
68 336 4.7572
68 397 4.7572
69 63 4.7572
70 50 1
70 69 0.66913
70 71 0.66913
70 90 1
71 88 5.2834
71 373 5.2834
72 52 0.66913
72 71 0.66913
72 73 0.66913
72 92 1
73 8 5.2834
74 54 1
74 73 0.66913
74 75 1
74 94 1
75 55 0.66913
75 74 1
75 76 0.66913
75 95 1
76 88 5.2834
76 241 4.7572
76 373 5.2834
77 57 1
77 76 0.66913
77 78 1
77 97 0.66913
78 58 1
78 77 1
78 79 1
78 98 1
79 59 1
79 78 1
79 80 1
79 99 1
80 60 0.66913
80 61 1
80 79 1
80 100 1
81 61 1
81 82 1
81 100 1
81 101 1
82 62 1
82 81 1
82 83 1
82 102 1
83 63 0.66913
83 82 1
83 84 0.66913
83 103 1
84 298 4.7572
85 65 1
85 84 0.66913
85 86 1
85 105 1
86 66 0.66913
86 85 1
86 87 1
86 106 1
87 67 0.66913
87 86 1
87 88 0.66913
87 107 1
88 63 4.7572
88 71 5.2834
88 76 5.2834
89 69 0.66913
89 88 0.66913
89 90 1
89 109 1
90 70 1
90 89 1
90 91 1
90 110 0.66913
91 71 0.66913
91 90 1
91 92 1
91 111 1
92 72 1
92 91 1
92 93 1
92 112 1
93 73 0.66913
93 92 1
93 94 1
93 113 1
94 74 1
94 93 1
94 95 1
94 114 1
95 75 1
95 94 1
95 96 1
95 115 1
96 76 0.66913
96 95 1
96 97 0.66913
96 116 0.66913
97 330 5.2834
98 78 1
98 97 0.66913
98 99 1
98 118 1
99 79 1
99 98 1
99 100 1
99 119 1
100 80 1
100 81 1
100 99 1
100 120 1
101 81 1
101 102 1
101 120 1
101 121 1
102 82 1
102 101 1
102 103 1
102 122 1
103 83 1
103 102 1
103 104 0.66913
103 123 1
104 30 4.7572
105 85 1
105 104 0.66913
105 106 1
105 125 1
106 86 1
106 105 1
106 107 1
106 126 1
107 87 1
107 106 1
107 108 1
107 127 1
108 88 0.66913
108 107 1
108 109 1
108 128 1
109 89 1
109 108 1
109 110 0.66913
109 129 1
110 170 5.2834
111 91 1
111 110 0.66913
111 112 1
111 131 1
112 92 1
112 111 1
112 113 1
112 132 0.66913
113 93 1
113 112 1
113 114 1
113 133 0.66913
114 94 1
114 113 1
114 115 1
114 134 1
115 95 1
115 114 1
115 116 0.66913
115 135 1
117 97 0.66913
117 116 0.66913
117 118 1
117 137 1
118 98 1
118 117 1
118 119 1
118 138 1
119 99 1
119 118 1
119 120 1
119 139 1
120 100 1
120 101 1
120 119 1
120 140 1
121 101 1
121 122 1
121 140 1
121 141 1
122 102 1
122 121 1
122 123 1
122 142 1
123 103 1
123 122 1
123 124 1
123 143 1
124 104 0.66913
124 123 1
124 125 1
124 144 1
125 105 1
125 124 1
125 126 1
125 145 1
126 106 1
126 125 1
126 127 1
126 146 1
127 107 1
127 126 1
127 128 1
127 147 1
128 108 1
128 127 1
128 129 1
128 148 1
129 109 1
129 128 1
129 130 1
129 149 1
130 110 0.66913
130 129 1
130 131 1
130 150 1
131 111 1
131 130 1
131 132 0.66913
131 151 1
132 206 4.7572
132 331 5.2834
133 60 4.7572
133 383 5.2834
134 114 1
134 133 0.66913
134 135 1
134 154 1
135 115 1
135 134 1
135 136 1
135 155 1
136 116 0.66913
136 135 1
136 137 1
136 156 1
137 117 1
137 136 1
137 138 1
137 157 1
138 118 1
138 137 1
138 139 1
138 158 1
139 119 1
139 138 1
139 140 1
139 159 1
140 120 1
140 121 1
140 139 1
140 160 1
141 121 1
141 142 1
141 160 1
141 161 0.66913
142 122 1
142 141 1
142 143 1
142 162 1
143 123 1
143 142 1
143 144 1
143 163 1
144 124 1
144 143 1
144 145 1
144 164 1
145 125 1
145 144 1
145 146 1
145 165 1
146 126 1
146 145 1
146 147 1
146 166 1
147 127 1
147 146 1
147 148 1
147 167 1
148 128 1
148 147 1
148 149 1
148 168 1
149 129 1
149 148 1
149 150 1
149 169 1
150 130 1
150 149 1
150 151 1
150 170 0.66913
151 131 1
151 150 1
151 152 1
151 171 1
152 132 0.66913
152 151 1
152 153 1
152 172 0.66913
153 133 0.66913
153 152 1
153 154 1
153 173 1
154 134 1
154 153 1
154 155 1
154 174 1
155 135 1
155 154 1
155 156 1
155 175 1
156 136 1
156 155 1
156 157 1
156 176 1
157 137 1
157 156 1
157 158 1
157 177 1
158 138 1
158 157 1
158 159 1
158 178 1
159 139 1
159 158 1
159 160 1
159 179 1
160 140 1
160 141 1
160 159 1
160 180 1
161 8 4.7572
162 142 1
162 161 0.66913
162 163 1
162 182 0.66913
163 143 1
163 162 1
163 164 1
163 183 1
164 144 1
164 163 1
164 165 1
164 184 0.66913
165 145 1
165 164 1
165 166 1
165 185 1
166 146 1
166 165 1
166 167 1
166 186 1
167 147 1
167 166 1
167 168 1
167 187 1
168 148 1
168 167 1
168 169 1
168 188 0.66913
169 149 1
169 168 1
169 170 0.66913
169 189 1
170 110 5.2834
171 151 1
171 170 0.66913
171 172 0.66913
171 191 0.66913
172 331 5.2834
173 153 1
173 172 0.66913
173 174 1
173 193 0.66913
174 154 1
174 173 1
174 175 1
174 194 1
175 155 1
175 174 1
175 176 1
175 195 1
176 156 1
176 175 1
176 177 1
176 196 1
177 157 1
177 176 1
177 178 1
177 197 1
178 158 1
178 177 1
178 179 1
178 198 1
179 159 1
179 178 1
179 180 1
179 199 1
180 160 1
180 161 0.66913
180 179 1
180 200 1
181 73 4.7572
181 182 0.4738
181 201 0.4738
182 8 10.041
183 163 1
183 182 0.66913
183 184 0.66913
183 203 1
184 110 4.7572
185 165 1
185 184 0.66913
185 186 1
185 205 1
186 166 1
186 185 1
186 187 1
186 206 0.66913
187 167 1
187 186 1
187 188 0.66913
187 207 1
188 40 5.2834
188 375 4.7572
189 169 1
189 188 0.66913
189 190 1
189 209 1
190 170 0.66913
190 189 1
190 191 0.66913
190 210 1
191 47 5.2834
192 172 0.66913
192 191 0.66913
192 193 0.66913
192 212 0.66913
193 241 5.2834
194 174 1
194 193 0.66913
194 195 1
194 214 1
195 175 1
195 194 1
195 196 1
195 215 1
196 176 1
196 195 1
196 197 1
196 216 1
197 177 1
197 196 1
197 198 1
197 217 1
198 178 1
198 197 1
198 199 1
198 218 1
199 179 1
199 198 1
199 200 1
199 219 1
200 180 1
200 181 0.66913
200 199 1
200 220 1
201 8 10.041
202 203 1
202 222 1
203 183 1
203 202 1
203 204 0.66913
203 223 1
204 170 4.7572
205 185 1
205 204 0.66913
205 206 0.66913
205 225 1
206 60 5.2834
206 383 4.7572
207 187 1
207 206 0.66913
207 208 0.66913
207 227 1
208 311 4.7572
209 189 1
209 208 0.66913
209 210 1
209 229 1
210 190 1
210 209 1
210 211 1
210 230 1
211 191 0.66913
211 210 1
211 212 0.66913
211 231 1
212 249 5.2834
212 296 5.2834
213 193 0.66913
213 212 0.66913
213 214 1
213 233 1
214 194 1
214 213 1
214 215 1
214 234 1
215 195 1
215 214 1
215 216 1
215 235 1
216 196 1
216 215 1
216 217 1
216 236 1
217 197 1
217 216 1
217 218 1
217 237 1
218 198 1
218 217 1
218 219 1
218 238 1
219 199 1
219 218 1
219 220 1
219 239 1
220 200 1
220 201 0.66913
220 219 1
220 240 1
221 201 0.66913
221 222 1
221 240 1
221 241 0.66913
222 202 1
222 221 1
222 223 1
222 242 1
223 203 1
223 222 1
223 224 1
223 243 1
224 204 0.66913
224 223 1
224 225 1
224 244 1
225 205 1
225 224 1
225 226 0.66913
225 245 1
226 133 4.7572
227 207 1
227 226 0.66913
227 228 1
227 247 1
228 208 0.66913
228 227 1
228 229 1
228 248 1
229 209 1
229 228 1
229 230 1
229 249 0.66913
230 210 1
230 229 1
230 231 1
230 250 1
231 211 1
231 230 1
231 232 1
231 251 1
232 212 0.66913
232 231 1
232 233 1
232 252 1
233 213 1
233 232 1
233 234 1
233 253 1
234 214 1
234 233 1
234 235 1
234 254 0.66913
235 215 1
235 234 1
235 236 1
235 255 1
236 216 1
236 235 1
236 237 1
236 256 0.66913
237 217 1
237 236 1
237 238 1
237 257 1
238 218 1
238 237 1
238 239 1
238 258 1
239 219 1
239 238 1
239 240 1
239 259 1
240 220 1
240 221 1
240 239 1
240 260 1
241 193 5.2834
241 398 5.2834
242 222 1
242 241 0.66913
242 243 1
242 262 1
243 223 1
243 242 1
243 244 1
243 263 1
244 224 1
244 243 1
244 245 1
244 264 1
245 225 1
245 244 1
245 246 1
245 265 1
246 226 0.66913
246 245 1
246 247 1
246 266 1
247 227 1
247 246 1
247 248 1
247 267 0.66913
248 228 1
248 247 1
248 249 0.66913
248 268 1
249 212 5.2834
250 230 1
250 249 0.66913
250 251 1
250 270 1
251 231 1
251 250 1
251 252 1
251 271 1
252 232 1
252 251 1
252 253 1
252 272 1
253 233 1
253 252 1
253 254 0.66913
253 273 0.66913
254 14 10.041
255 235 1
255 256 0.66913
257 237 1
257 256 0.66913
257 258 1
257 277 0.66913
258 238 1
258 257 1
258 259 1
258 278 1
259 239 1
259 258 1
259 260 1
259 279 1
260 240 1
260 241 0.66913
260 259 1
260 280 0.66913
261 241 0.66913
261 262 1
261 280 0.66913
261 281 1
262 242 1
262 261 1
262 263 1
262 282 1
263 243 1
263 262 1
263 264 1
263 283 0.66913
264 244 1
264 263 1
264 265 1
264 284 1
265 245 1
265 264 1
265 266 1
265 285 1
266 246 1
266 265 1
266 267 0.66913
266 286 1
268 248 1
268 267 0.66913
268 269 1
268 288 1
269 249 0.66913
269 268 1
269 270 1
269 289 1
270 250 1
270 269 1
270 271 1
270 290 1
271 251 1
271 270 1
271 272 1
271 291 1
272 252 1
272 271 1
272 273 0.66913
272 292 1
273 14 4.7572
273 378 5.2834
274 254 0.4738
274 275 0.4738
274 372 4.7572
275 14 10.041
276 256 0.66913
276 275 0.66913
276 277 0.66913
276 296 0.66913
278 258 1
278 277 0.66913
278 279 1
278 298 0.66913
279 259 1
279 278 1
279 280 0.66913
279 299 1
281 261 1
281 282 1
281 300 1
281 301 1
282 262 1
282 281 1
282 283 0.66913
282 302 0.66913
284 264 1
284 283 0.66913
284 285 1
284 304 1
285 265 1
285 284 1
285 286 1
285 305 1
286 266 1
286 285 1
286 287 1
286 306 1
287 267 0.66913
287 286 1
287 288 1
287 307 0.66913
288 268 1
288 287 1
288 289 1
288 308 0.66913
289 269 1
289 288 1
289 290 1
289 309 1
290 270 1
290 289 1
290 291 1
290 310 1
291 271 1
291 290 1
291 292 1
291 311 0.66913
292 272 1
292 291 1
292 293 1
292 312 1
293 273 0.66913
293 292 1
293 294 1
293 313 1
294 274 0.66913
294 293 1
294 295 1
294 314 1
295 275 0.66913
295 294 1
295 296 0.66913
295 315 1
296 212 5.2834
297 277 0.66913
297 296 0.66913
297 298 0.66913
297 317 1
298 30 5.2834
299 279 1
299 298 0.66913
299 300 1
299 319 1
300 280 0.66913
300 281 1
300 299 1
300 320 1
301 281 1
301 302 0.66913
301 320 1
301 321 1
302 386 5.2834
303 283 0.66913
303 302 0.66913
303 304 1
303 323 1
304 284 1
304 303 1
304 305 1
304 324 1
305 285 1
305 304 1
305 306 1
305 325 1
306 286 1
306 305 1
306 307 0.66913
306 326 1
307 47 4.7572
308 11 5.2834
308 191 4.7572
308 330 5.2834
309 289 1
309 308 0.66913
309 310 1
309 329 1
310 290 1
310 309 1
310 311 0.66913
310 330 0.66913
311 40 4.7572
311 375 5.2834
312 292 1
312 311 0.66913
312 313 1
312 332 1
313 293 1
313 312 1
313 314 1
313 333 1
314 294 1
314 313 1
314 315 1
314 334 1
315 295 1
315 314 1
315 316 1
315 335 1
316 296 0.66913
316 315 1
316 317 1
316 336 0.66913
317 297 1
317 316 1
317 318 1
317 337 1
318 298 0.66913
318 317 1
318 319 1
318 338 1
319 299 1
319 318 1
319 320 1
319 339 1
320 300 1
320 301 1
320 319 1
320 340 1
321 301 1
321 322 1
321 340 1
321 341 1
322 302 0.66913
322 321 1
322 323 1
322 342 1
323 303 1
323 322 1
323 324 1
323 343 1
324 304 1
324 323 1
324 325 1
324 344 1
325 305 1
325 324 1
325 326 1
325 345 1
326 306 1
326 325 1
326 327 1
326 346 1
327 307 0.66913
327 326 1
327 328 1
327 347 0.66913
328 308 0.66913
328 327 1
328 329 1
328 348 1
329 309 1
329 328 1
329 330 0.66913
329 349 1
330 40 4.7572
330 63 5.2834
330 97 5.2834
330 308 5.2834
331 67 4.7572
331 132 5.2834
331 172 5.2834
331 188 4.7572
332 312 1
332 331 0.66913
332 333 1
332 352 1
333 313 1
333 332 1
333 334 1
333 353 1
334 314 1
334 333 1
334 335 1
334 354 1
335 315 1
335 334 1
335 336 0.66913
335 355 1
336 63 5.2834
337 317 1
337 336 0.66913
337 338 1
337 357 1
338 318 1
338 337 1
338 339 1
338 358 1
339 319 1
339 338 1
339 340 1
339 359 0.66913
340 320 1
340 321 1
340 339 1
340 360 1
341 321 1
341 342 1
341 360 1
341 361 1
342 322 1
342 341 1
342 343 1
342 362 1
343 323 1
343 342 1
343 344 1
343 363 1
344 324 1
344 343 1
344 345 1
344 364 1
345 325 1
345 344 1
345 346 1
345 365 1
346 326 1
346 345 1
346 347 0.66913
346 366 1
347 386 4.7572
348 328 1
348 347 0.66913
348 349 1
348 368 1
349 329 1
349 348 1
349 350 1
349 369 1
350 330 0.66913
350 349 1
350 351 1
350 370 1
351 331 0.66913
351 350 1
351 352 1
351 371 1
352 332 1
352 351 1
352 353 1
352 372 0.66913
353 333 1
353 352 1
353 354 1
353 373 0.66913
354 334 1
354 353 1
354 355 1
354 374 1
355 335 1
355 354 1
355 356 1
355 375 0.66913
356 336 0.66913
356 355 1
356 357 1
356 376 1
357 337 1
357 356 1
357 358 1
357 377 0.66913
358 338 1
358 357 1
358 359 0.66913
358 378 0.66913
360 340 1
360 341 1
360 359 0.66913
360 380 0.66913
361 341 1
361 362 1
361 380 0.66913
361 381 1
362 342 1
362 361 1
362 363 1
362 382 1
363 343 1
363 362 1
363 364 1
363 383 0.66913
364 344 1
364 363 1
364 365 1
364 384 1
365 345 1
365 364 1
365 366 1
365 385 1
366 346 1
366 365 1
367 302 4.7572
368 348 1
368 367 0.66913
368 369 1
368 388 1
369 349 1
369 368 1
369 370 1
369 389 0.66913
370 350 1
370 369 1
370 371 1
370 390 1
371 351 1
371 370 1
371 372 0.66913
371 391 1
372 14 5.2834
372 378 4.7572
373 71 5.2834
373 76 5.2834
373 273 4.7572
374 354 1
374 373 0.66913
374 375 0.66913
374 394 1
375 311 5.2834
376 356 1
376 375 0.66913
376 377 0.66913
376 396 1
377 88 4.7572
377 373 4.7572
378 71 4.7572
378 76 4.7572
378 273 5.2834
379 359 0.66913
379 378 0.66913
379 380 0.66913
379 399 1
381 1 1
381 361 1
381 382 1
381 400 1
382 2 1
382 362 1
382 381 1
382 383 0.66913
383 133 5.2834
384 4 1
384 364 1
384 383 0.66913
384 385 1
385 5 1
385 365 1
385 384 1
385 386 0.66913
386 302 5.2834
387 7 1
387 388 1
388 8 0.66913
388 368 1
388 387 1
388 389 0.66913
390 10 1
390 370 1
390 389 0.66913
390 391 1
391 11 0.66913
391 371 1
391 390 1
391 392 1
392 12 1
392 372 0.66913
392 391 1
392 393 1
393 13 1
393 373 0.66913
393 392 1
393 394 1
394 14 0.66913
394 374 1
394 393 1
394 395 1
395 15 1
395 375 0.66913
395 394 1
395 396 1
396 16 1
396 376 1
396 395 1
396 397 0.66913
397 63 5.2834
397 71 4.7572
397 76 4.7572
398 88 4.7572
398 241 5.2834
398 373 4.7572
399 19 1
399 379 1
399 398 0.66913
399 400 1
400 20 0.66913
400 380 0.66913
400 381 1
400 399 1
