0.000000
0 -1.000000
4000 -1.000000
8000 -1.000000
12000 -0.995000
16000 -1.000000
20000 -1.000000
24000 -1.000000
28000 -1.000000
32000 -1.000000
36000 -1.000000
40000 -1.000000
44000 -1.000000
48000 -1.000000
52000 -1.000000
56000 -1.000000
60000 -1.000000
64000 -1.000000
68000 -1.000000
72000 -1.000000
76000 -1.000000
80000 -1.000000
84000 -1.000000
88000 -1.000000
92000 -1.000000
96000 -1.000000
100000 -1.000000
104000 -1.000000
108000 -1.000000
112000 -1.000000
116000 -1.000000
120000 -1.000000
124000 -1.000000
128000 -1.000000
132000 -1.000000
136000 -1.000000
140000 -1.000000
144000 -1.000000
148000 -1.000000
152000 -1.000000
156000 -1.000000
160000 -1.000000
164000 -1.000000
168000 -1.000000
172000 -1.000000
176000 -1.000000
180000 -1.000000
184000 -1.000000
188000 -1.000000
192000 -1.000000
196000 -1.000000
200000 -1.000000
204000 -1.000000
208000 -1.000000
212000 -1.000000
216000 -1.000000
220000 -1.000000
224000 -1.000000
228000 -1.000000
232000 -1.000000
236000 -1.000000
240000 -1.000000
244000 -1.000000
248000 -1.000000
252000 -1.000000
256000 -1.000000
260000 -1.000000
264000 -1.000000
268000 -1.000000
272000 -1.000000
276000 -1.000000
280000 -1.000000
284000 -1.000000
288000 -1.000000
292000 -1.000000
296000 -1.000000
300000 -1.000000
304000 -1.000000
308000 -1.000000
312000 -1.000000
316000 -1.000000
320000 -1.000000
324000 -1.000000
328000 -1.000000
332000 -1.000000
336000 -1.000000
340000 -1.000000
344000 -1.000000
348000 -1.000000
352000 -1.000000
356000 -1.000000
360000 -1.000000
364000 -1.000000
368000 -1.000000
372000 -1.000000
376000 -1.000000
380000 -1.000000
384000 -1.000000
388000 -1.000000
392000 -1.000000
396000 -1.000000

-1.000000
0 -1.000000
4000 -1.000000
8000 -1.000000
12000 -1.000000
16000 -1.000000
20000 -1.000000
24000 -1.000000
28000 -1.000000
32000 -1.000000
36000 -1.000000
40000 -1.000000
44000 -1.000000
48000 -1.000000
52000 -1.000000
56000 -1.000000
60000 -1.000000
64000 -1.000000
68000 -1.000000
72000 -1.000000
76000 -1.000000
80000 -1.000000
84000 -1.000000
88000 -1.000000
92000 -1.000000
96000 -1.000000
100000 -1.000000
104000 -1.000000
108000 -1.000000
112000 -1.000000
116000 -1.000000
120000 -1.000000
124000 -1.000000
128000 -1.000000
132000 -1.000000
136000 -1.000000
140000 -1.000000
144000 -1.000000
148000 -1.000000
152000 -1.000000
156000 -1.000000
160000 -1.000000
164000 -1.000000
168000 -1.000000
172000 -1.000000
176000 -1.000000
180000 -1.000000
184000 -1.000000
188000 -1.000000
192000 -1.000000
196000 -1.000000
200000 -1.000000
204000 -1.000000
208000 -1.000000
212000 -1.000000
216000 -1.000000
220000 -1.000000
224000 -1.000000
228000 -1.000000
232000 -1.000000
236000 -1.000000
240000 -1.000000
244000 -1.000000
248000 -1.000000
252000 -1.000000
256000 -1.000000
260000 -1.000000
264000 -1.000000
268000 -1.000000
272000 -1.000000
276000 -1.000000
280000 -1.000000
284000 -1.000000
288000 -1.000000
292000 -1.000000
296000 -1.000000
300000 -1.000000
304000 -1.000000
308000 -1.000000
312000 -1.000000
316000 -1.000000
320000 -1.000000
324000 -1.000000
328000 -1.000000
332000 -1.000000
336000 -1.000000
340000 -1.000000
344000 -1.000000
348000 -0.995000
352000 -1.000000
356000 -1.000000
360000 -1.000000
364000 -1.000000
368000 -1.000000
372000 -1.000000
376000 -1.000000
380000 -1.000000
384000 -1.000000
388000 -1.000000
392000 -1.000000
396000 -1.000000

-1.000000
0 -1.000000
4000 -1.000000
8000 -1.000000
12000 -1.000000
16000 -1.000000
