0.320000 0.823277 9.414005
0.335000 0.712570 4.154454
0.350000 0.795579 10.245664
0.365000 0.830413 11.833158
0.380000 0.684691 7.584269
0.395000 0.645180 8.093538
0.410000 0.632297 9.037959
0.425000 0.547506 22.818744
0.440000 0.527612 19.796522
0.455000 -0.302826 91.730226
0.470000 -0.467979 20.408835
0.485000 -0.451239 20.944188
0.500000 -0.434472 18.664531
0.515000 -0.114962 79.283213
0.530000 -0.240950 51.665015
0.545000 -0.364518 17.397831
0.560000 -0.256830 38.239325
0.575000 0.326832 14.866833
0.590000 0.298528 22.380926
0.605000 0.265094 26.196328
0.620000 0.147890 39.058692
0.635000 -0.031514 46.380809
0.650000 0.056364 43.693122
0.665000 0.100972 37.172211
0.680000 -0.125033 33.647155
0.695000 0.010497 39.841930
0.710000 0.015191 35.708950
0.725000 -0.006344 34.355588
0.740000 -0.040788 35.460070
0.320000 -0.999983 0.000033
0.320000 -0.999983 0.000033
0.320000 0.813450 32.908939
0.320000 -0.999983 0.000033
0.320000 -0.999983 0.000033
