0 0.101778 0.101778 4500
1 0.082667 0.092222 4500
2 0.078222 0.087556 4500
3 0.086222 0.087222 4500
4 0.076444 0.085067 4500
5 0.083556 0.084815 4500
6 0.084889 0.084825 4500
7 0.087111 0.085111 4500
8 0.081778 0.084741 4500
9 0.084889 0.084756 4500
10 0.081333 0.084444 4500
11 0.075556 0.083704 4500
12 0.080000 0.083419 4500
13 0.080889 0.083238 4500
14 0.081778 0.083141 4500
15 0.075111 0.082639 4500
16 0.079111 0.082431 4500
17 0.076889 0.082123 4500
18 0.084444 0.082246 4500
19 0.081333 0.082200 4500
20 0.080889 0.082138 4500
21 0.076000 0.081859 4500
22 0.075556 0.081585 4500
23 0.080889 0.081556 4500
24 0.076444 0.081351 4500
25 0.080889 0.081333 4500
26 0.078222 0.081218 4500
27 0.077333 0.081079 4500
28 0.082667 0.081134 4500
29 0.074667 0.080919 4500
30 0.083556 0.081004 4500
31 0.081778 0.081028 4500
32 0.075556 0.080862 4500
33 0.072444 0.080614 4500
34 0.076889 0.080508 4500
35 0.077333 0.080420 4500
36 0.085333 0.080553 4500
37 0.074222 0.080386 4500
38 0.078667 0.080342 4500
39 0.076444 0.080244 4500
40 0.081333 0.080271 4500
41 0.080444 0.080275 4500
42 0.082667 0.080331 4500
43 0.081778 0.080364 4500
44 0.080444 0.080365 4500
45 0.086222 0.080493 4500
46 0.079556 0.080473 4500
47 0.077778 0.080417 4500
48 0.075556 0.080317 4500
49 0.072000 0.080151 4500
50 0.079111 0.080131 4500
51 0.080889 0.080145 4500
52 0.080000 0.080143 4500
53 0.078222 0.080107 4500
54 0.076889 0.080048 4500
55 0.080444 0.080056 4500
56 0.081333 0.080078 4500
57 0.080444 0.080084 4500
58 0.079111 0.080068 4500
59 0.073778 0.079963 4500
60 0.080444 0.079971 4500
61 0.072889 0.079857 4500
62 0.070667 0.079711 4500
63 0.071556 0.079583 4500
64 0.077333 0.079549 4500
65 0.084000 0.079616 4500
66 0.077778 0.079589 4500
67 0.079111 0.079582 4500
68 0.081778 0.079614 4500
69 0.080000 0.079619 4500
70 0.071556 0.079505 4500
71 0.076444 0.079463 4500
72 0.076889 0.079428 4500
73 0.085778 0.079514 4500
74 0.076889 0.079479 4500
75 0.078222 0.079462 4500
76 0.072000 0.079365 4500
77 0.072444 0.079276 4500
78 0.076444 0.079241 4500
79 0.080444 0.079256 4500
80 0.076000 0.079215 4500
81 0.084000 0.079274 4500
82 0.075111 0.079224 4500
83 0.078667 0.079217 4500
84 0.075111 0.079169 4500
85 0.070667 0.079070 4500
86 0.076000 0.079034 4500
87 0.078222 0.079025 4500
88 0.075556 0.078986 4500
89 0.076000 0.078953 4500
90 0.075556 0.078916 4500
91 0.074222 0.078865 4500
92 0.083556 0.078915 4500
93 0.073333 0.078856 4500
94 0.075556 0.078821 4500
95 0.075111 0.078782 4500
96 0.076444 0.078758 4500
97 0.080444 0.078776 4500
98 0.075111 0.078738 4500
99 0.074222 0.078693 4500
100 0.080000 0.078706 4500
101 0.080000 0.078719 4500
102 0.080889 0.078740 4500
103 0.072889 0.078684 4500
104 0.080444 0.078701 4500
105 0.072444 0.078642 4500
106 0.072889 0.078588 4500
107 0.072000 0.078527 4500
108 0.076000 0.078504 4500
109 0.076889 0.078489 4500
110 0.073778 0.078446 4500
111 0.081333 0.078472 4500
112 0.070667 0.078403 4500
113 0.075111 0.078374 4500
114 0.072889 0.078327 4500
115 0.072889 0.078280 4500
116 0.079111 0.078287 4500
117 0.071111 0.078226 4500
118 0.073778 0.078189 4500
119 0.074222 0.078156 4500
120 0.078222 0.078156 4500
121 0.075556 0.078135 4500
122 0.074667 0.078107 4500
123 0.073778 0.078072 4500
124 0.071111 0.078016 4500
125 0.073778 0.077982 4500
126 0.074667 0.077956 4500
127 0.078222 0.077958 4500
128 0.074222 0.077929 4500
129 0.074222 0.077901 4500
130 0.072000 0.077856 4500
131 0.068444 0.077785 4500
132 0.080889 0.077808 4500
133 0.070667 0.077755 4500
134 0.071556 0.077709 4500
135 0.074222 0.077683 4500
136 0.074222 0.077658 4500
137 0.070667 0.077607 4500
138 0.072444 0.077570 4500
139 0.074222 0.077546 4500
140 0.072444 0.077510 4500
141 0.064444 0.077418 4500
142 0.070222 0.077368 4500
143 0.072444 0.077333 4500
144 0.077333 0.077333 4500
145 0.073333 0.077306 4500
146 0.076000 0.077297 4500
147 0.075556 0.077285 4500
148 0.074222 0.077265 4500
149 0.071556 0.077227 4500
150 0.072000 0.077192 4500
151 0.073778 0.077170 4500
152 0.068444 0.077113 4500
153 0.072444 0.077082 4500
154 0.076889 0.077081 4500
155 0.072000 0.077048 4500
156 0.072000 0.077016 4500
157 0.069778 0.076970 4500
158 0.067556 0.076911 4500
159 0.069778 0.076867 4500
160 0.066222 0.076801 4500
161 0.075111 0.076790 4500
162 0.079111 0.076804 4500
163 0.072000 0.076775 4500
164 0.072889 0.076752 4500
165 0.072444 0.076726 4500
166 0.074667 0.076713 4500
167 0.075111 0.076704 4500
168 0.074222 0.076689 4500
169 0.069333 0.076646 4500
170 0.075111 0.076637 4500
171 0.068000 0.076587 4500
172 0.070667 0.076552 4500
173 0.068889 0.076508 4500
174 0.074667 0.076498 4500
175 0.071111 0.076467 4500
176 0.071111 0.076437 4500
177 0.079111 0.076452 4500
178 0.073333 0.076435 4500
179 0.070222 0.076400 4500
180 0.074667 0.076390 4500
181 0.075111 0.076383 4500
182 0.063111 0.076311 4500
183 0.075111 0.076304 4500
184 0.071111 0.076276 4500
185 0.078667 0.076289 4500
186 0.078222 0.076299 4500
187 0.070222 0.076267 4500
188 0.074222 0.076256 4500
189 0.071111 0.076229 4500
190 0.068889 0.076191 4500
191 0.072889 0.076174 4500
192 0.072889 0.076157 4500
193 0.073333 0.076142 4500
194 0.070222 0.076112 4500
195 0.071556 0.076088 4500
196 0.073778 0.076077 4500
197 0.076000 0.076076 4500
198 0.068000 0.076036 4500
199 0.068444 0.075998 4500
200 0.075556 0.075996 4500
201 0.072889 0.075980 4500
202 0.074667 0.075974 4500
203 0.074667 0.075967 4500
204 0.069778 0.075937 4500
205 0.073333 0.075924 4500
206 0.066222 0.075878 4500
207 0.072444 0.075861 4500
208 0.071111 0.075838 4500
209 0.077778 0.075848 4500
210 0.071556 0.075827 4500
211 0.072444 0.075811 4500
212 0.068889 0.075779 4500
213 0.074667 0.075774 4500
214 0.067556 0.075735 4500
215 0.066667 0.075693 4500
216 0.067556 0.075656 4500
217 0.075111 0.075653 4500
218 0.066667 0.075612 4500
219 0.068000 0.075578 4500
220 0.069778 0.075552 4500
221 0.069778 0.075526 4500
222 0.069778 0.075500 4500
223 0.063111 0.075444 4500
224 0.071556 0.075427 4500
225 0.065778 0.075384 4500
226 0.066667 0.075346 4500
227 0.070667 0.075326 4500
228 0.065778 0.075284 4500
229 0.072000 0.075270 4500
230 0.073333 0.075261 4500
231 0.071111 0.075243 4500
232 0.068889 0.075216 4500
233 0.070222 0.075195 4500
234 0.069333 0.075170 4500
235 0.068000 0.075139 4500
236 0.067556 0.075107 4500
237 0.070667 0.075089 4500
238 0.066667 0.075053 4500
239 0.076444 0.075059 4500
240 0.074222 0.075056 4500
241 0.068444 0.075028 4500
242 0.068889 0.075003 4500
243 0.071556 0.074989 4500
244 0.065333 0.074950 4500
245 0.071111 0.074934 4500
246 0.073333 0.074928 4500
247 0.066667 0.074894 4500
248 0.073333 0.074888 4500
249 0.068000 0.074860 4500
250 0.068444 0.074835 4500
251 0.070222 0.074817 4500
252 0.069778 0.074797 4500
253 0.072444 0.074787 4500
254 0.068444 0.074763 4500
255 0.071111 0.074748 4500
256 0.074222 0.074746 4500
257 0.068889 0.074724 4500
258 0.070222 0.074706 4500
259 0.068000 0.074680 4500
260 0.065333 0.074645 4500
261 0.072444 0.074636 4500
262 0.064889 0.074599 4500
263 0.079111 0.074616 4500
264 0.073333 0.074611 4500
265 0.061333 0.074561 4500
266 0.072444 0.074553 4500
267 0.071556 0.074542 4500
268 0.069778 0.074525 4500
269 0.068889 0.074504 4500
270 0.064444 0.074467 4500
271 0.064000 0.074428 4500
272 0.072444 0.074421 4500
273 0.067111 0.074394 4500
274 0.071556 0.074384 4500
275 0.071556 0.074374 4500
276 0.064889 0.074339 4500
277 0.066222 0.074310 4500
278 0.065778 0.074280 4500
279 0.070222 0.074265 4500
280 0.071556 0.074255 4500
281 0.062667 0.074214 4500
282 0.066222 0.074186 4500
283 0.064444 0.074152 4500
284 0.064889 0.074119 4500
285 0.068444 0.074099 4500
286 0.064000 0.074064 4500
287 0.072889 0.074060 4500
288 0.059111 0.074008 4500
289 0.077333 0.074020 4500
290 0.068444 0.074001 4500
291 0.060889 0.073956 4500
292 0.065778 0.073928 4500
293 0.065778 0.073900 4500
294 0.068444 0.073882 4500
295 0.058667 0.073830 4500
296 0.071111 0.073821 4500
297 0.066222 0.073796 4500
298 0.067111 0.073773 4500
299 0.067111 0.073751 4500
300 0.059111 0.073702 4500
301 0.060889 0.073660 4500
302 0.064889 0.073631 4500
303 0.062667 0.073595 4500
304 0.060889 0.073553 4500
305 0.064444 0.073524 4500
306 0.060444 0.073481 4500
307 0.068000 0.073463 4500
308 0.061778 0.073425 4500
309 0.066222 0.073402 4500
310 0.066222 0.073379 4500
311 0.064889 0.073352 4500
312 0.069333 0.073339 4500
313 0.059111 0.073294 4500
314 0.061778 0.073257 4500
315 0.066222 0.073235 4500
316 0.063111 0.073203 4500
317 0.067556 0.073185 4500
318 0.062667 0.073152 4500
319 0.073778 0.073154 4500
320 0.063556 0.073124 4500
321 0.067111 0.073106 4500
322 0.065333 0.073082 4500
323 0.062667 0.073049 4500
324 0.069778 0.073039 4500
325 0.068000 0.073024 4500
326 0.064444 0.072998 4500
327 0.056444 0.072947 4500
328 0.064444 0.072921 4500
329 0.065333 0.072898 4500
330 0.064444 0.072873 4500
331 0.064444 0.072847 4500
332 0.064000 0.072821 4500
333 0.070222 0.072813 4500
334 0.060889 0.072777 4500
335 0.063556 0.072750 4500
336 0.064444 0.072725 4500
337 0.068000 0.072711 4500
338 0.069778 0.072703 4500
339 0.070222 0.072695 4500
340 0.057778 0.072652 4500
341 0.064444 0.072628 4500
342 0.062222 0.072597 4500
343 0.062667 0.072568 4500
344 0.060889 0.072535 4500
345 0.060000 0.072498 4500
346 0.064889 0.072476 4500
347 0.065333 0.072456 4500
348 0.068444 0.072444 4500
349 0.062667 0.072417 4500
350 0.063556 0.072391 4500
351 0.060889 0.072359 4500
352 0.065333 0.072339 4500
353 0.061778 0.072309 4500
354 0.069778 0.072302 4500
355 0.060889 0.072270 4500
356 0.064444 0.072248 4500
357 0.064444 0.072226 4500
358 0.066667 0.072210 4500
359 0.063111 0.072185 4500
360 0.057333 0.072144 4500
361 0.070222 0.072139 4500
362 0.069333 0.072131 4500
363 0.062222 0.072104 4500
364 0.061333 0.072074 4500
365 0.059111 0.072039 4500
366 0.057778 0.072000 4500
367 0.064889 0.071981 4500
368 0.068000 0.071970 4500
369 0.063111 0.071946 4500
370 0.067556 0.071934 4500
371 0.062222 0.071908 4500
372 0.064889 0.071889 4500
373 0.056000 0.071847 4500
374 0.058667 0.071812 4500
375 0.067556 0.071800 4500
376 0.062667 0.071776 4500
377 0.064000 0.071755 4500
378 0.058222 0.071720 4500
379 0.064444 0.071701 4500
380 0.063556 0.071679 4500
381 0.063111 0.071657 4500
382 0.065333 0.071640 4500
383 0.061333 0.071613 4500
384 0.064889 0.071596 4500
385 0.064444 0.071577 4500
386 0.066222 0.071564 4500
387 0.060889 0.071536 4500
388 0.065333 0.071520 4500
389 0.058667 0.071487 4500
390 0.058222 0.071453 4500
391 0.063556 0.071433 4500
392 0.063111 0.071412 4500
393 0.065778 0.071398 4500
394 0.061778 0.071373 4500
395 0.059111 0.071342 4500
396 0.058222 0.071309 4500
397 0.061333 0.071284 4500
398 0.062222 0.071261 4500
399 0.065778 0.071248 4500
400 0.058667 0.071216 4500
401 0.060000 0.071189 4500
402 0.063556 0.071170 4500
403 0.054667 0.071129 4500
404 0.064889 0.071113 4500
405 0.060889 0.071088 4500
406 0.053778 0.071046 4500
407 0.063111 0.071026 4500
408 0.066222 0.071014 4500
409 0.064000 0.070997 4500
410 0.057333 0.070964 4500
411 0.064000 0.070947 4500
412 0.063111 0.070928 4500
413 0.063111 0.070909 4500
414 0.059556 0.070882 4500
415 0.061333 0.070859 4500
416 0.063111 0.070840 4500
417 0.061778 0.070819 4500
418 0.068000 0.070812 4500
419 0.064889 0.070798 4500
420 0.064444 0.070783 4500
421 0.056444 0.070749 4500
422 0.060889 0.070726 4500
423 0.059556 0.070699 4500
424 0.063556 0.070682 4500
425 0.064000 0.070667 4500
426 0.061778 0.070646 4500
427 0.063556 0.070629 4500
428 0.062667 0.070611 4500
429 0.062222 0.070591 4500
430 0.058222 0.070563 4500
431 0.058222 0.070534 4500
432 0.055111 0.070498 4500
433 0.068000 0.070493 4500
434 0.063111 0.070476 4500
435 0.057333 0.070445 4500
436 0.064444 0.070432 4500
437 0.059111 0.070406 4500
438 0.057333 0.070376 4500
439 0.053333 0.070337 4500
440 0.060889 0.070316 4500
441 0.064889 0.070304 4500
442 0.056000 0.070271 4500
443 0.062222 0.070253 4500
444 0.056889 0.070223 4500
445 0.064889 0.070211 4500
446 0.059111 0.070186 4500
447 0.064000 0.070173 4500
448 0.058222 0.070146 4500
449 0.057333 0.070118 4500
450 0.065333 0.070107 4500
451 0.060889 0.070087 4500
452 0.064444 0.070074 4500
453 0.059111 0.070050 4500
454 0.056889 0.070021 4500
455 0.063111 0.070006 4500
456 0.061333 0.069987 4500
457 0.056000 0.069956 4500
458 0.063111 0.069941 4500
459 0.068000 0.069937 4500
460 0.059556 0.069915 4500
461 0.062222 0.069898 4500
462 0.054222 0.069864 4500
463 0.064444 0.069852 4500
464 0.058667 0.069828 4500
465 0.064889 0.069818 4500
466 0.057778 0.069792 4500
467 0.060444 0.069772 4500
468 0.049333 0.069729 4500
469 0.060889 0.069710 4500
470 0.064000 0.069698 4500
471 0.063556 0.069685 4500
472 0.065333 0.069675 4500
473 0.061333 0.069658 4500
474 0.060889 0.069639 4500
475 0.056444 0.069612 4500
476 0.061778 0.069595 4500
477 0.055556 0.069566 4500
478 0.055111 0.069536 4500
479 0.065778 0.069528 4500
480 0.056444 0.069501 4500
481 0.057333 0.069475 4500
482 0.059556 0.069455 4500
483 0.055556 0.069426 4500
484 0.059556 0.069406 4500
485 0.059111 0.069385 4500
486 0.051556 0.069348 4500
487 0.054667 0.069318 4500
488 0.056444 0.069292 4500
489 0.053778 0.069260 4500
490 0.059556 0.069240 4500
491 0.060889 0.069223 4500
492 0.061778 0.069208 4500
493 0.059111 0.069188 4500
494 0.065778 0.069181 4500
495 0.060000 0.069162 4500
496 0.055111 0.069134 4500
497 0.061778 0.069119 4500
498 0.059556 0.069100 4500
499 0.064000 0.069090 4500
500 0.055111 0.069062 4500
501 0.064889 0.069054 4500
502 0.062222 0.069040 4500
503 0.059111 0.069020 4500
504 0.059556 0.069002 4500
505 0.055111 0.068974 4500
506 0.060889 0.068958 4500
507 0.063556 0.068948 4500
508 0.062667 0.068935 4500
509 0.060000 0.068918 4500
510 0.059111 0.068898 4500
511 0.057333 0.068876 4500
512 0.063556 0.068865 4500
513 0.060000 0.068848 4500
514 0.057778 0.068827 4500
515 0.054222 0.068798 4500
516 0.059111 0.068780 4500
517 0.059556 0.068762 4500
518 0.060000 0.068745 4500
519 0.058667 0.068726 4500
520 0.063111 0.068715 4500
521 0.051556 0.068682 4500
522 0.057333 0.068660 4500
523 0.054667 0.068634 4500
524 0.055111 0.068608 4500
525 0.063556 0.068598 4500
526 0.063111 0.068588 4500
527 0.062222 0.068576 4500
528 0.056000 0.068552 4500
529 0.057333 0.068531 4500
530 0.057333 0.068510 4500
531 0.057333 0.068489 4500
532 0.056000 0.068465 4500
533 0.055111 0.068440 4500
534 0.052000 0.068410 4500
535 0.058222 0.068391 4500
536 0.068444 0.068391 4500
537 0.062222 0.068379 4500
538 0.056000 0.068356 4500
539 0.050667 0.068323 4500
540 0.053333 0.068296 4500
541 0.054667 0.068271 4500
542 0.055111 0.068246 4500
543 0.064000 0.068239 4500
544 0.059556 0.068223 4500
545 0.060889 0.068209 4500
546 0.058222 0.068191 4500
547 0.057333 0.068171 4500
548 0.062222 0.068160 4500
549 0.061333 0.068148 4500
550 0.059111 0.068131 4500
551 0.053778 0.068105 4500
552 0.057778 0.068087 4500
553 0.055556 0.068064 4500
554 0.057333 0.068045 4500
555 0.061333 0.068033 4500
556 0.056000 0.068011 4500
557 0.056444 0.067990 4500
558 0.055111 0.067967 4500
559 0.056889 0.067948 4500
560 0.057333 0.067929 4500
561 0.059111 0.067913 4500
562 0.053778 0.067888 4500
563 0.058222 0.067871 4500
564 0.063556 0.067863 4500
565 0.056000 0.067842 4500
566 0.064444 0.067836 4500
567 0.060889 0.067824 4500
568 0.060000 0.067810 4500
569 0.056444 0.067790 4500
570 0.051111 0.067761 4500
571 0.056889 0.067742 4500
572 0.058222 0.067725 4500
573 0.051556 0.067697 4500
574 0.052444 0.067671 4500
575 0.059111 0.067656 4500
576 0.059111 0.067641 4500
577 0.050667 0.067612 4500
578 0.058667 0.067596 4500
579 0.054667 0.067574 4500
580 0.053778 0.067550 4500
581 0.055111 0.067529 4500
582 0.058222 0.067513 4500
583 0.052444 0.067487 4500
584 0.057333 0.067470 4500
585 0.055111 0.067449 4500
586 0.058667 0.067434 4500
587 0.055556 0.067413 4500
588 0.056444 0.067395 4500
589 0.052889 0.067370 4500
590 0.052889 0.067346 4500
591 0.053333 0.067322 4500
592 0.056000 0.067303 4500
593 0.058667 0.067288 4500
594 0.059111 0.067275 4500
595 0.056000 0.067256 4500
596 0.054222 0.067234 4500
597 0.055111 0.067214 4500
598 0.050222 0.067185 4500
599 0.052889 0.067161 4500
600 0.050222 0.067133 4500
601 0.056889 0.067116 4500
602 0.047556 0.067084 4500
603 0.059111 0.067071 4500
604 0.056444 0.067053 4500
605 0.059111 0.067040 4500
606 0.056444 0.067023 4500
607 0.054667 0.067002 4500
608 0.050667 0.066975 4500
609 0.056444 0.066958 4500
610 0.050667 0.066931 4500
611 0.055111 0.066912 4500
612 0.056889 0.066896 4500
613 0.056889 0.066879 4500
614 0.063556 0.066874 4500
615 0.052889 0.066851 4500
616 0.056000 0.066834 4500
617 0.052000 0.066810 4500
618 0.048889 0.066781 4500
619 0.054222 0.066761 4500
620 0.045333 0.066726 4500
621 0.050222 0.066700 4500
622 0.053778 0.066679 4500
623 0.055556 0.066661 4500
624 0.050667 0.066635 4500
625 0.053333 0.066614 4500
626 0.053778 0.066594 4500
627 0.052889 0.066572 4500
628 0.048000 0.066542 4500
629 0.052889 0.066521 4500
630 0.051111 0.066496 4500
631 0.054667 0.066477 4500
632 0.050667 0.066453 4500
633 0.056000 0.066436 4500
634 0.060889 0.066427 4500
635 0.053333 0.066407 4500
636 0.052000 0.066384 4500
637 0.049333 0.066357 4500
638 0.054667 0.066339 4500
639 0.051556 0.066316 4500
640 0.051111 0.066292 4500
641 0.047556 0.066263 4500
642 0.053333 0.066243 4500
643 0.047556 0.066214 4500
644 0.050667 0.066190 4500
645 0.057333 0.066176 4500
646 0.059111 0.066165 4500
647 0.052889 0.066145 4500
648 0.050222 0.066120 4500
649 0.047111 0.066091 4500
650 0.051556 0.066069 4500
651 0.045778 0.066037 4500
652 0.053333 0.066018 4500
653 0.049333 0.065993 4500
654 0.054667 0.065975 4500
655 0.049778 0.065951 4500
656 0.054667 0.065933 4500
657 0.046667 0.065904 4500
658 0.053778 0.065886 4500
659 0.057333 0.065873 4500
660 0.052444 0.065852 4500
661 0.053778 0.065834 4500
662 0.056000 0.065819 4500
663 0.052000 0.065799 4500
664 0.052444 0.065778 4500
665 0.053333 0.065760 4500
666 0.052889 0.065740 4500
667 0.043111 0.065707 4500
668 0.053333 0.065688 4500
669 0.049333 0.065664 4500
670 0.048444 0.065638 4500
671 0.050667 0.065616 4500
672 0.048889 0.065591 4500
673 0.048000 0.065565 4500
674 0.052889 0.065546 4500
675 0.046667 0.065518 4500
676 0.052000 0.065498 4500
677 0.051111 0.065477 4500
678 0.053333 0.065459 4500
679 0.048889 0.065435 4500
680 0.048000 0.065409 4500
681 0.048000 0.065384 4500
682 0.050222 0.065361 4500
683 0.046667 0.065334 4500
684 0.055556 0.065320 4500
685 0.049778 0.065297 4500
686 0.051111 0.065276 4500
687 0.047111 0.065250 4500
688 0.051556 0.065230 4500
689 0.048889 0.065206 4500
690 0.057333 0.065195 4500
691 0.057333 0.065184 4500
692 0.048889 0.065160 4500
693 0.052889 0.065142 4500
694 0.048000 0.065118 4500
695 0.051111 0.065098 4500
696 0.048444 0.065074 4500
697 0.044889 0.065045 4500
698 0.048889 0.065022 4500
699 0.053778 0.065006 4500
700 0.057778 0.064995 4500
701 0.048889 0.064972 4500
702 0.052444 0.064955 4500
703 0.048000 0.064931 4500
704 0.048889 0.064908 4500
705 0.050667 0.064888 4500
706 0.056889 0.064876 4500
707 0.043111 0.064846 4500
708 0.051556 0.064827 4500
709 0.048889 0.064804 4500
710 0.052444 0.064787 4500
711 0.045333 0.064760 4500
712 0.050667 0.064740 4500
713 0.051111 0.064721 4500
714 0.050667 0.064701 4500
715 0.055111 0.064688 4500
716 0.049333 0.064666 4500
717 0.047111 0.064642 4500
718 0.048000 0.064619 4500
719 0.050667 0.064599 4500
720 0.048000 0.064576 4500
721 0.051111 0.064558 4500
722 0.043111 0.064528 4500
723 0.041778 0.064497 4500
724 0.053778 0.064482 4500
725 0.042222 0.064451 4500
726 0.053333 0.064436 4500
727 0.045778 0.064410 4500
728 0.052000 0.064393 4500
729 0.047556 0.064370 4500
730 0.044000 0.064342 4500
731 0.047556 0.064319 4500
732 0.052000 0.064303 4500
733 0.053778 0.064288 4500
734 0.048889 0.064267 4500
735 0.049333 0.064247 4500
736 0.052889 0.064232 4500
737 0.052000 0.064215 4500
738 0.053778 0.064201 4500
739 0.050222 0.064182 4500
740 0.048000 0.064160 4500
741 0.051111 0.064143 4500
742 0.049778 0.064123 4500
743 0.049333 0.064103 4500
744 0.046222 0.064079 4500
745 0.052889 0.064064 4500
746 0.047111 0.064042 4500
747 0.050222 0.064023 4500
748 0.049333 0.064004 4500
749 0.051111 0.063986 4500
750 0.048889 0.063966 4500
751 0.054222 0.063953 4500
752 0.052000 0.063937 4500
753 0.049778 0.063919 4500
754 0.044000 0.063892 4500
755 0.049333 0.063873 4500
756 0.052000 0.063857 4500
757 0.052000 0.063842 4500
758 0.051111 0.063825 4500
759 0.045333 0.063801 4500
760 0.048889 0.063781 4500
761 0.049778 0.063763 4500
762 0.052444 0.063748 4500
763 0.046222 0.063725 4500
764 0.041778 0.063696 4500
765 0.047556 0.063675 4500
766 0.048000 0.063655 4500
767 0.048444 0.063635 4500
768 0.051556 0.063619 4500
769 0.049333 0.063601 4500
770 0.047556 0.063580 4500
771 0.046222 0.063557 4500
772 0.052000 0.063542 4500
773 0.046667 0.063521 4500
774 0.042667 0.063494 4500
775 0.047556 0.063473 4500
776 0.048000 0.063453 4500
777 0.045778 0.063430 4500
778 0.048444 0.063411 4500
779 0.050222 0.063394 4500
780 0.044000 0.063369 4500
781 0.049778 0.063352 4500
782 0.039111 0.063321 4500
783 0.044889 0.063298 4500
784 0.050222 0.063281 4500
785 0.044000 0.063256 4500
786 0.044889 0.063233 4500
787 0.048889 0.063215 4500
788 0.039556 0.063185 4500
789 0.048889 0.063167 4500
790 0.043556 0.063142 4500
791 0.048444 0.063123 4500
792 0.051111 0.063108 4500
793 0.045778 0.063086 4500
794 0.049333 0.063069 4500
795 0.038222 0.063038 4500
796 0.043111 0.063013 4500
797 0.048000 0.062994 4500
798 0.050667 0.062979 4500
799 0.046222 0.062958 4500
800 0.044000 0.062934 4500
801 0.042667 0.062909 4500
802 0.040444 0.062881 4500
803 0.053333 0.062869 4500
804 0.047556 0.062850 4500
805 0.049333 0.062833 4500
806 0.047556 0.062814 4500
807 0.048444 0.062796 4500
808 0.043111 0.062772 4500
809 0.039111 0.062743 4500
810 0.045778 0.062722 4500
811 0.036000 0.062689 4500
812 0.047556 0.062670 4500
813 0.044000 0.062648 4500
814 0.043111 0.062624 4500
815 0.046222 0.062603 4500
816 0.044444 0.062581 4500
817 0.040444 0.062554 4500
818 0.043556 0.062531 4500
819 0.042222 0.062506 4500
820 0.044444 0.062484 4500
821 0.046222 0.062464 4500
822 0.045778 0.062444 4500
823 0.044889 0.062423 4500
824 0.042222 0.062398 4500
825 0.046667 0.062379 4500
826 0.040000 0.062352 4500
827 0.041778 0.062327 4500
828 0.039111 0.062299 4500
829 0.044889 0.062278 4500
830 0.042667 0.062255 4500
831 0.040000 0.062228 4500
832 0.034222 0.062194 4500
833 0.048444 0.062178 4500
834 0.046222 0.062159 4500
835 0.039111 0.062131 4500
836 0.048000 0.062114 4500
837 0.045333 0.062094 4500
838 0.043556 0.062072 4500
839 0.038667 0.062044 4500
840 0.040444 0.062019 4500
841 0.038667 0.061991 4500
842 0.044444 0.061970 4500
843 0.039556 0.061944 4500
844 0.043111 0.061921 4500
845 0.044000 0.061900 4500
846 0.045333 0.061881 4500
847 0.036444 0.061851 4500
848 0.044444 0.061830 4500
849 0.043111 0.061808 4500
850 0.047111 0.061791 4500
851 0.042222 0.061768 4500
852 0.044000 0.061747 4500
853 0.044444 0.061727 4500
854 0.048000 0.061711 4500
855 0.048444 0.061695 4500
856 0.042667 0.061673 4500
857 0.041778 0.061650 4500
858 0.039111 0.061624 4500
859 0.044889 0.061604 4500
860 0.044889 0.061585 4500
861 0.041778 0.061562 4500
862 0.046222 0.061544 4500
863 0.034222 0.061512 4500
864 0.043556 0.061492 4500
865 0.045333 0.061473 4500
866 0.049333 0.061459 4500
867 0.036889 0.061431 4500
868 0.039556 0.061405 4500
869 0.042667 0.061384 4500
870 0.037778 0.061357 4500
871 0.041778 0.061334 4500
872 0.041778 0.061312 4500
873 0.041778 0.061290 4500
874 0.042667 0.061268 4500
875 0.044444 0.061249 4500
876 0.044000 0.061229 4500
877 0.040444 0.061206 4500
878 0.044889 0.061187 4500
879 0.043556 0.061167 4500
880 0.045778 0.061150 4500
881 0.041778 0.061128 4500
882 0.039556 0.061103 4500
883 0.042667 0.061082 4500
884 0.037778 0.061056 4500
885 0.044444 0.061037 4500
886 0.039556 0.061013 4500
887 0.039111 0.060988 4500
888 0.041333 0.060966 4500
889 0.040889 0.060944 4500
890 0.042667 0.060923 4500
891 0.048000 0.060909 4500
892 0.044000 0.060890 4500
893 0.044444 0.060871 4500
894 0.038667 0.060847 4500
895 0.044889 0.060829 4500
896 0.042667 0.060809 4500
897 0.038667 0.060784 4500
898 0.039111 0.060760 4500
899 0.046667 0.060744 4500
900 0.046222 0.060728 4500
901 0.040444 0.060706 4500
902 0.038667 0.060681 4500
903 0.044444 0.060663 4500
904 0.039556 0.060640 4500
905 0.037333 0.060614 4500
906 0.044444 0.060596 4500
907 0.040000 0.060574 4500
908 0.036000 0.060547 4500
909 0.043556 0.060528 4500
910 0.048000 0.060514 4500
911 0.044444 0.060497 4500
912 0.041333 0.060476 4500
913 0.042667 0.060456 4500
914 0.040000 0.060434 4500
915 0.040000 0.060411 4500
916 0.044889 0.060395 4500
917 0.039556 0.060372 4500
918 0.041333 0.060351 4500
919 0.040000 0.060329 4500
920 0.044889 0.060312 4500
921 0.041333 0.060292 4500
922 0.040889 0.060271 4500
923 0.038222 0.060247 4500
924 0.040444 0.060225 4500
925 0.047111 0.060211 4500
926 0.044000 0.060194 4500
927 0.051111 0.060184 4500
928 0.040000 0.060162 4500
929 0.042222 0.060143 4500
930 0.045778 0.060127 4500
931 0.045333 0.060112 4500
932 0.036889 0.060087 4500
933 0.040000 0.060065 4500
934 0.040889 0.060045 4500
935 0.036000 0.060019 4500
936 0.043111 0.060001 4500
937 0.040000 0.059980 4500
938 0.041778 0.059960 4500
939 0.043556 0.059943 4500
940 0.048444 0.059931 4500
941 0.034222 0.059903 4500
942 0.044444 0.059887 4500
943 0.041333 0.059867 4500
944 0.043111 0.059850 4500
945 0.039111 0.059828 4500
946 0.044444 0.059811 4500
947 0.046222 0.059797 4500
948 0.044000 0.059780 4500
949 0.047111 0.059767 4500
950 0.041333 0.059748 4500
951 0.039111 0.059726 4500
952 0.045333 0.059711 4500
953 0.037778 0.059688 4500
954 0.043111 0.059671 4500
955 0.044444 0.059655 4500
956 0.044000 0.059638 4500
957 0.044000 0.059622 4500
958 0.044444 0.059606 4500
959 0.046667 0.059593 4500
960 0.036889 0.059569 4500
961 0.039556 0.059548 4500
962 0.041333 0.059529 4500
963 0.040000 0.059509 4500
964 0.037333 0.059486 4500
965 0.041778 0.059468 4500
966 0.045778 0.059454 4500
967 0.035556 0.059429 4500
968 0.040000 0.059409 4500
969 0.040000 0.059389 4500
970 0.038667 0.059367 4500
971 0.040444 0.059348 4500
972 0.037778 0.059326 4500
973 0.045333 0.059311 4500
974 0.036889 0.059288 4500
975 0.044444 0.059273 4500
976 0.044000 0.059258 4500
977 0.037778 0.059236 4500
978 0.046667 0.059223 4500
979 0.036444 0.059200 4500
980 0.041333 0.059181 4500
981 0.036444 0.059158 4500
982 0.044444 0.059143 4500
983 0.046222 0.059130 4500
984 0.038222 0.059109 4500
985 0.040889 0.059090 4500
986 0.038667 0.059070 4500
987 0.036000 0.059046 4500
988 0.037333 0.059024 4500
989 0.043556 0.059009 4500
990 0.040000 0.058990 4500
991 0.041333 0.058972 4500
992 0.039111 0.058952 4500
993 0.039556 0.058932 4500
994 0.036444 0.058910 4500
995 0.040444 0.058891 4500
996 0.039556 0.058872 4500
997 0.039556 0.058852 4500
998 0.040000 0.058834 4500
999 0.044444 0.058819 4500
