0 0.088444 0.088444 4500
1 0.037333 0.062889 4500
2 0.038222 0.054667 4500
3 0.020889 0.046222 4500
4 0.028889 0.042756 4500
5 0.028444 0.040370 4500
6 0.023556 0.037968 4500
7 0.018667 0.035556 4500
8 0.022222 0.034074 4500
9 0.026667 0.033333 4500
10 0.024000 0.032485 4500
11 0.016889 0.031185 4500
12 0.019556 0.030291 4500
13 0.027556 0.030095 4500
14 0.020444 0.029452 4500
15 0.020444 0.028889 4500
16 0.024444 0.028627 4500
17 0.016444 0.027951 4500
18 0.016889 0.027368 4500
19 0.016889 0.026844 4500
20 0.012444 0.026159 4500
21 0.014222 0.025616 4500
22 0.012889 0.025063 4500
23 0.020889 0.024889 4500
24 0.019111 0.024658 4500
25 0.014667 0.024274 4500
26 0.010222 0.023753 4500
27 0.014222 0.023413 4500
28 0.015556 0.023142 4500
29 0.002667 0.022459 4500
30 0.009333 0.022036 4500
31 0.006667 0.021556 4500
32 0.009778 0.021199 4500
33 0.016000 0.021046 4500
34 0.007556 0.020660 4500
35 0.002667 0.020160 4500
36 0.009333 0.019868 4500
37 0.012444 0.019673 4500
38 0.006222 0.019328 4500
39 0.008889 0.019067 4500
40 0.007556 0.018786 4500
41 0.003556 0.018423 4500
42 0.010222 0.018233 4500
43 0.004889 0.017929 4500
44 0.009778 0.017748 4500
45 0.012000 0.017623 4500
46 -0.000889 0.017229 4500
47 0.008000 0.017037 4500
48 0.005333 0.016798 4500
49 0.003111 0.016524 4500
50 0.006222 0.016322 4500
51 0.000000 0.016009 4500
52 -0.008444 0.015547 4500
53 0.011111 0.015465 4500
54 -0.004444 0.015103 4500
55 0.001333 0.014857 4500
56 0.006222 0.014706 4500
57 0.003556 0.014513 4500
58 0.000889 0.014282 4500
59 0.006667 0.014156 4500
60 0.002222 0.013960 4500
61 0.008444 0.013871 4500
62 0.013778 0.013869 4500
63 -0.000889 0.013639 4500
64 -0.002667 0.013388 4500
65 0.003111 0.013232 4500
66 0.003111 0.013081 4500
67 0.007556 0.013000 4500
68 0.002667 0.012850 4500
69 0.001333 0.012686 4500
70 0.007111 0.012607 4500
71 -0.002667 0.012395 4500
72 -0.006222 0.012140 4500
73 0.002222 0.012006 4500
74 -0.001333 0.011828 4500
75 -0.007556 0.011573 4500
76 -0.003556 0.011377 4500
77 -0.001778 0.011208 4500
78 0.001778 0.011089 4500
79 0.004889 0.011011 4500
80 0.001778 0.010897 4500
81 0.009778 0.010883 4500
82 -0.002667 0.010720 4500
83 -0.000444 0.010587 4500
84 0.000889 0.010473 4500
85 0.010222 0.010470 4500
86 0.004000 0.010396 4500
87 0.005333 0.010338 4500
88 0.001333 0.010237 4500
89 0.001333 0.010138 4500
90 0.003111 0.010061 4500
91 0.002667 0.009981 4500
92 0.004444 0.009921 4500
93 -0.004889 0.009764 4500
94 -0.008444 0.009572 4500
95 -0.002222 0.009449 4500
96 -0.001778 0.009333 4500
97 0.008000 0.009320 4500
98 -0.003556 0.009190 4500
99 0.006667 0.009164 4500
