0 0.078667 0.078667 4500
1 0.080000 0.079333 4500
2 0.084000 0.080889 4500
3 0.083111 0.081444 4500
4 0.082667 0.081689 4500
5 0.081333 0.081630 4500
6 0.081778 0.081651 4500
7 0.080889 0.081556 4500
8 0.082222 0.081630 4500
9 0.081333 0.081600 4500
10 0.079556 0.081414 4500
11 0.078222 0.081148 4500
12 0.076889 0.080821 4500
13 0.084444 0.081079 4500
14 0.080000 0.081007 4500
15 0.083111 0.081139 4500
16 0.088889 0.081595 4500
17 0.083556 0.081704 4500
18 0.081333 0.081684 4500
19 0.084889 0.081844 4500
20 0.082667 0.081884 4500
21 0.082667 0.081919 4500
22 0.090667 0.082300 4500
23 0.086667 0.082481 4500
24 0.083111 0.082507 4500
25 0.082667 0.082513 4500
26 0.084444 0.082584 4500
27 0.084889 0.082667 4500
28 0.080000 0.082575 4500
29 0.081333 0.082533 4500
30 0.083111 0.082552 4500
31 0.085778 0.082653 4500
32 0.086222 0.082761 4500
33 0.087556 0.082902 4500
34 0.077333 0.082743 4500
35 0.085333 0.082815 4500
36 0.083556 0.082835 4500
37 0.081333 0.082795 4500
38 0.084000 0.082826 4500
39 0.085333 0.082889 4500
40 0.080889 0.082840 4500
41 0.082667 0.082836 4500
42 0.084000 0.082863 4500
43 0.080889 0.082818 4500
44 0.088444 0.082943 4500
45 0.080444 0.082889 4500
46 0.092000 0.083083 4500
47 0.085778 0.083139 4500
48 0.078667 0.083048 4500
49 0.084889 0.083084 4500
50 0.085333 0.083129 4500
51 0.081778 0.083103 4500
52 0.077333 0.082994 4500
53 0.088889 0.083103 4500
54 0.083111 0.083103 4500
55 0.091556 0.083254 4500
56 0.081778 0.083228 4500
57 0.079111 0.083157 4500
58 0.084000 0.083171 4500
59 0.083556 0.083178 4500
60 0.085778 0.083220 4500
61 0.083556 0.083226 4500
62 0.084000 0.083238 4500
63 0.079111 0.083174 4500
64 0.087556 0.083241 4500
65 0.084000 0.083253 4500
66 0.080444 0.083211 4500
67 0.083111 0.083209 4500
68 0.082667 0.083201 4500
69 0.081778 0.083181 4500
70 0.083556 0.083186 4500
71 0.084000 0.083198 4500
72 0.081778 0.083178 4500
73 0.080000 0.083135 4500
74 0.081333 0.083111 4500
75 0.084889 0.083135 4500
76 0.085778 0.083169 4500
77 0.079556 0.083123 4500
78 0.082667 0.083117 4500
79 0.082222 0.083106 4500
80 0.082222 0.083095 4500
81 0.086222 0.083133 4500
82 0.080444 0.083100 4500
83 0.084000 0.083111 4500
84 0.081778 0.083095 4500
85 0.083111 0.083096 4500
86 0.083111 0.083096 4500
87 0.079111 0.083051 4500
88 0.085333 0.083076 4500
89 0.084444 0.083091 4500
90 0.082222 0.083082 4500
91 0.077778 0.083024 4500
92 0.070667 0.082891 4500
93 0.082667 0.082889 4500
94 0.085333 0.082915 4500
95 0.079111 0.082875 4500
96 0.080444 0.082850 4500
97 0.080000 0.082821 4500
98 0.079556 0.082788 4500
99 0.082667 0.082787 4500
