0 1.000000 1.000000
1 0.008000 0.504000
2 -0.008000 0.333333
3 0.012000 0.253000
4 -0.060000 0.190400
5 -0.020000 0.155333
6 0.060000 0.141714
7 0.040000 0.129000
8 0.020000 0.116889
9 -0.012000 0.104000
10 0.000000 0.094545
11 0.008000 0.087333
12 0.048000 0.084308
13 -0.008000 0.077714
14 0.112000 0.080000
15 0.036000 0.077250
16 0.016000 0.073647
17 -0.100000 0.064000
18 -0.004000 0.060421
19 -0.008000 0.057000
20 -0.028000 0.052952
21 0.060000 0.053273
22 0.116000 0.056000
23 -0.084000 0.050167
24 0.044000 0.049920
25 -0.016000 0.047385
26 -0.024000 0.044741
27 0.028000 0.044143
28 0.004000 0.042759
29 -0.024000 0.040533
30 -0.048000 0.037677
31 0.024000 0.037250
32 0.024000 0.036848
33 -0.048000 0.034353
34 0.020000 0.033943
35 0.076000 0.035111
36 0.032000 0.035027
37 0.020000 0.034632
38 0.068000 0.035487
39 -0.020000 0.034100
40 0.040000 0.034244
41 -0.048000 0.032286
42 0.056000 0.032837
43 0.028000 0.032727
44 0.040000 0.032889
45 -0.016000 0.031826
46 -0.084000 0.029362
47 -0.020000 0.028333
48 0.012000 0.028000
49 -0.084000 0.025760
50 -0.032000 0.024627
51 -0.068000 0.022846
52 0.024000 0.022868
53 -0.016000 0.022148
54 -0.044000 0.020945
55 -0.040000 0.019857
56 -0.016000 0.019228
57 -0.052000 0.018000
58 -0.012000 0.017492
59 0.008000 0.017333
60 0.036000 0.017639
61 -0.012000 0.017161
62 -0.008000 0.016762
63 -0.024000 0.016125
64 -0.044000 0.015200
65 0.008000 0.015091
66 0.012000 0.015045
67 -0.012000 0.014647
68 -0.116000 0.012754
69 0.008000 0.012686
70 0.024000 0.012845
71 0.004000 0.012722
72 -0.012000 0.012384
73 -0.072000 0.011243
74 0.008000 0.011200
75 0.016000 0.011263
76 -0.064000 0.010286
77 -0.016000 0.009949
78 -0.028000 0.009468
79 -0.068000 0.008500
80 0.044000 0.008938
81 -0.028000 0.008488
82 -0.016000 0.008193
83 0.004000 0.008143
84 0.080000 0.008988
85 -0.004000 0.008837
86 0.012000 0.008874
87 0.076000 0.009636
88 -0.080000 0.008629
89 -0.072000 0.007733
90 -0.004000 0.007604
91 0.048000 0.008043
92 0.064000 0.008645
93 0.016000 0.008723
94 0.068000 0.009347
95 0.072000 0.010000
96 0.036000 0.010268
97 0.016000 0.010327
98 -0.008000 0.010141
99 -0.008000 0.009960
100 -0.012000 0.009743
101 -0.008000 0.009569
102 0.036000 0.009825
103 0.016000 0.009885
104 -0.020000 0.009600
105 0.084000 0.010302
106 0.012000 0.010318
107 0.048000 0.010667
108 0.004000 0.010606
109 -0.040000 0.010145
110 -0.092000 0.009225
111 0.040000 0.009500
112 0.044000 0.009805
113 0.076000 0.010386
114 0.004000 0.010330
115 0.016000 0.010379
116 0.012000 0.010393
117 0.020000 0.010475
118 0.052000 0.010824
119 0.060000 0.011233
120 -0.048000 0.010744
121 0.028000 0.010885
122 -0.016000 0.010667
123 0.072000 0.011161
124 0.036000 0.011360
125 0.032000 0.011524
126 0.028000 0.011654
127 0.000000 0.011562
128 0.008000 0.011535
129 0.008000 0.011508
130 -0.012000 0.011328
131 -0.004000 0.011212
132 0.028000 0.011338
133 0.016000 0.011373
134 0.044000 0.011615
135 0.008000 0.011588
136 -0.012000 0.011416
137 0.032000 0.011565
138 0.040000 0.011770
139 0.068000 0.012171
140 -0.084000 0.011489
141 -0.008000 0.011352
142 0.052000 0.011636
143 -0.064000 0.011111
144 -0.024000 0.010869
145 0.032000 0.011014
146 -0.052000 0.010585
147 0.032000 0.010730
148 0.020000 0.010792
149 0.052000 0.011067
150 0.004000 0.011020
151 -0.020000 0.010816
152 -0.036000 0.010510
153 0.020000 0.010571
154 -0.060000 0.010116
155 -0.008000 0.010000
156 0.040000 0.010191
157 0.028000 0.010304
158 0.012000 0.010314
159 0.040000 0.010500
160 0.044000 0.010708
161 0.016000 0.010741
162 -0.020000 0.010552
163 -0.008000 0.010439
164 0.040000 0.010618
165 0.004000 0.010578
166 0.084000 0.011018
167 0.028000 0.011119
168 0.004000 0.011077
169 0.020000 0.011129
170 0.060000 0.011415
171 -0.044000 0.011093
172 -0.020000 0.010913
173 0.016000 0.010943
174 0.008000 0.010926
175 -0.012000 0.010795
176 -0.096000 0.010192
177 0.076000 0.010562
178 -0.040000 0.010279
179 -0.016000 0.010133
180 -0.052000 0.009790
181 -0.072000 0.009341
182 -0.024000 0.009158
183 -0.072000 0.008717
184 -0.044000 0.008432
185 -0.048000 0.008129
186 -0.024000 0.007957
187 0.036000 0.008106
188 -0.040000 0.007852
189 -0.008000 0.007768
190 0.040000 0.007937
191 0.000000 0.007896
192 -0.092000 0.007378
193 -0.008000 0.007299
194 0.000000 0.007262
195 -0.040000 0.007020
196 -0.076000 0.006599
197 0.052000 0.006828
198 -0.008000 0.006754
199 -0.020000 0.006620
200 -0.020000 0.006488
201 0.044000 0.006673
202 -0.036000 0.006463
203 -0.068000 0.006098
204 0.028000 0.006205
205 -0.084000 0.005767
206 -0.096000 0.005275
207 -0.020000 0.005154
208 0.036000 0.005301
209 -0.020000 0.005181
210 0.004000 0.005175
211 0.096000 0.005604
212 -0.024000 0.005465
213 0.032000 0.005589
214 0.024000 0.005674
215 0.048000 0.005870
216 0.032000 0.005991
217 -0.064000 0.005670
218 -0.020000 0.005553
219 0.012000 0.005582
220 -0.008000 0.005520
221 0.012000 0.005550
222 0.088000 0.005919
223 0.064000 0.006179
224 0.056000 0.006400
225 -0.028000 0.006248
226 0.044000 0.006414
227 0.004000 0.006404
228 -0.024000 0.006271
229 0.000000 0.006243
230 0.068000 0.006511
231 0.028000 0.006603
232 0.120000 0.007090
233 0.076000 0.007385
234 0.084000 0.007711
235 0.072000 0.007983
236 0.032000 0.008084
237 -0.060000 0.007798
238 0.068000 0.008050
239 -0.036000 0.007867
240 -0.028000 0.007718
241 0.032000 0.007818
242 0.048000 0.007984
243 0.080000 0.008279
244 0.032000 0.008376
245 0.076000 0.008650
246 0.080000 0.008939
247 0.000000 0.008903
248 0.032000 0.008996
249 -0.012000 0.008912
250 0.060000 0.009116
251 0.052000 0.009286
252 0.028000 0.009360
253 0.044000 0.009496
254 0.064000 0.009710
255 0.124000 0.010156
256 0.060000 0.010350
257 0.016000 0.010372
258 0.000000 0.010332
259 0.012000 0.010338
260 -0.012000 0.010253
261 0.080000 0.010519
262 0.040000 0.010631
263 0.008000 0.010621
264 0.008000 0.010611
265 0.056000 0.010782
266 0.064000 0.010981
267 -0.036000 0.010806
268 0.020000 0.010840
269 0.008000 0.010830
270 0.044000 0.010952
271 0.036000 0.011044
272 0.040000 0.011150
273 0.076000 0.011387
274 0.024000 0.011433
275 0.036000 0.011522
276 0.032000 0.011596
277 0.044000 0.011712
278 -0.008000 0.011642
279 -0.024000 0.011514
280 0.040000 0.011616
281 -0.020000 0.011504
282 0.012000 0.011505
283 0.036000 0.011592
284 0.040000 0.011691
285 0.016000 0.011706
286 0.024000 0.011749
287 0.076000 0.011972
288 -0.044000 0.011779
289 -0.040000 0.011600
290 0.008000 0.011588
291 0.000000 0.011548
292 -0.096000 0.011181
293 -0.044000 0.010993
294 -0.008000 0.010929
295 0.012000 0.010932
296 -0.044000 0.010747
297 0.008000 0.010738
298 0.012000 0.010742
299 -0.076000 0.010453
300 -0.020000 0.010352
301 0.020000 0.010384
302 -0.032000 0.010244
303 -0.076000 0.009961
304 -0.004000 0.009915
305 0.044000 0.010026
306 0.028000 0.010085
307 -0.024000 0.009974
308 -0.016000 0.009890
309 -0.032000 0.009755
310 -0.048000 0.009569
311 -0.036000 0.009423
312 -0.044000 0.009252
313 -0.048000 0.009070
314 0.016000 0.009092
315 0.080000 0.009316
316 0.016000 0.009338
317 -0.032000 0.009208
318 0.012000 0.009216
319 -0.012000 0.009150
320 -0.028000 0.009034
321 -0.036000 0.008894
322 -0.072000 0.008644
323 -0.088000 0.008346
324 -0.088000 0.008049
325 -0.008000 0.008000
326 -0.024000 0.007902
327 0.056000 0.008049
328 0.024000 0.008097
329 -0.100000 0.007770
330 -0.056000 0.007577
331 -0.036000 0.007446
332 -0.028000 0.007339
333 -0.072000 0.007102
334 -0.048000 0.006937
335 -0.012000 0.006881
336 0.008000 0.006884
337 -0.028000 0.006781
338 0.048000 0.006903
339 0.020000 0.006941
340 -0.004000 0.006909
341 -0.012000 0.006854
342 -0.040000 0.006717
343 0.016000 0.006744
344 -0.096000 0.006446
345 -0.044000 0.006301
346 0.008000 0.006305
347 0.040000 0.006402
348 -0.032000 0.006292
349 0.036000 0.006377
350 0.016000 0.006405
351 -0.032000 0.006295
352 0.016000 0.006323
353 0.024000 0.006373
354 -0.016000 0.006310
355 -0.012000 0.006258
356 -0.076000 0.006028
357 0.004000 0.006022
358 0.028000 0.006084
359 0.080000 0.006289
360 0.056000 0.006427
361 0.052000 0.006552
362 0.020000 0.006590
363 0.076000 0.006780
364 -0.024000 0.006696
365 0.032000 0.006765
366 0.072000 0.006943
367 0.020000 0.006978
368 0.080000 0.007176
369 0.012000 0.007189
370 0.008000 0.007191
371 0.020000 0.007226
372 0.036000 0.007303
373 0.064000 0.007455
374 0.060000 0.007595
375 -0.020000 0.007521
376 0.016000 0.007544
377 -0.012000 0.007492
378 0.008000 0.007493
379 0.012000 0.007505
380 -0.004000 0.007475
381 0.040000 0.007560
382 0.060000 0.007697
383 0.060000 0.007833
384 0.008000 0.007834
385 0.100000 0.008073
386 0.036000 0.008145
387 0.036000 0.008216
388 0.052000 0.008329
389 0.012000 0.008338
390 0.072000 0.008501
391 0.024000 0.008541
392 -0.044000 0.008407
393 0.076000 0.008579
394 0.032000 0.008638
395 -0.008000 0.008596
396 0.008000 0.008594
397 0.084000 0.008784
398 0.020000 0.008812
399 0.000000 0.008790
400 0.048000 0.008888
401 -0.032000 0.008786
402 -0.004000 0.008754
403 -0.024000 0.008673
404 0.092000 0.008879
405 0.024000 0.008916
406 -0.044000 0.008786
407 0.004000 0.008775
408 0.040000 0.008851
409 -0.056000 0.008693
410 0.028000 0.008740
411 0.012000 0.008748
412 0.032000 0.008804
413 -0.068000 0.008618
414 0.032000 0.008675
415 0.048000 0.008769
416 -0.060000 0.008604
417 -0.008000 0.008565
418 0.036000 0.008630
419 -0.040000 0.008514
420 0.024000 0.008551
421 0.000000 0.008531
422 0.044000 0.008615
423 0.024000 0.008651
424 0.000000 0.008631
425 0.000000 0.008610
426 -0.020000 0.008543
427 -0.048000 0.008411
428 -0.036000 0.008308
429 -0.048000 0.008177
430 -0.020000 0.008111
431 0.032000 0.008167
432 0.088000 0.008351
433 0.072000 0.008498
434 0.004000 0.008487
435 0.028000 0.008532
436 -0.012000 0.008485
437 -0.040000 0.008374
438 -0.072000 0.008191
439 -0.068000 0.008018
440 -0.056000 0.007873
441 -0.052000 0.007738
442 -0.028000 0.007657
443 0.024000 0.007694
444 0.076000 0.007847
445 -0.020000 0.007785
446 -0.064000 0.007624
447 -0.008000 0.007589
448 -0.080000 0.007394
449 -0.048000 0.007271
450 -0.048000 0.007149
451 -0.044000 0.007035
452 0.016000 0.007055
453 -0.024000 0.006987
454 0.012000 0.006998
455 0.044000 0.007079
456 0.004000 0.007072
457 -0.040000 0.006969
458 0.016000 0.006989
459 -0.036000 0.006896
460 -0.060000 0.006751
461 -0.084000 0.006554
462 -0.096000 0.006333
463 0.012000 0.006345
464 0.072000 0.006486
465 -0.032000 0.006403
466 0.060000 0.006518
467 0.020000 0.006547
468 -0.048000 0.006431
469 0.024000 0.006468
470 0.028000 0.006514
471 -0.012000 0.006475
472 -0.032000 0.006393
473 -0.080000 0.006211
474 -0.004000 0.006189
475 0.024000 0.006227
476 0.040000 0.006298
477 0.048000 0.006385
478 0.080000 0.006539
479 -0.020000 0.006483
480 0.028000 0.006528
481 -0.040000 0.006432
482 0.064000 0.006551
483 -0.016000 0.006504
484 -0.012000 0.006466
485 0.076000 0.006609
486 -0.016000 0.006563
487 0.096000 0.006746
488 0.068000 0.006871
489 0.024000 0.006906
490 0.096000 0.007088
491 0.036000 0.007146
492 -0.032000 0.007067
493 0.016000 0.007085
494 0.000000 0.007071
495 -0.068000 0.006919
496 0.048000 0.007002
497 -0.032000 0.006924
498 0.040000 0.006990
499 0.052000 0.007080
