0 0.110222 0.110222 4500
1 -0.001778 0.054222 4500
2 0.003556 0.037333 4500
3 -0.006222 0.026444 4500
4 -0.001333 0.020889 4500
5 0.005333 0.018296 4500
6 0.005778 0.016508 4500
7 -0.008889 0.013333 4500
8 0.000444 0.011901 4500
9 -0.004444 0.010267 4500
10 -0.001333 0.009212 4500
11 0.004444 0.008815 4500
12 0.002222 0.008308 4500
13 -0.005778 0.007302 4500
14 0.003556 0.007052 4500
15 -0.009333 0.006028 4500
16 -0.007111 0.005255 4500
17 0.004444 0.005210 4500
18 0.003556 0.005123 4500
19 0.000000 0.004867 4500
20 0.001333 0.004698 4500
21 -0.001778 0.004404 4500
22 -0.007556 0.003884 4500
23 0.003111 0.003852 4500
24 -0.000444 0.003680 4500
25 -0.002667 0.003436 4500
26 -0.009778 0.002947 4500
27 -0.005778 0.002635 4500
28 -0.011556 0.002146 4500
29 0.004889 0.002237 4500
30 0.003556 0.002280 4500
31 -0.004889 0.002056 4500
32 0.008889 0.002263 4500
33 -0.003111 0.002105 4500
34 0.000000 0.002044 4500
35 0.000889 0.002012 4500
36 -0.007111 0.001766 4500
37 0.008000 0.001930 4500
38 0.007111 0.002063 4500
39 -0.000444 0.002000 4500
40 -0.007556 0.001767 4500
41 -0.005333 0.001598 4500
42 0.003111 0.001633 4500
43 0.001333 0.001626 4500
44 -0.007111 0.001432 4500
45 -0.010222 0.001179 4500
46 0.005333 0.001267 4500
47 0.002667 0.001296 4500
48 0.000000 0.001270 4500
49 -0.001778 0.001209 4500
50 -0.005778 0.001072 4500
51 0.005778 0.001162 4500
52 -0.000444 0.001132 4500
53 -0.004444 0.001029 4500
54 0.000889 0.001026 4500
55 0.005333 0.001103 4500
56 0.003556 0.001146 4500
57 -0.005778 0.001027 4500
58 -0.002667 0.000964 4500
59 -0.001333 0.000926 4500
60 0.000444 0.000918 4500
61 -0.006222 0.000803 4500
62 0.005778 0.000882 4500
63 0.000000 0.000868 4500
64 0.006667 0.000957 4500
65 -0.004444 0.000875 4500
66 0.004000 0.000922 4500
67 0.007111 0.001013 4500
68 -0.000889 0.000986 4500
69 0.002667 0.001010 4500
70 -0.000444 0.000989 4500
71 -0.003556 0.000926 4500
72 -0.002667 0.000877 4500
73 -0.004444 0.000805 4500
74 0.005333 0.000865 4500
75 0.000000 0.000854 4500
76 0.003111 0.000883 4500
77 0.004444 0.000929 4500
78 -0.001778 0.000895 4500
79 0.000889 0.000894 4500
80 -0.003111 0.000845 4500
81 -0.005333 0.000770 4500
82 0.002667 0.000793 4500
83 -0.005778 0.000714 4500
84 0.001778 0.000727 4500
85 -0.008000 0.000625 4500
86 -0.001333 0.000603 4500
87 0.002222 0.000621 4500
88 0.002667 0.000644 4500
89 0.004000 0.000681 4500
90 -0.005778 0.000611 4500
91 0.002667 0.000633 4500
92 0.006667 0.000698 4500
93 -0.003111 0.000657 4500
94 -0.000444 0.000646 4500
95 -0.005333 0.000583 4500
96 0.008000 0.000660 4500
97 0.003556 0.000689 4500
98 -0.001778 0.000664 4500
99 -0.003111 0.000627 4500
