0 0.100889 0.100889 4500
1 0.077778 0.089333 4500
2 0.075111 0.084593 4500
3 0.077333 0.082778 4500
4 0.076444 0.081511 4500
5 0.080444 0.081333 4500
6 0.075111 0.080444 4500
7 0.081778 0.080611 4500
8 0.079556 0.080494 4500
9 0.079111 0.080356 4500
10 0.073778 0.079758 4500
11 0.068889 0.078852 4500
12 0.081778 0.079077 4500
13 0.077778 0.078984 4500
14 0.081333 0.079141 4500
15 0.073333 0.078778 4500
16 0.071111 0.078327 4500
17 0.073333 0.078049 4500
18 0.080889 0.078199 4500
19 0.077778 0.078178 4500
20 0.079556 0.078243 4500
21 0.074222 0.078061 4500
22 0.073333 0.077855 4500
23 0.080889 0.077981 4500
24 0.074222 0.077831 4500
25 0.072444 0.077624 4500
26 0.074667 0.077514 4500
27 0.073333 0.077365 4500
28 0.074667 0.077272 4500
29 0.069778 0.077022 4500
30 0.077778 0.077047 4500
31 0.077778 0.077069 4500
32 0.067111 0.076768 4500
33 0.072889 0.076654 4500
34 0.068444 0.076419 4500
35 0.076000 0.076407 4500
36 0.084000 0.076613 4500
37 0.070222 0.076444 4500
38 0.076444 0.076444 4500
39 0.066667 0.076200 4500
40 0.076000 0.076195 4500
41 0.074667 0.076159 4500
42 0.073778 0.076103 4500
43 0.078222 0.076152 4500
44 0.075556 0.076138 4500
45 0.076889 0.076155 4500
46 0.073778 0.076104 4500
47 0.075556 0.076093 4500
48 0.071111 0.075991 4500
49 0.069333 0.075858 4500
50 0.074222 0.075826 4500
51 0.072000 0.075752 4500
52 0.070667 0.075656 4500
53 0.073778 0.075621 4500
54 0.075111 0.075612 4500
55 0.072889 0.075563 4500
56 0.073333 0.075524 4500
57 0.078667 0.075579 4500
58 0.073778 0.075548 4500
59 0.068000 0.075422 4500
60 0.079556 0.075490 4500
61 0.077778 0.075527 4500
62 0.064444 0.075351 4500
63 0.061778 0.075139 4500
64 0.073778 0.075118 4500
65 0.079111 0.075178 4500
66 0.072889 0.075144 4500
67 0.069333 0.075059 4500
68 0.075111 0.075060 4500
69 0.073333 0.075035 4500
70 0.069333 0.074955 4500
71 0.068000 0.074858 4500
72 0.074222 0.074849 4500
73 0.072889 0.074823 4500
74 0.071111 0.074773 4500
75 0.065778 0.074655 4500
76 0.068889 0.074580 4500
77 0.072889 0.074558 4500
78 0.072000 0.074526 4500
79 0.073333 0.074511 4500
80 0.072444 0.074486 4500
81 0.072889 0.074466 4500
82 0.068889 0.074399 4500
83 0.073778 0.074392 4500
84 0.067111 0.074306 4500
85 0.072444 0.074284 4500
86 0.066222 0.074192 4500
87 0.068889 0.074131 4500
88 0.069778 0.074082 4500
89 0.070667 0.074044 4500
90 0.073333 0.074037 4500
91 0.076444 0.074063 4500
92 0.076444 0.074088 4500
93 0.066667 0.074009 4500
94 0.077778 0.074049 4500
95 0.070667 0.074014 4500
96 0.071556 0.073989 4500
97 0.076000 0.074009 4500
98 0.066667 0.073935 4500
99 0.068000 0.073876 4500
100 0.071556 0.073853 4500
101 0.074222 0.073856 4500
102 0.077333 0.073890 4500
103 0.067111 0.073825 4500
104 0.069333 0.073782 4500
105 0.066222 0.073711 4500
106 0.071556 0.073691 4500
107 0.063556 0.073597 4500
108 0.073778 0.073598 4500
109 0.067111 0.073539 4500
110 0.067556 0.073485 4500
111 0.064889 0.073409 4500
112 0.062222 0.073310 4500
113 0.068889 0.073271 4500
114 0.066222 0.073210 4500
115 0.064444 0.073134 4500
116 0.072444 0.073128 4500
117 0.061333 0.073028 4500
118 0.064444 0.072956 4500
119 0.067111 0.072907 4500
120 0.072000 0.072900 4500
121 0.064889 0.072834 4500
122 0.066222 0.072780 4500
123 0.071556 0.072771 4500
124 0.064000 0.072700 4500
125 0.066667 0.072653 4500
126 0.064000 0.072584 4500
127 0.065333 0.072528 4500
128 0.074222 0.072541 4500
129 0.069333 0.072516 4500
130 0.065333 0.072461 4500
131 0.062667 0.072387 4500
132 0.072444 0.072388 4500
133 0.064000 0.072325 4500
134 0.067111 0.072286 4500
135 0.068889 0.072261 4500
136 0.072444 0.072263 4500
137 0.064000 0.072203 4500
138 0.064000 0.072144 4500
139 0.065778 0.072098 4500
140 0.068444 0.072072 4500
141 0.056889 0.071966 4500
142 0.068444 0.071941 4500
143 0.060889 0.071864 4500
144 0.070667 0.071856 4500
145 0.069778 0.071842 4500
146 0.066667 0.071807 4500
147 0.069778 0.071793 4500
148 0.063556 0.071738 4500
149 0.065778 0.071698 4500
150 0.061778 0.071632 4500
151 0.069778 0.071620 4500
152 0.056444 0.071521 4500
153 0.061333 0.071455 4500
154 0.070667 0.071449 4500
155 0.061333 0.071385 4500
156 0.064444 0.071340 4500
157 0.062667 0.071286 4500
158 0.056444 0.071192 4500
159 0.064444 0.071150 4500
160 0.066222 0.071119 4500
161 0.068889 0.071106 4500
162 0.068889 0.071092 4500
163 0.067556 0.071070 4500
164 0.064889 0.071033 4500
165 0.064889 0.070996 4500
166 0.070222 0.070991 4500
167 0.067111 0.070968 4500
168 0.069333 0.070959 4500
169 0.057333 0.070878 4500
170 0.069333 0.070869 4500
171 0.062667 0.070822 4500
172 0.060444 0.070762 4500
173 0.063556 0.070720 4500
174 0.066667 0.070697 4500
175 0.067111 0.070677 4500
176 0.061333 0.070624 4500
177 0.071111 0.070627 4500
178 0.067556 0.070610 4500
179 0.065333 0.070580 4500
180 0.067111 0.070561 4500
181 0.067111 0.070542 4500
182 0.059556 0.070482 4500
183 0.064889 0.070452 4500
184 0.059556 0.070393 4500
185 0.064889 0.070363 4500
186 0.067111 0.070346 4500
187 0.059111 0.070286 4500
188 0.064444 0.070255 4500
189 0.063111 0.070218 4500
190 0.066667 0.070199 4500
191 0.057333 0.070132 4500
192 0.060444 0.070082 4500
193 0.068000 0.070071 4500
194 0.060889 0.070024 4500
195 0.062667 0.069986 4500
196 0.066222 0.069967 4500
197 0.066667 0.069951 4500
198 0.060889 0.069905 4500
199 0.063556 0.069873 4500
200 0.061333 0.069831 4500
201 0.065778 0.069811 4500
202 0.063111 0.069778 4500
203 0.066667 0.069763 4500
204 0.063556 0.069732 4500
205 0.065778 0.069713 4500
206 0.064000 0.069685 4500
207 0.060889 0.069643 4500
208 0.065778 0.069625 4500
209 0.057333 0.069566 4500
210 0.059111 0.069517 4500
211 0.065333 0.069497 4500
212 0.062667 0.069465 4500
213 0.068444 0.069460 4500
214 0.063556 0.069433 4500
215 0.060000 0.069389 4500
216 0.059111 0.069342 4500
217 0.066222 0.069327 4500
218 0.060889 0.069289 4500
219 0.060000 0.069246 4500
220 0.064889 0.069227 4500
221 0.055111 0.069163 4500
222 0.063111 0.069136 4500
223 0.056444 0.069079 4500
224 0.062222 0.069049 4500
225 0.059556 0.069007 4500
226 0.060444 0.068969 4500
227 0.064000 0.068947 4500
228 0.058222 0.068901 4500
229 0.064000 0.068879 4500
230 0.064000 0.068858 4500
231 0.065333 0.068843 4500
232 0.057778 0.068795 4500
233 0.060889 0.068762 4500
234 0.062667 0.068736 4500
235 0.056444 0.068684 4500
236 0.056889 0.068634 4500
237 0.064889 0.068618 4500
238 0.059556 0.068580 4500
239 0.064000 0.068561 4500
240 0.061778 0.068533 4500
241 0.062667 0.068509 4500
242 0.060000 0.068474 4500
243 0.062667 0.068450 4500
244 0.062222 0.068424 4500
245 0.062222 0.068399 4500
246 0.062222 0.068374 4500
247 0.064000 0.068357 4500
248 0.062222 0.068332 4500
249 0.061333 0.068304 4500
250 0.067111 0.068299 4500
251 0.064000 0.068282 4500
252 0.063556 0.068264 4500
253 0.064444 0.068248 4500
254 0.063556 0.068230 4500
255 0.062667 0.068208 4500
256 0.058667 0.068171 4500
257 0.060444 0.068141 4500
258 0.060000 0.068110 4500
259 0.063556 0.068092 4500
260 0.060000 0.068061 4500
261 0.058667 0.068025 4500
262 0.063556 0.068008 4500
263 0.063556 0.067992 4500
264 0.065778 0.067983 4500
265 0.062222 0.067962 4500
266 0.061333 0.067937 4500
267 0.056444 0.067894 4500
268 0.060000 0.067865 4500
269 0.056444 0.067822 4500
270 0.060000 0.067793 4500
271 0.054222 0.067743 4500
272 0.067111 0.067741 4500
273 0.060889 0.067716 4500
274 0.060889 0.067691 4500
275 0.066222 0.067686 4500
276 0.058667 0.067653 4500
277 0.057778 0.067618 4500
278 0.061333 0.067595 4500
279 0.063111 0.067579 4500
280 0.063556 0.067565 4500
281 0.053778 0.067516 4500
282 0.060000 0.067490 4500
283 0.061778 0.067469 4500
284 0.058667 0.067439 4500
285 0.053778 0.067391 4500
286 0.056889 0.067354 4500
287 0.070222 0.067364 4500
288 0.053778 0.067317 4500
289 0.072000 0.067333 4500
290 0.058222 0.067302 4500
291 0.052444 0.067251 4500
292 0.056000 0.067213 4500
293 0.064444 0.067203 4500
294 0.061778 0.067185 4500
295 0.051111 0.067131 4500
296 0.062222 0.067114 4500
297 0.064889 0.067107 4500
298 0.056889 0.067072 4500
299 0.059556 0.067047 4500
300 0.056000 0.067011 4500
301 0.052444 0.066962 4500
302 0.057778 0.066932 4500
303 0.053778 0.066889 4500
304 0.051111 0.066837 4500
305 0.056000 0.066802 4500
306 0.052444 0.066755 4500
307 0.056889 0.066723 4500
308 0.058222 0.066695 4500
309 0.054667 0.066657 4500
310 0.057333 0.066627 4500
311 0.060000 0.066605 4500
312 0.058667 0.066580 4500
313 0.056444 0.066548 4500
314 0.052000 0.066502 4500
315 0.054222 0.066463 4500
316 0.054667 0.066426 4500
317 0.059556 0.066404 4500
318 0.049778 0.066352 4500
319 0.063111 0.066342 4500
320 0.056000 0.066309 4500
321 0.062222 0.066297 4500
322 0.059111 0.066275 4500
323 0.061333 0.066259 4500
324 0.060444 0.066241 4500
325 0.057333 0.066214 4500
326 0.056444 0.066184 4500
327 0.055556 0.066152 4500
328 0.056444 0.066122 4500
329 0.052000 0.066079 4500
330 0.056000 0.066049 4500
331 0.052889 0.066009 4500
332 0.056000 0.065979 4500
333 0.056444 0.065951 4500
334 0.052889 0.065912 4500
335 0.053333 0.065874 4500
336 0.048000 0.065821 4500
337 0.053333 0.065784 4500
338 0.055556 0.065754 4500
339 0.053778 0.065719 4500
340 0.054222 0.065685 4500
341 0.058667 0.065665 4500
342 0.051111 0.065622 4500
343 0.056444 0.065596 4500
344 0.056444 0.065569 4500
345 0.055111 0.065539 4500
346 0.061778 0.065528 4500
347 0.056444 0.065502 4500
348 0.055556 0.065473 4500
349 0.053778 0.065440 4500
350 0.055556 0.065412 4500
351 0.051556 0.065372 4500
352 0.059111 0.065355 4500
353 0.048000 0.065306 4500
354 0.056889 0.065282 4500
355 0.048889 0.065236 4500
356 0.054222 0.065205 4500
357 0.059556 0.065189 4500
358 0.052444 0.065154 4500
359 0.052000 0.065117 4500
360 0.049333 0.065074 4500
361 0.065778 0.065076 4500
362 0.054222 0.065046 4500
363 0.055111 0.065018 4500
364 0.056444 0.064995 4500
365 0.049333 0.064952 4500
366 0.049778 0.064911 4500
367 0.050667 0.064872 4500
368 0.056889 0.064850 4500
369 0.048889 0.064807 4500
370 0.046667 0.064758 4500
371 0.053333 0.064728 4500
372 0.052889 0.064696 4500
373 0.047111 0.064649 4500
374 0.055111 0.064623 4500
375 0.056000 0.064600 4500
376 0.052000 0.064567 4500
377 0.056444 0.064546 4500
378 0.055111 0.064521 4500
379 0.052444 0.064489 4500
380 0.045333 0.064439 4500
381 0.048000 0.064396 4500
382 0.057778 0.064378 4500
383 0.048444 0.064337 4500
384 0.055556 0.064314 4500
385 0.050222 0.064277 4500
386 0.048000 0.064235 4500
387 0.048889 0.064196 4500
388 0.054667 0.064171 4500
389 0.047556 0.064129 4500
390 0.050222 0.064093 4500
391 0.053778 0.064067 4500
392 0.048889 0.064028 4500
393 0.051111 0.063995 4500
394 0.054667 0.063972 4500
395 0.054667 0.063948 4500
396 0.048889 0.063910 4500
397 0.049333 0.063874 4500
398 0.052000 0.063844 4500
399 0.049778 0.063809 4500
400 0.044889 0.063762 4500
401 0.048889 0.063725 4500
402 0.053333 0.063699 4500
403 0.050222 0.063666 4500
404 0.055556 0.063646 4500
405 0.051556 0.063616 4500
406 0.044000 0.063568 4500
407 0.050667 0.063536 4500
408 0.054667 0.063514 4500
409 0.045778 0.063471 4500
410 0.046667 0.063430 4500
411 0.055556 0.063411 4500
412 0.057778 0.063397 4500
413 0.051556 0.063369 4500
414 0.050667 0.063338 4500
415 0.049333 0.063304 4500
416 0.051111 0.063275 4500
417 0.051556 0.063247 4500
418 0.055556 0.063229 4500
419 0.054667 0.063208 4500
420 0.051111 0.063180 4500
421 0.045778 0.063138 4500
422 0.045778 0.063097 4500
423 0.052000 0.063071 4500
424 0.050222 0.063041 4500
425 0.052000 0.063015 4500
426 0.049333 0.062983 4500
427 0.044889 0.062941 4500
428 0.049778 0.062910 4500
429 0.051556 0.062884 4500
430 0.044444 0.062841 4500
431 0.048889 0.062809 4500
432 0.049333 0.062778 4500
433 0.049778 0.062748 4500
434 0.048444 0.062715 4500
435 0.049333 0.062684 4500
436 0.048000 0.062650 4500
437 0.048000 0.062617 4500
438 0.048889 0.062586 4500
439 0.048889 0.062555 4500
440 0.048889 0.062524 4500
441 0.053333 0.062503 4500
442 0.050222 0.062475 4500
443 0.048000 0.062442 4500
444 0.048444 0.062411 4500
445 0.052444 0.062389 4500
446 0.049333 0.062359 4500
447 0.048889 0.062329 4500
448 0.051556 0.062305 4500
449 0.051111 0.062280 4500
450 0.052444 0.062259 4500
451 0.047111 0.062225 4500
452 0.054222 0.062208 4500
453 0.046222 0.062172 4500
454 0.045778 0.062136 4500
455 0.046667 0.062102 4500
456 0.047556 0.062071 4500
457 0.048444 0.062041 4500
458 0.053778 0.062023 4500
459 0.054222 0.062006 4500
460 0.044000 0.061967 4500
461 0.052000 0.061945 4500
462 0.038667 0.061895 4500
463 0.047556 0.061864 4500
464 0.050667 0.061840 4500
465 0.044444 0.061803 4500
466 0.048889 0.061775 4500
467 0.047556 0.061745 4500
468 0.045333 0.061710 4500
469 0.049333 0.061683 4500
470 0.049778 0.061658 4500
471 0.052000 0.061637 4500
472 0.051111 0.061615 4500
473 0.047556 0.061586 4500
474 0.051111 0.061564 4500
475 0.047111 0.061533 4500
476 0.046222 0.061501 4500
477 0.051111 0.061479 4500
478 0.052889 0.061461 4500
479 0.054667 0.061447 4500
480 0.045778 0.061415 4500
481 0.045333 0.061381 4500
482 0.043111 0.061343 4500
483 0.040444 0.061300 4500
484 0.053778 0.061285 4500
485 0.042667 0.061246 4500
486 0.043556 0.061210 4500
487 0.044444 0.061176 4500
488 0.051111 0.061155 4500
489 0.048889 0.061130 4500
490 0.042667 0.061093 4500
491 0.047556 0.061065 4500
492 0.044444 0.061031 4500
493 0.042667 0.060994 4500
494 0.052000 0.060976 4500
495 0.051556 0.060957 4500
496 0.046667 0.060928 4500
497 0.047556 0.060901 4500
498 0.049333 0.060878 4500
499 0.048889 0.060854 4500
500 0.043111 0.060819 4500
501 0.054667 0.060807 4500
502 0.056889 0.060799 4500
503 0.047556 0.060772 4500
504 0.046667 0.060745 4500
505 0.043556 0.060711 4500
506 0.048889 0.060687 4500
507 0.052000 0.060670 4500
508 0.055111 0.060659 4500
509 0.051556 0.060641 4500
510 0.048444 0.060618 4500
511 0.044444 0.060586 4500
512 0.050667 0.060567 4500
513 0.052444 0.060551 4500
514 0.044000 0.060519 4500
515 0.050222 0.060499 4500
516 0.045778 0.060470 4500
517 0.043111 0.060437 4500
518 0.047111 0.060411 4500
519 0.040889 0.060374 4500
520 0.048444 0.060351 4500
521 0.052889 0.060336 4500
522 0.046667 0.060310 4500
523 0.048889 0.060288 4500
524 0.044000 0.060257 4500
525 0.047556 0.060233 4500
526 0.047111 0.060208 4500
527 0.054667 0.060198 4500
528 0.042667 0.060165 4500
529 0.044444 0.060135 4500
530 0.046667 0.060110 4500
531 0.048889 0.060089 4500
532 0.050667 0.060071 4500
533 0.040444 0.060034 4500
534 0.040000 0.059997 4500
535 0.042667 0.059964 4500
536 0.049333 0.059945 4500
537 0.051556 0.059929 4500
538 0.042667 0.059897 4500
539 0.047111 0.059873 4500
540 0.042222 0.059841 4500
541 0.043556 0.059811 4500
542 0.047111 0.059787 4500
543 0.050222 0.059770 4500
544 0.046222 0.059745 4500
545 0.050222 0.059727 4500
546 0.045778 0.059702 4500
547 0.048889 0.059682 4500
548 0.047556 0.059660 4500
549 0.050222 0.059643 4500
550 0.048000 0.059622 4500
551 0.045333 0.059596 4500
552 0.046222 0.059572 4500
553 0.046222 0.059548 4500
554 0.044889 0.059521 4500
555 0.044000 0.059493 4500
556 0.045333 0.059468 4500
557 0.046667 0.059445 4500
558 0.044000 0.059417 4500
559 0.045778 0.059393 4500
560 0.042667 0.059363 4500
561 0.050667 0.059348 4500
562 0.039111 0.059312 4500
563 0.041778 0.059281 4500
564 0.050667 0.059265 4500
565 0.044444 0.059239 4500
566 0.049333 0.059222 4500
567 0.045778 0.059198 4500
568 0.044000 0.059171 4500
569 0.048000 0.059152 4500
570 0.044000 0.059125 4500
571 0.047111 0.059104 4500
572 0.045333 0.059080 4500
573 0.039111 0.059045 4500
574 0.040889 0.059014 4500
575 0.048000 0.058995 4500
576 0.046667 0.058973 4500
577 0.048444 0.058955 4500
578 0.048889 0.058938 4500
579 0.044000 0.058912 4500
580 0.038222 0.058876 4500
581 0.045333 0.058853 4500
582 0.048000 0.058834 4500
583 0.042667 0.058807 4500
584 0.045778 0.058784 4500
585 0.047556 0.058765 4500
586 0.043111 0.058739 4500
587 0.040444 0.058707 4500
588 0.040889 0.058677 4500
589 0.043556 0.058652 4500
590 0.040000 0.058620 4500
591 0.050222 0.058606 4500
592 0.037778 0.058571 4500
593 0.044444 0.058547 4500
594 0.048444 0.058530 4500
595 0.040444 0.058500 4500
596 0.040444 0.058469 4500
597 0.045778 0.058448 4500
598 0.040889 0.058419 4500
599 0.036444 0.058382 4500
600 0.040444 0.058352 4500
601 0.046667 0.058333 4500
602 0.043111 0.058308 4500
603 0.041778 0.058280 4500
604 0.036889 0.058245 4500
605 0.039111 0.058213 4500
606 0.040444 0.058184 4500
607 0.044000 0.058161 4500
608 0.036444 0.058125 4500
609 0.044000 0.058102 4500
610 0.035111 0.058064 4500
611 0.044444 0.058042 4500
612 0.042667 0.058017 4500
613 0.042667 0.057992 4500
614 0.045778 0.057972 4500
615 0.044444 0.057950 4500
616 0.036444 0.057915 4500
617 0.036444 0.057881 4500
618 0.042667 0.057856 4500
619 0.043556 0.057833 4500
620 0.044000 0.057811 4500
621 0.041333 0.057784 4500
622 0.038667 0.057754 4500
623 0.041778 0.057728 4500
624 0.039556 0.057699 4500
625 0.041333 0.057673 4500
626 0.048889 0.057659 4500
627 0.038222 0.057628 4500
628 0.036889 0.057595 4500
629 0.043111 0.057572 4500
630 0.044000 0.057550 4500
631 0.039111 0.057521 4500
632 0.039556 0.057493 4500
633 0.034222 0.057456 4500
634 0.048000 0.057441 4500
635 0.044444 0.057421 4500
636 0.043111 0.057398 4500
637 0.040889 0.057372 4500
638 0.045333 0.057354 4500
639 0.038222 0.057324 4500
640 0.034667 0.057288 4500
641 0.041333 0.057263 4500
642 0.046222 0.057246 4500
643 0.036889 0.057215 4500
644 0.040000 0.057188 4500
645 0.040889 0.057163 4500
646 0.043556 0.057142 4500
647 0.041333 0.057117 4500
648 0.036889 0.057086 4500
649 0.041778 0.057063 4500
650 0.042222 0.057040 4500
651 0.036444 0.057008 4500
652 0.041778 0.056985 4500
653 0.038667 0.056957 4500
654 0.040000 0.056931 4500
655 0.036444 0.056900 4500
656 0.040444 0.056875 4500
657 0.036889 0.056844 4500
658 0.048889 0.056832 4500
659 0.044444 0.056813 4500
660 0.038667 0.056786 4500
661 0.041333 0.056763 4500
662 0.042667 0.056741 4500
663 0.047111 0.056727 4500
664 0.044444 0.056708 4500
665 0.040000 0.056683 4500
666 0.039556 0.056658 4500
667 0.040000 0.056633 4500
668 0.043556 0.056613 4500
669 0.043556 0.056594 4500
670 0.042222 0.056572 4500
671 0.037333 0.056544 4500
672 0.039111 0.056518 4500
673 0.040000 0.056493 4500
674 0.041778 0.056471 4500
675 0.041778 0.056450 4500
676 0.041778 0.056428 4500
677 0.046222 0.056413 4500
678 0.040000 0.056389 4500
679 0.032889 0.056354 4500
680 0.040889 0.056332 4500
681 0.042667 0.056312 4500
682 0.040000 0.056288 4500
683 0.038667 0.056262 4500
684 0.049333 0.056252 4500
685 0.043556 0.056233 4500
686 0.044444 0.056216 4500
687 0.035556 0.056186 4500
688 0.046667 0.056172 4500
689 0.036000 0.056143 4500
690 0.039111 0.056118 4500
691 0.045778 0.056103 4500
692 0.034667 0.056072 4500
693 0.042667 0.056053 4500
694 0.039556 0.056029 4500
695 0.043556 0.056011 4500
696 0.040000 0.055989 4500
697 0.038222 0.055963 4500
698 0.033778 0.055931 4500
699 0.039556 0.055908 4500
700 0.043111 0.055890 4500
701 0.036000 0.055861 4500
702 0.036000 0.055833 4500
703 0.034667 0.055803 4500
704 0.037778 0.055777 4500
705 0.040444 0.055756 4500
706 0.041778 0.055736 4500
707 0.037333 0.055710 4500
708 0.039111 0.055687 4500
709 0.043556 0.055669 4500
710 0.039556 0.055647 4500
711 0.044444 0.055631 4500
712 0.042222 0.055612 4500
713 0.044000 0.055596 4500
714 0.039556 0.055574 4500
715 0.045333 0.055559 4500
716 0.036889 0.055533 4500
717 0.042667 0.055515 4500
718 0.033778 0.055485 4500
719 0.035111 0.055457 4500
720 0.040889 0.055437 4500
721 0.041778 0.055418 4500
722 0.039556 0.055396 4500
723 0.036444 0.055370 4500
724 0.038667 0.055347 4500
725 0.036444 0.055320 4500
726 0.043556 0.055304 4500
727 0.044000 0.055289 4500
728 0.034667 0.055260 4500
729 0.030667 0.055227 4500
730 0.036444 0.055201 4500
731 0.042222 0.055183 4500
732 0.042667 0.055166 4500
733 0.038667 0.055144 4500
734 0.040000 0.055123 4500
735 0.032000 0.055092 4500
736 0.039111 0.055070 4500
737 0.040000 0.055050 4500
738 0.040000 0.055029 4500
739 0.041778 0.055011 4500
740 0.037778 0.054988 4500
741 0.039111 0.054967 4500
742 0.037778 0.054944 4500
743 0.041778 0.054926 4500
744 0.040444 0.054906 4500
745 0.038667 0.054885 4500
746 0.038222 0.054862 4500
747 0.038667 0.054841 4500
748 0.042667 0.054825 4500
749 0.033333 0.054796 4500
750 0.033778 0.054768 4500
751 0.044000 0.054754 4500
752 0.038667 0.054732 4500
753 0.036444 0.054708 4500
754 0.028000 0.054673 4500
755 0.032444 0.054643 4500
756 0.042222 0.054627 4500
757 0.036889 0.054603 4500
758 0.035556 0.054578 4500
759 0.034667 0.054552 4500
760 0.034667 0.054526 4500
761 0.037333 0.054503 4500
762 0.038667 0.054483 4500
763 0.036000 0.054458 4500
764 0.028000 0.054424 4500
765 0.034222 0.054397 4500
766 0.038667 0.054377 4500
767 0.031556 0.054347 4500
768 0.036444 0.054324 4500
769 0.034222 0.054298 4500
770 0.038667 0.054278 4500
771 0.037778 0.054256 4500
772 0.037778 0.054235 4500
773 0.034667 0.054210 4500
774 0.033333 0.054183 4500
775 0.041778 0.054167 4500
776 0.036444 0.054144 4500
777 0.036444 0.054121 4500
778 0.038667 0.054101 4500
779 0.031111 0.054072 4500
780 0.032889 0.054045 4500
781 0.035111 0.054020 4500
782 0.033333 0.053994 4500
783 0.035556 0.053971 4500
784 0.034667 0.053946 4500
785 0.032000 0.053918 4500
786 0.032889 0.053891 4500
787 0.031556 0.053863 4500
788 0.032000 0.053835 4500
789 0.040444 0.053818 4500
790 0.035556 0.053795 4500
791 0.041333 0.053779 4500
792 0.041778 0.053764 4500
793 0.039111 0.053746 4500
794 0.039556 0.053728 4500
795 0.032889 0.053702 4500
796 0.034667 0.053678 4500
797 0.039111 0.053660 4500
798 0.038222 0.053640 4500
799 0.043111 0.053627 4500
800 0.034222 0.053603 4500
801 0.031111 0.053575 4500
802 0.036444 0.053554 4500
803 0.034667 0.053530 4500
804 0.036889 0.053509 4500
805 0.035111 0.053487 4500
806 0.028444 0.053456 4500
807 0.039556 0.053438 4500
808 0.032000 0.053412 4500
809 0.032444 0.053386 4500
810 0.032444 0.053360 4500
811 0.031556 0.053333 4500
812 0.036889 0.053313 4500
813 0.031556 0.053286 4500
814 0.028444 0.053256 4500
815 0.034667 0.053233 4500
816 0.038222 0.053215 4500
817 0.038667 0.053197 4500
818 0.035556 0.053175 4500
819 0.033778 0.053152 4500
820 0.032000 0.053126 4500
821 0.033333 0.053102 4500
822 0.034667 0.053080 4500
823 0.027556 0.053049 4500
824 0.032889 0.053024 4500
825 0.037778 0.053006 4500
826 0.030222 0.052978 4500
827 0.031556 0.052952 4500
828 0.032444 0.052927 4500
829 0.034222 0.052905 4500
830 0.034222 0.052882 4500
831 0.035556 0.052862 4500
832 0.024889 0.052828 4500
833 0.039556 0.052812 4500
834 0.037778 0.052794 4500
835 0.034222 0.052772 4500
836 0.034222 0.052750 4500
837 0.035556 0.052729 4500
838 0.024889 0.052696 4500
839 0.033778 0.052674 4500
840 0.028444 0.052645 4500
841 0.030667 0.052619 4500
842 0.032000 0.052594 4500
843 0.035111 0.052573 4500
844 0.033333 0.052551 4500
845 0.036000 0.052531 4500
846 0.039556 0.052516 4500
847 0.027556 0.052486 4500
848 0.038222 0.052470 4500
849 0.034667 0.052449 4500
850 0.034667 0.052428 4500
851 0.024444 0.052395 4500
852 0.036000 0.052376 4500
853 0.034667 0.052355 4500
854 0.040889 0.052342 4500
855 0.036889 0.052323 4500
856 0.030222 0.052298 4500
857 0.036444 0.052279 4500
858 0.033333 0.052257 4500
859 0.037778 0.052240 4500
860 0.039556 0.052226 4500
861 0.034222 0.052205 4500
862 0.040889 0.052192 4500
863 0.029778 0.052166 4500
864 0.037333 0.052148 4500
865 0.035556 0.052129 4500
866 0.037333 0.052112 4500
867 0.027556 0.052084 4500
868 0.031111 0.052060 4500
869 0.029333 0.052034 4500
870 0.031111 0.052010 4500
871 0.034222 0.051989 4500
872 0.026667 0.051960 4500
873 0.032889 0.051938 4500
874 0.036444 0.051921 4500
875 0.034667 0.051901 4500
876 0.037333 0.051884 4500
877 0.032000 0.051862 4500
878 0.034222 0.051842 4500
879 0.032000 0.051819 4500
880 0.031556 0.051796 4500
881 0.038222 0.051781 4500
882 0.029333 0.051755 4500
883 0.036000 0.051738 4500
884 0.038667 0.051723 4500
885 0.032000 0.051701 4500
886 0.033778 0.051680 4500
887 0.031111 0.051657 4500
888 0.028889 0.051632 4500
889 0.028444 0.051605 4500
890 0.032444 0.051584 4500
891 0.036000 0.051567 4500
892 0.033333 0.051546 4500
893 0.031556 0.051524 4500
894 0.032444 0.051502 4500
895 0.033778 0.051483 4500
896 0.033333 0.051462 4500
897 0.027556 0.051436 4500
898 0.026222 0.051408 4500
899 0.032444 0.051387 4500
900 0.031111 0.051364 4500
901 0.024444 0.051334 4500
902 0.036000 0.051317 4500
903 0.031111 0.051295 4500
904 0.028000 0.051269 4500
905 0.027556 0.051243 4500
906 0.032000 0.051222 4500
907 0.033778 0.051203 4500
908 0.026222 0.051175 4500
909 0.030222 0.051152 4500
910 0.036889 0.051136 4500
911 0.032444 0.051116 4500
912 0.028000 0.051091 4500
913 0.032444 0.051070 4500
914 0.026667 0.051044 4500
915 0.027556 0.051018 4500
916 0.032000 0.050997 4500
917 0.028000 0.050972 4500
918 0.032889 0.050952 4500
919 0.027111 0.050927 4500
920 0.033778 0.050908 4500
921 0.028000 0.050883 4500
922 0.028889 0.050859 4500
923 0.027111 0.050834 4500
924 0.040444 0.050822 4500
925 0.038667 0.050809 4500
926 0.034667 0.050792 4500
927 0.030667 0.050770 4500
928 0.033778 0.050752 4500
929 0.032000 0.050732 4500
930 0.031111 0.050711 4500
931 0.036889 0.050696 4500
932 0.033333 0.050677 4500
933 0.029333 0.050654 4500
934 0.032444 0.050635 4500
935 0.025333 0.050608 4500
936 0.032444 0.050588 4500
937 0.032000 0.050569 4500
938 0.029333 0.050546 4500
939 0.037778 0.050532 4500
940 0.033778 0.050515 4500
941 0.025333 0.050488 4500
942 0.036889 0.050473 4500
943 0.031111 0.050453 4500
944 0.028444 0.050430 4500
945 0.035556 0.050414 4500
946 0.036889 0.050400 4500
947 0.041333 0.050390 4500
948 0.025333 0.050364 4500
949 0.036444 0.050349 4500
950 0.033333 0.050331 4500
951 0.030667 0.050310 4500
952 0.029333 0.050288 4500
953 0.031556 0.050269 4500
954 0.035111 0.050253 4500
955 0.030222 0.050232 4500
956 0.034667 0.050216 4500
957 0.036889 0.050202 4500
958 0.035556 0.050187 4500
959 0.025333 0.050161 4500
960 0.030667 0.050140 4500
961 0.031111 0.050121 4500
962 0.030667 0.050100 4500
963 0.032444 0.050082 4500
964 0.030222 0.050061 4500
965 0.026222 0.050037 4500
966 0.030667 0.050017 4500
967 0.029778 0.049996 4500
968 0.026667 0.049972 4500
969 0.028889 0.049950 4500
970 0.030667 0.049930 4500
971 0.026222 0.049906 4500
972 0.026667 0.049882 4500
973 0.024889 0.049856 4500
974 0.025333 0.049831 4500
975 0.029333 0.049810 4500
976 0.031111 0.049791 4500
977 0.024000 0.049765 4500
978 0.032444 0.049747 4500
979 0.028000 0.049725 4500
980 0.033778 0.049708 4500
981 0.029333 0.049688 4500
982 0.036889 0.049675 4500
983 0.024444 0.049649 4500
984 0.027111 0.049626 4500
985 0.030667 0.049607 4500
986 0.028889 0.049586 4500
987 0.027556 0.049564 4500
988 0.022667 0.049536 4500
989 0.037333 0.049524 4500
990 0.026667 0.049501 4500
991 0.029333 0.049481 4500
992 0.032889 0.049464 4500
993 0.030667 0.049445 4500
994 0.023556 0.049419 4500
995 0.027111 0.049397 4500
996 0.027556 0.049375 4500
997 0.024889 0.049350 4500
998 0.025778 0.049327 4500
999 0.029778 0.049307 4500
