0 0.082667 0.082667 4500
1 0.080889 0.081778 4500
2 0.086222 0.083259 4500
3 0.087111 0.084222 4500
4 0.084889 0.084356 4500
5 0.086667 0.084741 4500
6 0.087111 0.085079 4500
7 0.085333 0.085111 4500
8 0.084889 0.085086 4500
9 0.082667 0.084844 4500
10 0.083556 0.084727 4500
11 0.084000 0.084667 4500
12 0.083111 0.084547 4500
13 0.086667 0.084698 4500
14 0.086222 0.084800 4500
15 0.085778 0.084861 4500
16 0.088000 0.085046 4500
17 0.088000 0.085210 4500
18 0.085333 0.085216 4500
19 0.083556 0.085133 4500
20 0.085778 0.085164 4500
21 0.086667 0.085232 4500
22 0.088889 0.085391 4500
23 0.087111 0.085463 4500
24 0.084000 0.085404 4500
25 0.087556 0.085487 4500
26 0.087111 0.085547 4500
27 0.089778 0.085698 4500
28 0.084889 0.085670 4500
29 0.083111 0.085585 4500
30 0.083556 0.085520 4500
31 0.085333 0.085514 4500
32 0.086222 0.085535 4500
33 0.089333 0.085647 4500
34 0.085333 0.085638 4500
35 0.085333 0.085630 4500
36 0.086667 0.085658 4500
37 0.084444 0.085626 4500
38 0.086222 0.085641 4500
39 0.086222 0.085656 4500
40 0.082667 0.085583 4500
41 0.081333 0.085481 4500
42 0.087111 0.085519 4500
43 0.084444 0.085495 4500
44 0.087111 0.085531 4500
45 0.085333 0.085527 4500
46 0.086222 0.085541 4500
47 0.088000 0.085593 4500
48 0.084889 0.085578 4500
49 0.084444 0.085556 4500
50 0.087111 0.085586 4500
51 0.087556 0.085624 4500
52 0.080889 0.085535 4500
53 0.089333 0.085605 4500
54 0.087111 0.085632 4500
55 0.089778 0.085706 4500
56 0.084444 0.085684 4500
57 0.084000 0.085655 4500
58 0.086667 0.085672 4500
59 0.081778 0.085607 4500
60 0.088444 0.085654 4500
61 0.086222 0.085663 4500
62 0.085333 0.085658 4500
63 0.088444 0.085701 4500
64 0.086222 0.085709 4500
65 0.087111 0.085731 4500
66 0.083111 0.085692 4500
67 0.088889 0.085739 4500
68 0.084444 0.085720 4500
69 0.082222 0.085670 4500
70 0.085333 0.085665 4500
71 0.082667 0.085623 4500
72 0.084889 0.085613 4500
73 0.084444 0.085598 4500
74 0.085333 0.085594 4500
75 0.087111 0.085614 4500
76 0.084444 0.085599 4500
77 0.082222 0.085556 4500
78 0.084000 0.085536 4500
79 0.084444 0.085522 4500
80 0.087556 0.085547 4500
81 0.090222 0.085604 4500
82 0.086667 0.085617 4500
83 0.084889 0.085608 4500
84 0.085778 0.085610 4500
85 0.084000 0.085592 4500
86 0.083556 0.085568 4500
87 0.083556 0.085545 4500
88 0.084000 0.085528 4500
89 0.083111 0.085501 4500
90 0.082222 0.085465 4500
91 0.084000 0.085449 4500
92 0.075556 0.085343 4500
93 0.083556 0.085324 4500
94 0.087556 0.085347 4500
95 0.084889 0.085343 4500
96 0.083111 0.085320 4500
97 0.085778 0.085324 4500
98 0.079111 0.085262 4500
99 0.086222 0.085271 4500
