0 0.081778 0.081778 4500
1 0.084444 0.083111 4500
2 0.087556 0.084593 4500
3 0.087111 0.085222 4500
4 0.086222 0.085422 4500
5 0.086667 0.085630 4500
6 0.086222 0.085714 4500
7 0.081333 0.085167 4500
8 0.085778 0.085235 4500
9 0.086222 0.085333 4500
10 0.083111 0.085131 4500
11 0.084000 0.085037 4500
12 0.080444 0.084684 4500
13 0.089778 0.085048 4500
14 0.086667 0.085156 4500
15 0.089333 0.085417 4500
16 0.087556 0.085542 4500
17 0.086667 0.085605 4500
18 0.085333 0.085591 4500
19 0.084889 0.085556 4500
20 0.088444 0.085693 4500
21 0.089778 0.085879 4500
22 0.090222 0.086068 4500
23 0.087111 0.086111 4500
24 0.087556 0.086169 4500
25 0.086222 0.086171 4500
26 0.088444 0.086255 4500
27 0.087111 0.086286 4500
28 0.084000 0.086207 4500
29 0.085778 0.086193 4500
30 0.085778 0.086179 4500
31 0.084000 0.086111 4500
32 0.088000 0.086168 4500
33 0.086667 0.086183 4500
34 0.080889 0.086032 4500
35 0.087556 0.086074 4500
36 0.088889 0.086150 4500
37 0.080889 0.086012 4500
38 0.086667 0.086028 4500
39 0.088000 0.086078 4500
40 0.084889 0.086049 4500
41 0.083111 0.085979 4500
42 0.087111 0.086005 4500
43 0.081778 0.085909 4500
44 0.089778 0.085995 4500
45 0.081778 0.085903 4500
46 0.088000 0.085948 4500
47 0.089778 0.086028 4500
48 0.084889 0.086005 4500
49 0.085333 0.085991 4500
50 0.086667 0.086004 4500
51 0.084889 0.085983 4500
52 0.087111 0.086004 4500
53 0.092000 0.086115 4500
54 0.082667 0.086053 4500
55 0.090667 0.086135 4500
56 0.087111 0.086152 4500
57 0.086667 0.086161 4500
58 0.084000 0.086124 4500
59 0.084000 0.086089 4500
60 0.086222 0.086091 4500
61 0.087556 0.086115 4500
62 0.084000 0.086081 4500
63 0.084889 0.086063 4500
64 0.087111 0.086079 4500
65 0.084444 0.086054 4500
66 0.083556 0.086017 4500
67 0.084000 0.085987 4500
68 0.084444 0.085965 4500
69 0.085778 0.085962 4500
70 0.084889 0.085947 4500
71 0.084889 0.085932 4500
72 0.081778 0.085875 4500
73 0.086222 0.085880 4500
74 0.085333 0.085873 4500
75 0.086667 0.085883 4500
76 0.082222 0.085835 4500
77 0.083556 0.085806 4500
78 0.084889 0.085795 4500
79 0.086222 0.085800 4500
80 0.083556 0.085772 4500
81 0.087111 0.085789 4500
82 0.087111 0.085805 4500
83 0.086667 0.085815 4500
84 0.082222 0.085773 4500
85 0.083556 0.085747 4500
86 0.087111 0.085762 4500
87 0.081778 0.085717 4500
88 0.083111 0.085688 4500
89 0.082222 0.085649 4500
90 0.083111 0.085621 4500
91 0.082667 0.085589 4500
92 0.076444 0.085491 4500
93 0.086222 0.085499 4500
94 0.084000 0.085483 4500
95 0.081778 0.085444 4500
96 0.084444 0.085434 4500
97 0.085778 0.085438 4500
98 0.081333 0.085396 4500
99 0.083556 0.085378 4500
