0 0.082667 0.082667 4500
1 0.012444 0.047556 4500
2 0.016889 0.037333 4500
3 0.006222 0.029556 4500
4 0.006222 0.024889 4500
5 0.003556 0.021333 4500
6 0.009778 0.019683 4500
7 0.004444 0.017778 4500
8 0.000444 0.015852 4500
9 0.011556 0.015422 4500
10 0.003556 0.014343 4500
11 0.008889 0.013889 4500
12 0.003556 0.013094 4500
13 -0.000889 0.012095 4500
14 0.001778 0.011407 4500
15 0.001778 0.010806 4500
16 0.001333 0.010248 4500
17 0.002222 0.009802 4500
18 0.001333 0.009357 4500
19 -0.004889 0.008644 4500
20 0.001333 0.008296 4500
21 0.000889 0.007960 4500
22 0.007111 0.007923 4500
23 0.003111 0.007722 4500
24 0.000889 0.007449 4500
25 0.005778 0.007385 4500
26 -0.008000 0.006815 4500
27 0.002222 0.006651 4500
28 0.002667 0.006513 4500
29 -0.000889 0.006267 4500
30 -0.007111 0.005835 4500
31 0.006222 0.005847 4500
32 -0.001778 0.005616 4500
33 0.005778 0.005621 4500
34 0.000889 0.005486 4500
35 -0.003111 0.005247 4500
36 0.005778 0.005261 4500
37 0.001333 0.005158 4500
38 0.001333 0.005060 4500
39 -0.003111 0.004856 4500
40 0.000444 0.004748 4500
41 -0.003556 0.004550 4500
42 0.004000 0.004537 4500
43 -0.004444 0.004333 4500
44 0.005778 0.004365 4500
45 0.005333 0.004386 4500
46 0.006667 0.004435 4500
47 0.000889 0.004361 4500
48 -0.000889 0.004254 4500
49 0.003111 0.004231 4500
50 -0.005778 0.004035 4500
51 -0.003556 0.003889 4500
52 0.000444 0.003824 4500
53 -0.000444 0.003745 4500
54 0.003111 0.003733 4500
55 0.006667 0.003786 4500
56 -0.001333 0.003696 4500
57 0.006667 0.003747 4500
58 0.003111 0.003736 4500
59 0.002222 0.003711 4500
60 0.007556 0.003774 4500
61 -0.002667 0.003670 4500
62 0.001333 0.003633 4500
63 -0.004444 0.003507 4500
64 -0.003111 0.003405 4500
65 0.000444 0.003360 4500
66 0.006222 0.003403 4500
67 -0.000444 0.003346 4500
68 -0.001778 0.003272 4500
69 -0.002667 0.003187 4500
70 0.006222 0.003230 4500
71 -0.002222 0.003154 4500
72 -0.000889 0.003099 4500
73 0.004000 0.003111 4500
74 0.001778 0.003093 4500
75 -0.006222 0.002971 4500
76 -0.003111 0.002892 4500
77 0.001333 0.002872 4500
78 0.002667 0.002869 4500
79 0.000444 0.002839 4500
80 -0.006667 0.002722 4500
81 -0.001778 0.002667 4500
82 0.009778 0.002752 4500
83 -0.001778 0.002698 4500
84 0.001778 0.002688 4500
85 -0.012000 0.002517 4500
86 -0.008000 0.002396 4500
87 -0.004000 0.002323 4500
88 0.000444 0.002302 4500
89 0.002667 0.002306 4500
90 0.008889 0.002379 4500
91 -0.003556 0.002314 4500
92 -0.008889 0.002194 4500
93 -0.000889 0.002161 4500
94 0.003111 0.002171 4500
95 0.006667 0.002218 4500
96 -0.008444 0.002108 4500
97 -0.001333 0.002073 4500
98 0.000000 0.002052 4500
99 -0.000444 0.002027 4500
