0 1.000000 1.000000
1 -0.008000 0.496000
2 -0.104000 0.296000
3 0.068000 0.239000
4 -0.008000 0.189600
5 0.040000 0.164667
6 0.024000 0.144571
7 -0.024000 0.123500
8 -0.024000 0.107111
9 0.008000 0.097200
10 -0.056000 0.083273
11 -0.004000 0.076000
12 0.016000 0.071385
13 -0.028000 0.064286
14 0.032000 0.062133
15 0.056000 0.061750
16 0.000000 0.058118
17 -0.016000 0.054000
18 0.032000 0.052842
19 0.044000 0.052400
20 0.000000 0.049905
21 0.020000 0.048545
22 -0.004000 0.046261
23 0.012000 0.044833
24 0.000000 0.043040
25 -0.036000 0.040000
26 -0.064000 0.036148
27 0.012000 0.035286
28 -0.020000 0.033379
29 -0.012000 0.031867
30 -0.040000 0.029548
31 -0.008000 0.028375
32 0.036000 0.028606
33 0.052000 0.029294
34 -0.040000 0.027314
35 -0.016000 0.026111
36 0.016000 0.025838
37 0.076000 0.027158
38 0.036000 0.027385
39 -0.048000 0.025500
40 -0.028000 0.024195
41 -0.008000 0.023429
42 0.000000 0.022884
43 -0.012000 0.022091
44 -0.032000 0.020889
45 -0.028000 0.019826
46 -0.044000 0.018468
47 0.036000 0.018833
48 0.084000 0.020163
49 0.020000 0.020160
50 -0.028000 0.019216
51 -0.048000 0.017923
52 0.044000 0.018415
53 -0.052000 0.017111
54 0.036000 0.017455
55 0.088000 0.018714
56 -0.036000 0.017754
57 -0.004000 0.017379
58 -0.064000 0.016000
59 0.000000 0.015733
60 -0.020000 0.015148
61 -0.080000 0.013613
62 -0.060000 0.012444
63 0.016000 0.012500
64 -0.012000 0.012123
65 -0.028000 0.011515
66 0.028000 0.011761
67 -0.008000 0.011471
68 0.068000 0.012290
69 0.016000 0.012343
70 0.028000 0.012563
71 -0.028000 0.012000
72 0.012000 0.012000
73 -0.032000 0.011405
74 0.052000 0.011947
75 -0.024000 0.011474
76 -0.020000 0.011065
77 0.044000 0.011487
78 -0.036000 0.010886
79 0.044000 0.011300
80 0.012000 0.011309
81 -0.072000 0.010293
82 -0.088000 0.009108
83 -0.024000 0.008714
84 -0.052000 0.008000
85 0.048000 0.008465
86 0.016000 0.008552
87 0.020000 0.008682
88 0.064000 0.009303
89 0.072000 0.010000
90 0.056000 0.010505
91 0.032000 0.010739
92 -0.012000 0.010495
93 -0.060000 0.009745
94 -0.040000 0.009221
95 0.016000 0.009292
96 0.020000 0.009402
97 0.072000 0.010041
98 -0.040000 0.009535
99 0.052000 0.009960
100 0.032000 0.010178
101 0.044000 0.010510
102 0.044000 0.010835
103 0.028000 0.011000
104 -0.016000 0.010743
105 -0.068000 0.010000
106 -0.100000 0.008972
107 -0.096000 0.008000
108 0.044000 0.008330
109 -0.080000 0.007527
110 -0.024000 0.007243
111 0.008000 0.007250
112 0.040000 0.007540
113 -0.016000 0.007333
114 0.028000 0.007513
115 -0.040000 0.007103
116 0.056000 0.007521
117 -0.008000 0.007390
118 -0.020000 0.007160
119 0.016000 0.007233
120 0.060000 0.007669
121 0.000000 0.007607
122 -0.008000 0.007480
123 0.012000 0.007516
124 0.028000 0.007680
125 -0.016000 0.007492
126 0.028000 0.007654
127 -0.004000 0.007562
128 0.024000 0.007690
129 0.068000 0.008154
130 -0.032000 0.007847
131 0.032000 0.008030
132 -0.004000 0.007940
133 -0.060000 0.007433
134 0.016000 0.007496
135 0.008000 0.007500
136 0.064000 0.007912
137 0.080000 0.008435
138 0.064000 0.008835
139 0.044000 0.009086
140 -0.048000 0.008681
141 -0.032000 0.008394
142 -0.068000 0.007860
143 -0.068000 0.007333
144 0.036000 0.007531
145 0.060000 0.007890
146 -0.088000 0.007238
147 0.008000 0.007243
148 0.016000 0.007302
149 0.040000 0.007520
150 0.040000 0.007735
151 -0.032000 0.007474
152 -0.032000 0.007216
153 -0.004000 0.007143
154 -0.028000 0.006916
155 0.032000 0.007077
156 0.020000 0.007159
157 -0.012000 0.007038
158 0.016000 0.007094
159 -0.024000 0.006900
160 0.040000 0.007106
161 0.020000 0.007185
162 0.048000 0.007436
163 -0.044000 0.007122
164 -0.028000 0.006909
165 0.064000 0.007253
166 0.028000 0.007377
167 -0.028000 0.007167
168 0.028000 0.007290
169 0.044000 0.007506
170 -0.024000 0.007322
171 0.052000 0.007581
172 0.000000 0.007538
173 -0.004000 0.007471
174 0.012000 0.007497
175 -0.032000 0.007273
176 -0.076000 0.006802
177 0.000000 0.006764
178 0.020000 0.006838
179 -0.060000 0.006467
180 -0.020000 0.006320
181 0.060000 0.006615
182 -0.016000 0.006492
183 0.056000 0.006761
184 0.032000 0.006897
185 0.004000 0.006882
186 -0.028000 0.006695
187 -0.004000 0.006638
188 0.076000 0.007005
189 0.016000 0.007053
190 -0.028000 0.006869
191 -0.040000 0.006625
192 -0.004000 0.006570
193 0.016000 0.006619
194 -0.016000 0.006503
195 -0.020000 0.006367
196 0.060000 0.006640
197 -0.016000 0.006525
198 0.012000 0.006553
199 -0.048000 0.006280
200 -0.100000 0.005751
201 -0.032000 0.005564
202 -0.072000 0.005182
203 0.052000 0.005412
204 0.096000 0.005854
205 -0.036000 0.005650
206 0.056000 0.005894
207 0.080000 0.006250
208 -0.004000 0.006201
209 -0.020000 0.006076
210 0.008000 0.006085
211 -0.080000 0.005679
212 0.004000 0.005671
213 -0.008000 0.005607
214 -0.044000 0.005377
215 -0.048000 0.005130
216 -0.024000 0.004995
217 0.024000 0.005083
218 0.012000 0.005114
219 0.044000 0.005291
220 0.012000 0.005321
221 0.012000 0.005351
222 0.040000 0.005507
223 -0.020000 0.005393
224 -0.008000 0.005333
225 -0.024000 0.005204
226 -0.048000 0.004969
227 -0.052000 0.004719
228 0.032000 0.004838
229 0.016000 0.004887
230 -0.008000 0.004831
231 -0.016000 0.004741
232 -0.060000 0.004464
233 -0.036000 0.004291
234 -0.004000 0.004255
235 -0.028000 0.004119
236 -0.040000 0.003932
237 -0.028000 0.003798
238 0.032000 0.003916
239 0.004000 0.003917
240 -0.068000 0.003618
241 0.072000 0.003901
242 -0.004000 0.003868
243 0.008000 0.003885
244 -0.036000 0.003722
245 0.028000 0.003821
246 -0.032000 0.003676
247 -0.028000 0.003548
248 0.056000 0.003759
249 0.032000 0.003872
250 0.068000 0.004127
251 0.060000 0.004349
252 0.008000 0.004364
253 0.032000 0.004472
254 0.076000 0.004753
255 -0.004000 0.004719
256 -0.008000 0.004669
257 0.000000 0.004651
258 -0.016000 0.004571
259 -0.064000 0.004308
260 0.000000 0.004291
261 -0.004000 0.004260
262 0.008000 0.004274
263 0.028000 0.004364
264 -0.028000 0.004242
265 0.080000 0.004526
266 -0.008000 0.004479
267 0.008000 0.004493
268 0.028000 0.004580
269 -0.036000 0.004430
270 -0.048000 0.004236
271 -0.016000 0.004162
272 0.092000 0.004484
273 0.016000 0.004526
274 0.008000 0.004538
275 0.048000 0.004696
276 -0.052000 0.004491
277 0.020000 0.004547
278 0.088000 0.004846
279 0.008000 0.004857
280 -0.020000 0.004769
281 0.024000 0.004837
282 0.024000 0.004905
283 0.024000 0.004972
284 0.024000 0.005039
285 -0.016000 0.004965
286 0.044000 0.005101
287 0.016000 0.005139
288 -0.020000 0.005052
289 -0.032000 0.004924
290 0.012000 0.004948
291 0.020000 0.005000
292 0.008000 0.005010
293 -0.052000 0.004816
294 0.116000 0.005193
295 0.056000 0.005365
296 -0.016000 0.005293
297 0.040000 0.005409
298 0.052000 0.005565
299 0.056000 0.005733
300 -0.004000 0.005701
301 0.044000 0.005828
302 -0.084000 0.005531
303 0.040000 0.005645
304 0.052000 0.005797
305 0.040000 0.005908
306 -0.044000 0.005746
307 -0.104000 0.005390
308 -0.044000 0.005230
309 0.048000 0.005368
310 0.012000 0.005389
311 -0.088000 0.005090
312 -0.016000 0.005022
313 0.012000 0.005045
314 -0.004000 0.005016
315 0.096000 0.005304
316 0.072000 0.005514
317 -0.032000 0.005396
318 0.028000 0.005467
319 -0.040000 0.005325
320 -0.052000 0.005146
321 0.016000 0.005180
322 -0.004000 0.005152
323 0.056000 0.005309
324 0.012000 0.005329
325 -0.012000 0.005276
326 0.072000 0.005480
327 0.004000 0.005476
328 -0.032000 0.005362
329 0.000000 0.005345
330 0.028000 0.005414
331 -0.052000 0.005241
332 -0.024000 0.005153
333 -0.016000 0.005090
334 -0.004000 0.005063
335 0.080000 0.005286
336 0.064000 0.005460
337 -0.008000 0.005420
338 -0.036000 0.005298
339 -0.052000 0.005129
340 0.032000 0.005208
341 -0.032000 0.005099
342 -0.032000 0.004991
343 -0.008000 0.004953
344 -0.008000 0.004916
345 -0.020000 0.004844
346 0.036000 0.004934
347 0.048000 0.005057
348 -0.040000 0.004928
349 -0.016000 0.004869
350 0.024000 0.004923
351 0.016000 0.004955
352 -0.008000 0.004918
353 -0.008000 0.004881
354 -0.028000 0.004789
355 0.004000 0.004787
356 0.064000 0.004952
357 0.052000 0.005084
358 0.032000 0.005159
359 0.028000 0.005222
360 -0.012000 0.005175
361 0.036000 0.005260
362 0.052000 0.005388
363 0.000000 0.005374
364 -0.004000 0.005348
365 -0.016000 0.005290
366 0.084000 0.005504
367 0.088000 0.005728
368 -0.048000 0.005583
369 -0.024000 0.005503
370 0.024000 0.005553
371 0.036000 0.005634
372 0.044000 0.005737
373 0.092000 0.005968
374 -0.028000 0.005877
375 -0.092000 0.005617
376 0.036000 0.005698
377 0.036000 0.005778
378 0.016000 0.005805
379 -0.008000 0.005768
380 0.052000 0.005890
381 -0.020000 0.005822
382 -0.008000 0.005786
383 0.104000 0.006042
384 0.052000 0.006161
385 0.008000 0.006166
386 -0.012000 0.006119
387 -0.020000 0.006052
388 0.096000 0.006283
389 0.032000 0.006349
390 0.032000 0.006414
391 -0.036000 0.006306
392 0.064000 0.006453
393 0.052000 0.006569
394 0.076000 0.006744
395 0.068000 0.006899
396 -0.032000 0.006801
397 -0.080000 0.006583
398 -0.064000 0.006406
399 0.036000 0.006480
400 0.056000 0.006603
401 -0.044000 0.006478
402 0.016000 0.006501
403 0.060000 0.006634
404 -0.024000 0.006558
405 -0.032000 0.006463
406 -0.064000 0.006290
407 0.024000 0.006333
408 0.052000 0.006445
409 -0.056000 0.006293
410 0.032000 0.006355
411 0.044000 0.006447
412 -0.036000 0.006344
413 -0.040000 0.006232
414 -0.016000 0.006178
415 0.036000 0.006250
416 -0.008000 0.006216
417 0.004000 0.006211
418 -0.024000 0.006138
419 0.000000 0.006124
420 -0.040000 0.006014
421 0.024000 0.006057
422 0.000000 0.006043
423 -0.032000 0.005953
424 -0.020000 0.005892
425 0.004000 0.005887
426 0.044000 0.005977
427 0.004000 0.005972
428 0.004000 0.005967
429 0.004000 0.005963
430 0.072000 0.006116
431 -0.040000 0.006009
432 0.052000 0.006115
433 0.024000 0.006157
434 -0.040000 0.006051
435 0.028000 0.006101
436 -0.032000 0.006014
437 0.052000 0.006119
438 -0.008000 0.006087
439 -0.056000 0.005945
440 0.044000 0.006032
441 0.092000 0.006226
442 -0.036000 0.006131
443 0.024000 0.006171
444 -0.032000 0.006085
445 -0.024000 0.006018
446 0.100000 0.006228
447 -0.008000 0.006196
448 -0.032000 0.006111
449 0.028000 0.006160
450 0.008000 0.006164
451 0.076000 0.006319
452 0.036000 0.006384
453 0.016000 0.006405
454 -0.016000 0.006356
455 -0.020000 0.006298
456 -0.016000 0.006249
457 0.024000 0.006288
458 -0.068000 0.006126
459 -0.012000 0.006087
460 -0.064000 0.005935
461 0.016000 0.005957
462 0.016000 0.005978
463 -0.008000 0.005948
464 0.084000 0.006116
465 0.028000 0.006163
466 0.024000 0.006201
467 0.044000 0.006282
468 0.008000 0.006286
469 0.008000 0.006289
470 -0.044000 0.006183
471 0.028000 0.006229
472 0.024000 0.006266
473 0.028000 0.006312
474 0.032000 0.006366
475 0.016000 0.006387
476 0.064000 0.006507
477 -0.044000 0.006402
478 0.040000 0.006472
479 -0.008000 0.006442
480 0.024000 0.006478
481 0.004000 0.006473
482 0.008000 0.006476
483 0.052000 0.006570
484 0.060000 0.006680
485 0.008000 0.006683
486 -0.028000 0.006612
487 0.000000 0.006598
488 0.024000 0.006634
489 0.060000 0.006743
490 0.012000 0.006754
491 0.000000 0.006740
492 -0.056000 0.006613
493 -0.012000 0.006575
494 0.016000 0.006594
495 0.080000 0.006742
496 0.052000 0.006833
497 0.000000 0.006819
498 -0.056000 0.006693
499 -0.016000 0.006648
