0 0.091556 0.091556 4500
1 0.032444 0.062000 4500
2 0.040889 0.054963 4500
3 0.033333 0.049556 4500
4 0.043556 0.048356 4500
5 0.042667 0.047407 4500
6 0.030667 0.045016 4500
7 0.026667 0.042722 4500
8 0.041333 0.042568 4500
9 0.035556 0.041867 4500
10 0.030222 0.040808 4500
11 0.033778 0.040222 4500
12 0.031556 0.039556 4500
13 0.042222 0.039746 4500
14 0.029333 0.039052 4500
15 0.033333 0.038694 4500
16 0.031556 0.038275 4500
17 0.034667 0.038074 4500
18 0.033778 0.037848 4500
19 0.023111 0.037111 4500
20 0.022222 0.036402 4500
21 0.034222 0.036303 4500
22 0.030667 0.036058 4500
23 0.033333 0.035944 4500
24 0.028889 0.035662 4500
25 0.027111 0.035333 4500
26 0.022222 0.034848 4500
27 0.018222 0.034254 4500
28 0.028444 0.034054 4500
29 0.024000 0.033719 4500
30 0.028000 0.033534 4500
31 0.020444 0.033125 4500
32 0.030667 0.033051 4500
33 0.024000 0.032784 4500
34 0.024889 0.032559 4500
35 0.028000 0.032432 4500
36 0.023556 0.032192 4500
37 0.026222 0.032035 4500
38 0.024444 0.031840 4500
39 0.029333 0.031778 4500
40 0.021778 0.031534 4500
41 0.024444 0.031365 4500
42 0.027111 0.031266 4500
43 0.022667 0.031071 4500
44 0.027111 0.030983 4500
45 0.015556 0.030647 4500
46 0.024000 0.030506 4500
47 0.023556 0.030361 4500
48 0.018222 0.030113 4500
49 0.017333 0.029858 4500
50 0.012889 0.029525 4500
51 0.012889 0.029205 4500
52 0.018667 0.029006 4500
53 0.017333 0.028790 4500
54 0.009778 0.028444 4500
55 0.012444 0.028159 4500
56 0.021778 0.028047 4500
57 0.010667 0.027747 4500
58 0.013778 0.027510 4500
59 0.008444 0.027193 4500
60 0.012444 0.026951 4500
61 0.023111 0.026889 4500
62 0.003556 0.026519 4500
63 0.006222 0.026201 4500
64 0.008889 0.025935 4500
65 0.013778 0.025751 4500
66 0.009333 0.025506 4500
67 0.014667 0.025346 4500
68 0.004889 0.025050 4500
69 0.005333 0.024768 4500
70 0.009333 0.024551 4500
71 0.007556 0.024315 4500
72 0.004889 0.024049 4500
73 0.004000 0.023778 4500
74 0.004000 0.023514 4500
75 -0.001333 0.023187 4500
76 0.005333 0.022955 4500
77 0.005778 0.022735 4500
78 0.009333 0.022565 4500
79 0.013778 0.022456 4500
80 0.000889 0.022189 4500
81 0.007556 0.022011 4500
82 0.007556 0.021837 4500
83 0.007556 0.021667 4500
84 0.008000 0.021506 4500
85 0.002667 0.021287 4500
86 0.001333 0.021057 4500
87 0.001333 0.020833 4500
88 0.007556 0.020684 4500
89 0.003556 0.020494 4500
90 0.000889 0.020278 4500
91 0.013333 0.020203 4500
92 -0.009333 0.019885 4500
93 0.016444 0.019849 4500
94 0.010222 0.019747 4500
95 0.014222 0.019690 4500
96 0.012444 0.019615 4500
97 -0.007111 0.019342 4500
98 0.007556 0.019223 4500
99 0.001778 0.019049 4500
