0 1.000000 1.000000
1 -0.032000 0.484000
2 0.060000 0.342667
3 0.060000 0.272000
4 0.016000 0.220800
5 0.036000 0.190000
6 0.004000 0.163429
7 0.060000 0.150500
8 0.028000 0.136889
9 0.136000 0.136800
10 0.064000 0.130182
11 0.060000 0.124333
12 -0.008000 0.114154
13 0.044000 0.109143
14 -0.056000 0.098133
15 -0.036000 0.089750
16 -0.068000 0.080471
17 -0.028000 0.074444
18 0.036000 0.072421
19 0.068000 0.072200
20 -0.076000 0.065143
21 -0.120000 0.056727
22 0.016000 0.054957
23 0.060000 0.055167
24 0.060000 0.055360
25 0.048000 0.055077
26 0.032000 0.054222
27 -0.064000 0.050000
28 0.028000 0.049241
29 -0.020000 0.046933
30 -0.052000 0.043742
31 -0.012000 0.042000
32 0.064000 0.042667
33 -0.020000 0.040824
34 -0.016000 0.039200
35 0.012000 0.038444
36 0.032000 0.038270
37 0.000000 0.037263
38 -0.048000 0.035077
39 -0.080000 0.032200
40 -0.008000 0.031220
41 0.036000 0.031333
42 -0.048000 0.029488
43 0.020000 0.029273
44 0.024000 0.029156
45 0.032000 0.029217
46 -0.016000 0.028255
47 0.048000 0.028667
48 -0.024000 0.027592
49 0.056000 0.028160
50 -0.004000 0.027529
51 -0.068000 0.025692
52 -0.024000 0.024755
53 -0.008000 0.024148
54 -0.068000 0.022473
55 0.012000 0.022286
56 0.040000 0.022596
57 -0.080000 0.020828
58 -0.012000 0.020271
59 -0.016000 0.019667
60 -0.008000 0.019213
61 0.040000 0.019548
62 -0.008000 0.019111
63 -0.032000 0.018312
64 -0.032000 0.017538
65 0.004000 0.017333
66 -0.100000 0.015582
67 0.004000 0.015412
68 -0.044000 0.014551
69 0.088000 0.015600
70 0.016000 0.015606
71 0.092000 0.016667
72 0.092000 0.017699
73 -0.072000 0.016486
74 -0.020000 0.016000
75 -0.044000 0.015211
76 -0.020000 0.014753
77 -0.056000 0.013846
78 -0.052000 0.013013
79 0.032000 0.013250
80 -0.052000 0.012444
81 0.040000 0.012780
82 0.048000 0.013205
83 0.080000 0.014000
84 0.024000 0.014118
85 -0.032000 0.013581
86 -0.024000 0.013149
87 0.036000 0.013409
88 -0.024000 0.012989
89 -0.060000 0.012178
90 -0.008000 0.011956
91 0.016000 0.012000
92 0.012000 0.012000
93 0.052000 0.012426
94 0.028000 0.012589
95 -0.008000 0.012375
96 0.000000 0.012247
97 -0.016000 0.011959
98 -0.028000 0.011556
99 -0.080000 0.010640
100 0.000000 0.010535
101 -0.084000 0.009608
102 -0.056000 0.008971
103 -0.032000 0.008577
104 0.032000 0.008800
105 0.008000 0.008792
106 0.024000 0.008935
107 -0.020000 0.008667
108 0.060000 0.009138
109 -0.016000 0.008909
110 -0.008000 0.008757
111 -0.012000 0.008571
112 0.016000 0.008637
113 -0.012000 0.008456
114 -0.048000 0.007965
115 0.104000 0.008793
116 -0.024000 0.008513
117 0.012000 0.008542
118 -0.044000 0.008101
119 0.040000 0.008367
120 0.060000 0.008793
121 0.008000 0.008787
122 -0.096000 0.007935
123 -0.052000 0.007452
124 -0.056000 0.006944
125 0.020000 0.007048
126 -0.020000 0.006835
127 -0.028000 0.006562
128 -0.040000 0.006202
129 -0.020000 0.006000
130 0.012000 0.006046
131 0.024000 0.006182
132 0.016000 0.006256
133 -0.048000 0.005851
134 -0.072000 0.005274
135 -0.052000 0.004853
136 0.040000 0.005109
137 -0.024000 0.004899
138 -0.016000 0.004748
139 -0.036000 0.004457
140 -0.004000 0.004397
141 0.000000 0.004366
142 0.040000 0.004615
143 0.024000 0.004750
144 -0.056000 0.004331
145 -0.036000 0.004055
146 -0.052000 0.003673
147 -0.008000 0.003595
148 0.060000 0.003973
149 -0.052000 0.003600
150 -0.008000 0.003523
151 -0.044000 0.003211
152 -0.004000 0.003163
153 -0.004000 0.003117
154 -0.012000 0.003019
155 -0.004000 0.002974
156 -0.080000 0.002446
157 -0.040000 0.002177
158 -0.040000 0.001912
159 -0.016000 0.001800
160 -0.064000 0.001391
161 0.016000 0.001481
162 0.068000 0.001890
163 -0.040000 0.001634
164 0.052000 0.001939
165 0.040000 0.002169
166 0.052000 0.002467
167 -0.064000 0.002071
168 0.004000 0.002083
169 -0.020000 0.001953
170 0.000000 0.001942
171 -0.124000 0.001209
172 0.020000 0.001318
173 0.036000 0.001517
174 0.084000 0.001989
175 0.004000 0.002000
176 0.040000 0.002215
177 0.040000 0.002427
178 0.004000 0.002436
179 -0.048000 0.002156
180 -0.020000 0.002033
181 -0.056000 0.001714
182 -0.024000 0.001574
183 -0.044000 0.001326
184 -0.016000 0.001232
185 0.024000 0.001355
186 0.060000 0.001668
187 0.024000 0.001787
188 0.056000 0.002074
189 0.020000 0.002168
190 0.012000 0.002220
191 0.044000 0.002437
192 -0.012000 0.002363
193 -0.072000 0.001979
194 0.052000 0.002236
195 -0.032000 0.002061
196 -0.032000 0.001888
197 0.052000 0.002141
198 0.004000 0.002151
199 0.036000 0.002320
200 0.024000 0.002428
201 -0.008000 0.002376
202 0.008000 0.002404
203 -0.060000 0.002098
204 -0.040000 0.001893
205 -0.092000 0.001437
206 0.028000 0.001565
207 0.020000 0.001654
208 -0.028000 0.001512
209 -0.024000 0.001390
210 0.036000 0.001555
211 0.056000 0.001811
212 -0.020000 0.001709
213 0.028000 0.001832
214 -0.024000 0.001712
215 -0.064000 0.001407
216 -0.044000 0.001198
217 -0.020000 0.001101
218 -0.072000 0.000767
219 -0.076000 0.000418
220 -0.024000 0.000308
221 0.020000 0.000396
222 0.008000 0.000430
223 0.052000 0.000661
224 0.004000 0.000676
225 0.000000 0.000673
226 0.048000 0.000881
227 -0.012000 0.000825
228 0.000000 0.000821
229 -0.008000 0.000783
230 -0.040000 0.000606
231 0.008000 0.000638
232 0.096000 0.001047
233 -0.032000 0.000906
234 -0.008000 0.000868
235 -0.016000 0.000797
236 -0.052000 0.000574
237 -0.060000 0.000319
238 -0.028000 0.000201
239 0.040000 0.000367
240 -0.096000 -0.000033
241 -0.048000 -0.000231
242 -0.004000 -0.000247
243 0.008000 -0.000213
244 -0.068000 -0.000490
245 -0.012000 -0.000537
246 -0.052000 -0.000745
247 0.020000 -0.000661
248 0.000000 -0.000659
249 -0.080000 -0.000976
250 -0.056000 -0.001195
251 -0.028000 -0.001302
252 -0.104000 -0.001708
253 -0.036000 -0.001843
254 0.036000 -0.001694
255 -0.088000 -0.002031
256 -0.036000 -0.002163
257 0.012000 -0.002109
258 -0.028000 -0.002208
259 0.048000 -0.002015
260 -0.024000 -0.002100
261 -0.112000 -0.002519
262 -0.072000 -0.002783
263 -0.080000 -0.003076
264 0.000000 -0.003064
265 0.048000 -0.002872
266 -0.036000 -0.002996
267 -0.088000 -0.003313
268 -0.008000 -0.003331
269 0.012000 -0.003274
270 0.048000 -0.003085
271 -0.004000 -0.003088
272 -0.012000 -0.003121
273 -0.032000 -0.003226
274 -0.064000 -0.003447
275 -0.028000 -0.003536
276 0.056000 -0.003321
277 -0.028000 -0.003410
278 0.028000 -0.003297
279 0.056000 -0.003086
280 -0.024000 -0.003160
281 -0.012000 -0.003191
282 0.064000 -0.002954
283 0.032000 -0.002831
284 -0.016000 -0.002877
285 -0.088000 -0.003175
286 -0.012000 -0.003206
287 0.000000 -0.003194
288 -0.064000 -0.003405
289 0.012000 -0.003352
290 0.056000 -0.003148
291 0.028000 -0.003041
292 -0.048000 -0.003195
293 -0.028000 -0.003279
294 0.076000 -0.003010
295 -0.020000 -0.003068
296 -0.024000 -0.003138
297 0.020000 -0.003060
298 -0.048000 -0.003211
299 -0.040000 -0.003333
300 0.024000 -0.003243
301 0.128000 -0.002808
302 0.004000 -0.002785
303 0.036000 -0.002658
304 0.028000 -0.002557
305 0.060000 -0.002353
306 -0.028000 -0.002436
307 0.008000 -0.002403
308 0.032000 -0.002291
309 -0.044000 -0.002426
310 -0.036000 -0.002534
311 -0.032000 -0.002628
312 0.008000 -0.002594
313 0.040000 -0.002459
314 -0.040000 -0.002578
315 0.056000 -0.002392
316 -0.036000 -0.002498
317 -0.060000 -0.002679
318 0.036000 -0.002558
319 0.016000 -0.002500
320 0.024000 -0.002417
321 -0.080000 -0.002658
322 -0.016000 -0.002700
323 0.040000 -0.002568
324 0.016000 -0.002511
325 -0.004000 -0.002515
326 0.032000 -0.002410
327 0.056000 -0.002232
328 -0.016000 -0.002274
329 -0.004000 -0.002279
330 -0.012000 -0.002308
331 -0.036000 -0.002410
332 -0.072000 -0.002619
333 -0.032000 -0.002707
334 -0.028000 -0.002782
335 -0.044000 -0.002905
336 -0.020000 -0.002955
337 -0.008000 -0.002970
338 -0.048000 -0.003103
339 0.024000 -0.003024
340 -0.012000 -0.003050
341 -0.048000 -0.003181
342 -0.016000 -0.003219
343 -0.008000 -0.003233
344 -0.080000 -0.003455
345 0.008000 -0.003422
346 -0.032000 -0.003504
347 -0.056000 -0.003655
348 -0.016000 -0.003691
349 -0.024000 -0.003749
350 -0.028000 -0.003818
351 -0.004000 -0.003818
352 -0.060000 -0.003977
353 -0.012000 -0.004000
354 -0.004000 -0.004000
355 -0.104000 -0.004281
356 -0.036000 -0.004370
357 -0.088000 -0.004603
358 -0.020000 -0.004646
359 0.048000 -0.004500
360 -0.076000 -0.004698
361 -0.088000 -0.004928
362 0.024000 -0.004848
363 -0.008000 -0.004857
364 -0.048000 -0.004975
365 0.008000 -0.004940
366 -0.020000 -0.004981
367 -0.016000 -0.005011
368 -0.060000 -0.005160
369 -0.016000 -0.005189
370 0.004000 -0.005164
371 -0.040000 -0.005258
372 -0.032000 -0.005330
373 -0.040000 -0.005422
374 0.044000 -0.005291
375 0.024000 -0.005213
376 0.028000 -0.005125
377 -0.016000 -0.005153
378 -0.044000 -0.005256
379 -0.028000 -0.005316
380 -0.024000 -0.005365
381 -0.008000 -0.005372
382 0.040000 -0.005253
383 -0.032000 -0.005323
384 -0.104000 -0.005579
385 0.008000 -0.005544
386 0.000000 -0.005530
387 0.020000 -0.005464
388 0.008000 -0.005429
389 -0.012000 -0.005446
390 -0.044000 -0.005545
391 -0.040000 -0.005633
392 -0.060000 -0.005771
393 0.000000 -0.005756
394 -0.028000 -0.005813
395 0.008000 -0.005778
396 0.000000 -0.005763
397 0.012000 -0.005719
398 -0.020000 -0.005754
399 0.004000 -0.005730
400 0.008000 -0.005696
401 -0.060000 -0.005831
402 -0.028000 -0.005886
403 -0.036000 -0.005960
404 -0.040000 -0.006044
405 -0.024000 -0.006089
406 -0.008000 -0.006093
407 0.008000 -0.006059
408 0.028000 -0.005976
409 -0.020000 -0.006010
410 -0.028000 -0.006063
411 0.072000 -0.005874
412 0.020000 -0.005811
413 -0.028000 -0.005865
414 0.092000 -0.005629
415 -0.012000 -0.005644
416 -0.048000 -0.005746
417 0.028000 -0.005665
418 0.008000 -0.005632
419 0.020000 -0.005571
420 0.016000 -0.005520
421 0.016000 -0.005469
422 0.004000 -0.005447
423 -0.032000 -0.005509
424 -0.020000 -0.005544
425 0.056000 -0.005399
426 -0.060000 -0.005527
427 -0.008000 -0.005533
428 0.052000 -0.005399
429 0.052000 -0.005265
430 0.020000 -0.005206
431 0.020000 -0.005148
432 0.032000 -0.005062
433 0.020000 -0.005005
434 0.032000 -0.004920
435 -0.032000 -0.004982
436 0.004000 -0.004961
437 -0.028000 -0.005014
438 -0.012000 -0.005030
439 0.028000 -0.004955
440 0.004000 -0.004934
441 0.016000 -0.004887
442 0.020000 -0.004831
443 0.040000 -0.004730
444 -0.008000 -0.004737
445 -0.064000 -0.004870
446 0.008000 -0.004841
447 0.028000 -0.004768
448 -0.060000 -0.004891
449 -0.080000 -0.005058
450 -0.096000 -0.005259
451 0.040000 -0.005159
452 -0.008000 -0.005166
453 0.004000 -0.005145
454 -0.008000 -0.005152
455 0.020000 -0.005096
456 -0.016000 -0.005120
457 -0.008000 -0.005127
458 0.020000 -0.005072
459 -0.004000 -0.005070
460 -0.028000 -0.005119
461 -0.012000 -0.005134
462 -0.060000 -0.005253
463 -0.024000 -0.005293
464 -0.032000 -0.005351
465 -0.060000 -0.005468
466 0.020000 -0.005413
467 -0.032000 -0.005470
468 0.012000 -0.005433
469 -0.040000 -0.005506
470 -0.076000 -0.005656
471 -0.056000 -0.005763
472 -0.032000 -0.005818
473 -0.024000 -0.005857
474 -0.076000 -0.006004
475 -0.032000 -0.006059
476 0.028000 -0.005987
477 -0.032000 -0.006042
478 -0.028000 -0.006088
479 0.080000 -0.005908
480 -0.036000 -0.005971
481 0.016000 -0.005925
482 -0.076000 -0.006070
483 -0.060000 -0.006182
484 -0.004000 -0.006177
485 -0.084000 -0.006337
486 -0.076000 -0.006480
487 0.000000 -0.006467
488 -0.036000 -0.006528
489 -0.016000 -0.006547
490 -0.028000 -0.006591
491 -0.024000 -0.006626
492 -0.048000 -0.006710
493 -0.008000 -0.006713
494 -0.084000 -0.006869
495 -0.036000 -0.006927
496 -0.072000 -0.007058
497 -0.032000 -0.007108
498 -0.008000 -0.007110
499 0.008000 -0.007080
