0 0.093778 0.093778 4500
1 0.040889 0.067333 4500
2 0.050667 0.061778 4500
3 0.040444 0.056444 4500
4 0.049333 0.055022 4500
5 0.044444 0.053259 4500
6 0.039556 0.051302 4500
7 0.041333 0.050056 4500
8 0.044000 0.049383 4500
9 0.047556 0.049200 4500
10 0.037778 0.048162 4500
11 0.036889 0.047222 4500
12 0.043556 0.046940 4500
13 0.040889 0.046508 4500
14 0.039111 0.046015 4500
15 0.033778 0.045250 4500
16 0.049333 0.045490 4500
17 0.036444 0.044988 4500
18 0.040444 0.044749 4500
19 0.041778 0.044600 4500
20 0.040000 0.044381 4500
21 0.036444 0.044020 4500
22 0.040444 0.043865 4500
23 0.039556 0.043685 4500
24 0.044444 0.043716 4500
25 0.036000 0.043419 4500
26 0.028444 0.042864 4500
27 0.036444 0.042635 4500
28 0.047111 0.042789 4500
29 0.043556 0.042815 4500
30 0.039111 0.042695 4500
31 0.034667 0.042444 4500
32 0.036444 0.042263 4500
33 0.042222 0.042261 4500
34 0.035556 0.042070 4500
35 0.034667 0.041864 4500
36 0.038667 0.041778 4500
37 0.031111 0.041497 4500
38 0.031111 0.041231 4500
39 0.042667 0.041267 4500
40 0.037778 0.041182 4500
41 0.034667 0.041026 4500
42 0.021778 0.040579 4500
43 0.029333 0.040323 4500
44 0.036889 0.040247 4500
45 0.030222 0.040029 4500
46 0.023556 0.039678 4500
47 0.026667 0.039407 4500
48 0.029778 0.039211 4500
49 0.027111 0.038969 4500
50 0.032000 0.038832 4500
51 0.032444 0.038709 4500
52 0.022222 0.038398 4500
53 0.035111 0.038337 4500
54 0.030222 0.038190 4500
55 0.028444 0.038016 4500
56 0.025333 0.037793 4500
57 0.032444 0.037701 4500
58 0.026222 0.037507 4500
59 0.028000 0.037348 4500
60 0.023556 0.037122 4500
61 0.024889 0.036925 4500
62 0.024444 0.036727 4500
63 0.027556 0.036583 4500
64 0.015111 0.036253 4500
65 0.032000 0.036189 4500
66 0.018222 0.035920 4500
67 0.019556 0.035680 4500
68 0.020444 0.035459 4500
69 0.009333 0.035086 4500
70 0.021778 0.034898 4500
71 0.023556 0.034741 4500
72 0.014222 0.034460 4500
73 0.015556 0.034204 4500
74 0.015111 0.033950 4500
75 0.018667 0.033749 4500
76 0.013778 0.033489 4500
77 0.008889 0.033174 4500
78 0.019556 0.033001 4500
79 0.019111 0.032828 4500
80 0.012000 0.032571 4500
81 0.014222 0.032347 4500
82 0.020444 0.032203 4500
83 0.004444 0.031873 4500
84 0.016889 0.031697 4500
85 0.014222 0.031494 4500
86 0.012000 0.031269 4500
87 0.015111 0.031086 4500
88 0.015556 0.030911 4500
89 0.009333 0.030672 4500
90 0.009778 0.030442 4500
91 0.008000 0.030198 4500
92 0.010667 0.029988 4500
93 0.019556 0.029877 4500
94 0.011111 0.029680 4500
95 0.012889 0.029505 4500
96 0.008444 0.029288 4500
97 0.012444 0.029116 4500
98 0.018667 0.029010 4500
99 0.011556 0.028836 4500
