0 0.109333 0.109333 4500
1 0.005333 0.057333 4500
2 0.001778 0.038815 4500
3 0.003111 0.029889 4500
4 0.008444 0.025600 4500
5 0.009778 0.022963 4500
6 0.008889 0.020952 4500
7 0.008889 0.019444 4500
8 0.004444 0.017778 4500
9 0.008444 0.016844 4500
10 -0.006667 0.014707 4500
11 -0.002222 0.013296 4500
12 0.001333 0.012376 4500
13 0.007111 0.012000 4500
14 0.008889 0.011793 4500
15 -0.006667 0.010639 4500
16 -0.000889 0.009961 4500
17 -0.002667 0.009259 4500
18 -0.003556 0.008585 4500
19 0.001778 0.008244 4500
20 0.008000 0.008233 4500
21 -0.000889 0.007818 4500
22 0.006667 0.007768 4500
23 0.004444 0.007630 4500
24 -0.000444 0.007307 4500
25 0.000889 0.007060 4500
26 0.003111 0.006914 4500
27 0.005333 0.006857 4500
28 0.000889 0.006651 4500
29 -0.005333 0.006252 4500
30 -0.005778 0.005864 4500
31 0.001778 0.005736 4500
32 0.004444 0.005697 4500
33 -0.001778 0.005477 4500
34 -0.004444 0.005194 4500
35 0.000000 0.005049 4500
36 0.006222 0.005081 4500
37 0.012444 0.005275 4500
38 -0.000444 0.005128 4500
39 0.000000 0.005000 4500
40 0.000444 0.004889 4500
41 0.000889 0.004794 4500
42 0.001778 0.004724 4500
43 0.007556 0.004788 4500
44 0.006222 0.004820 4500
45 0.007111 0.004870 4500
46 -0.004444 0.004671 4500
47 0.003111 0.004639 4500
48 0.007111 0.004689 4500
49 -0.007111 0.004453 4500
50 -0.000889 0.004349 4500
51 0.001333 0.004291 4500
52 -0.005778 0.004101 4500
53 0.004444 0.004107 4500
54 0.004000 0.004105 4500
55 0.002667 0.004079 4500
56 -0.001778 0.003977 4500
57 0.009778 0.004077 4500
58 0.008889 0.004158 4500
59 0.004444 0.004163 4500
60 -0.004444 0.004022 4500
61 -0.000444 0.003950 4500
62 0.008444 0.004021 4500
63 -0.009333 0.003812 4500
64 0.004889 0.003829 4500
65 0.005778 0.003859 4500
66 -0.001778 0.003774 4500
67 -0.009333 0.003582 4500
68 -0.000889 0.003517 4500
69 -0.008889 0.003340 4500
70 -0.000444 0.003286 4500
71 0.015111 0.003451 4500
72 0.002222 0.003434 4500
73 -0.003556 0.003339 4500
74 -0.003111 0.003253 4500
75 -0.004889 0.003146 4500
76 -0.005778 0.003030 4500
77 0.005778 0.003066 4500
78 -0.001778 0.003004 4500
79 0.002222 0.002994 4500
80 0.003556 0.003001 4500
81 -0.004889 0.002905 4500
82 -0.000444 0.002865 4500
83 -0.006222 0.002757 4500
84 -0.001333 0.002708 4500
85 0.000889 0.002687 4500
86 -0.004000 0.002610 4500
87 0.005333 0.002641 4500
88 0.001778 0.002632 4500
89 -0.005778 0.002538 4500
90 0.004889 0.002564 4500
91 0.000889 0.002546 4500
92 -0.004444 0.002471 4500
93 -0.002667 0.002416 4500
94 0.000444 0.002395 4500
95 0.004889 0.002421 4500
96 0.006222 0.002460 4500
97 0.006667 0.002503 4500
98 0.000444 0.002483 4500
99 -0.000444 0.002453 4500
