0 0.108444 0.108444 4500
1 -0.006222 0.051111 4500
2 -0.002222 0.033333 4500
3 0.004889 0.026222 4500
4 0.000889 0.021156 4500
5 -0.006222 0.016593 4500
6 -0.003111 0.013778 4500
7 -0.003556 0.011611 4500
8 -0.000889 0.010222 4500
9 0.004444 0.009644 4500
10 0.001333 0.008889 4500
11 -0.000444 0.008111 4500
12 0.000444 0.007521 4500
13 -0.000444 0.006952 4500
14 0.004000 0.006756 4500
15 0.000889 0.006389 4500
16 -0.002667 0.005856 4500
17 0.007111 0.005926 4500
18 0.002667 0.005754 4500
19 -0.004000 0.005267 4500
20 -0.003111 0.004868 4500
21 -0.008889 0.004242 4500
22 -0.003556 0.003903 4500
23 0.005333 0.003963 4500
24 0.004000 0.003964 4500
25 -0.004000 0.003658 4500
26 -0.007111 0.003259 4500
27 -0.004444 0.002984 4500
28 0.008000 0.003157 4500
29 0.001778 0.003111 4500
30 -0.000444 0.002996 4500
31 0.000000 0.002903 4500
32 0.001333 0.002855 4500
33 -0.004000 0.002654 4500
34 0.004889 0.002717 4500
35 -0.008000 0.002420 4500
36 0.004000 0.002462 4500
37 0.010667 0.002678 4500
38 0.000000 0.002610 4500
39 0.008000 0.002744 4500
40 0.005778 0.002818 4500
41 -0.004000 0.002656 4500
42 -0.001333 0.002563 4500
43 0.001333 0.002535 4500
44 0.005778 0.002607 4500
45 0.001778 0.002589 4500
46 -0.005778 0.002411 4500
47 -0.003556 0.002287 4500
48 -0.004444 0.002150 4500
49 0.000000 0.002107 4500
50 0.001778 0.002100 4500
51 0.008000 0.002214 4500
52 0.003111 0.002231 4500
53 0.006222 0.002305 4500
54 0.005333 0.002360 4500
55 0.005333 0.002413 4500
56 0.000000 0.002370 4500
57 0.006222 0.002437 4500
58 0.009333 0.002554 4500
59 0.002222 0.002548 4500
60 -0.001778 0.002477 4500
61 -0.002222 0.002401 4500
62 -0.001333 0.002342 4500
63 0.012000 0.002493 4500
64 -0.005333 0.002373 4500
65 0.001333 0.002357 4500
66 -0.005333 0.002242 4500
67 -0.008444 0.002085 4500
68 -0.002667 0.002016 4500
69 -0.005778 0.001905 4500
70 -0.002667 0.001840 4500
71 0.003111 0.001858 4500
72 0.003556 0.001881 4500
73 0.000444 0.001862 4500
74 -0.004000 0.001784 4500
75 -0.008000 0.001655 4500
76 0.008444 0.001743 4500
77 -0.005778 0.001647 4500
78 -0.008444 0.001519 4500
79 0.004889 0.001561 4500
80 0.000444 0.001547 4500
81 0.006222 0.001604 4500
82 -0.005778 0.001515 4500
83 -0.002222 0.001471 4500
84 0.008000 0.001548 4500
85 0.000889 0.001540 4500
86 -0.002222 0.001497 4500
87 -0.008444 0.001384 4500
88 -0.001778 0.001348 4500
89 0.004889 0.001388 4500
90 0.006222 0.001441 4500
91 -0.003556 0.001386 4500
92 0.007111 0.001448 4500
93 0.002667 0.001461 4500
94 0.009778 0.001549 4500
95 -0.009778 0.001431 4500
96 -0.001778 0.001397 4500
97 0.001778 0.001401 4500
98 -0.004889 0.001338 4500
99 0.004444 0.001369 4500
100 0.007556 0.001430 4500
101 -0.002667 0.001390 4500
102 0.001778 0.001394 4500
103 0.005778 0.001436 4500
104 -0.003111 0.001393 4500
105 0.004444 0.001421 4500
106 -0.008889 0.001325 4500
107 -0.001778 0.001296 4500
108 -0.002667 0.001260 4500
109 -0.000444 0.001244 4500
110 -0.007556 0.001165 4500
111 -0.002667 0.001131 4500
112 0.008444 0.001196 4500
113 -0.004444 0.001146 4500
114 -0.005333 0.001090 4500
115 -0.000889 0.001073 4500
116 0.001778 0.001079 4500
117 -0.000889 0.001062 4500
118 0.002667 0.001076 4500
119 0.007111 0.001126 4500
120 -0.003111 0.001091 4500
121 0.000000 0.001082 4500
122 -0.009778 0.000994 4500
123 0.005333 0.001029 4500
124 -0.007111 0.000964 4500
125 0.001778 0.000970 4500
126 -0.010667 0.000878 4500
127 0.004889 0.000910 4500
128 -0.002222 0.000885 4500
129 -0.001778 0.000865 4500
130 -0.000444 0.000855 4500
131 -0.005778 0.000805 4500
132 -0.004444 0.000765 4500
133 -0.001778 0.000746 4500
134 -0.004444 0.000708 4500
135 -0.001778 0.000690 4500
136 -0.003556 0.000659 4500
137 -0.004889 0.000618 4500
138 -0.004000 0.000585 4500
139 -0.007556 0.000527 4500
140 -0.003111 0.000501 4500
141 0.002222 0.000513 4500
142 0.003111 0.000531 4500
143 -0.001333 0.000519 4500
144 0.004444 0.000546 4500
145 -0.000889 0.000536 4500
146 0.007111 0.000580 4500
147 0.004000 0.000604 4500
148 -0.007556 0.000549 4500
149 0.001778 0.000557 4500
150 0.005778 0.000592 4500
151 0.000000 0.000588 4500
152 0.003556 0.000607 4500
153 0.000889 0.000609 4500
154 0.004444 0.000634 4500
155 0.001333 0.000638 4500
156 -0.000889 0.000628 4500
157 0.000000 0.000624 4500
158 0.003111 0.000640 4500
159 -0.008000 0.000586 4500
160 0.008000 0.000632 4500
161 0.002222 0.000642 4500
162 0.001778 0.000649 4500
163 0.006222 0.000683 4500
164 0.006667 0.000719 4500
165 0.004889 0.000744 4500
166 -0.002667 0.000724 4500
167 0.000444 0.000722 4500
168 0.000000 0.000718 4500
169 0.001778 0.000724 4500
170 -0.003556 0.000699 4500
171 0.003111 0.000713 4500
172 0.002222 0.000722 4500
173 -0.000444 0.000715 4500
174 -0.001778 0.000701 4500
175 -0.006667 0.000659 4500
176 -0.005333 0.000625 4500
177 -0.002222 0.000609 4500
178 0.001333 0.000613 4500
179 -0.004000 0.000588 4500
180 0.002667 0.000599 4500
181 0.002667 0.000611 4500
182 0.000889 0.000612 4500
183 0.007111 0.000647 4500
184 0.001778 0.000653 4500
185 -0.002222 0.000638 4500
186 -0.004000 0.000613 4500
187 -0.006222 0.000577 4500
188 0.000000 0.000574 4500
189 -0.001778 0.000561 4500
190 -0.002222 0.000547 4500
191 -0.003111 0.000528 4500
192 0.004444 0.000548 4500
193 -0.002667 0.000532 4500
194 0.000889 0.000533 4500
195 -0.000889 0.000526 4500
196 0.007111 0.000560 4500
197 0.001333 0.000563 4500
198 0.002222 0.000572 4500
199 0.002667 0.000582 4500
200 -0.002222 0.000568 4500
201 -0.003556 0.000548 4500
202 -0.003556 0.000528 4500
203 0.004444 0.000547 4500
204 -0.001333 0.000538 4500
205 0.006667 0.000567 4500
206 0.007556 0.000601 4500
207 0.017333 0.000682 4500
208 0.001778 0.000687 4500
209 0.003111 0.000698 4500
210 0.005333 0.000720 4500
211 0.006667 0.000748 4500
212 0.008000 0.000782 4500
213 0.008889 0.000820 4500
214 0.000444 0.000819 4500
215 0.000000 0.000815 4500
216 0.003556 0.000827 4500
217 0.001333 0.000830 4500
218 0.004889 0.000848 4500
219 0.006667 0.000875 4500
220 0.002222 0.000881 4500
221 -0.005778 0.000851 4500
222 -0.007111 0.000815 4500
223 -0.001333 0.000806 4500
224 -0.004444 0.000782 4500
225 0.004000 0.000796 4500
226 -0.009778 0.000750 4500
227 -0.000889 0.000743 4500
228 0.009333 0.000780 4500
229 0.001333 0.000783 4500
230 0.001778 0.000787 4500
231 0.008889 0.000822 4500
232 0.004889 0.000839 4500
233 0.005333 0.000858 4500
234 -0.000889 0.000851 4500
235 0.006222 0.000874 4500
236 0.002222 0.000880 4500
237 0.004000 0.000893 4500
238 0.001778 0.000896 4500
239 -0.006667 0.000865 4500
240 -0.000444 0.000859 4500
241 0.004889 0.000876 4500
242 -0.001333 0.000867 4500
243 0.002667 0.000874 4500
244 0.000889 0.000874 4500
245 0.001778 0.000878 4500
246 -0.003556 0.000860 4500
247 0.004444 0.000875 4500
248 -0.000444 0.000869 4500
249 0.010222 0.000907 4500
250 0.001778 0.000910 4500
251 0.000444 0.000908 4500
252 -0.011556 0.000859 4500
253 0.004000 0.000871 4500
254 0.010667 0.000910 4500
255 -0.001778 0.000899 4500
256 -0.005333 0.000875 4500
257 -0.010222 0.000832 4500
258 0.004000 0.000844 4500
259 -0.002667 0.000831 4500
260 0.010222 0.000867 4500
261 0.003556 0.000877 4500
262 0.006667 0.000899 4500
263 0.002222 0.000904 4500
264 -0.007111 0.000874 4500
265 -0.008444 0.000839 4500
266 0.004444 0.000852 4500
267 -0.005778 0.000828 4500
268 0.002222 0.000833 4500
269 0.001333 0.000835 4500
270 0.002222 0.000840 4500
271 -0.002222 0.000828 4500
272 -0.008889 0.000793 4500
273 -0.004444 0.000774 4500
274 0.002222 0.000779 4500
275 0.003556 0.000789 4500
276 0.008889 0.000818 4500
277 0.002667 0.000825 4500
278 0.002222 0.000830 4500
279 -0.006222 0.000805 4500
280 0.008889 0.000834 4500
281 0.008889 0.000862 4500
282 0.005333 0.000878 4500
283 0.001778 0.000881 4500
284 0.004444 0.000894 4500
285 0.008000 0.000918 4500
286 -0.006222 0.000894 4500
287 0.000889 0.000894 4500
288 0.004889 0.000907 4500
289 0.003556 0.000916 4500
290 -0.003556 0.000901 4500
291 -0.007556 0.000872 4500
292 0.006667 0.000892 4500
293 0.009778 0.000922 4500
294 0.000444 0.000921 4500
295 0.004000 0.000931 4500
296 -0.001333 0.000923 4500
297 -0.008444 0.000892 4500
298 0.001778 0.000895 4500
299 0.000000 0.000892 4500
300 0.002667 0.000898 4500
301 -0.001778 0.000889 4500
302 0.005333 0.000904 4500
303 -0.000444 0.000899 4500
304 0.008444 0.000924 4500
305 0.004444 0.000935 4500
306 0.001778 0.000938 4500
307 -0.009333 0.000905 4500
308 -0.010222 0.000869 4500
309 -0.008444 0.000839 4500
310 -0.007111 0.000813 4500
311 -0.001333 0.000806 4500
312 0.008889 0.000832 4500
313 -0.001333 0.000825 4500
314 -0.001778 0.000817 4500
315 -0.013333 0.000772 4500
316 0.002222 0.000777 4500
317 -0.007111 0.000752 4500
318 -0.005778 0.000731 4500
319 0.003111 0.000739 4500
320 -0.003111 0.000727 4500
321 -0.001333 0.000720 4500
322 0.000000 0.000718 4500
323 -0.000444 0.000715 4500
324 -0.002667 0.000704 4500
325 -0.000889 0.000699 4500
326 -0.003111 0.000688 4500
327 0.007556 0.000709 4500
328 0.002222 0.000713 4500
329 -0.006667 0.000691 4500
330 0.007111 0.000710 4500
331 0.004000 0.000720 4500
332 -0.004000 0.000706 4500
333 -0.005778 0.000687 4500
334 -0.002667 0.000677 4500
335 0.003111 0.000684 4500
336 -0.010667 0.000650 4500
337 -0.005778 0.000631 4500
338 -0.002222 0.000623 4500
339 0.013778 0.000661 4500
340 0.007111 0.000680 4500
341 0.010222 0.000708 4500
342 -0.001778 0.000701 4500
343 0.007111 0.000720 4500
344 -0.007556 0.000696 4500
345 0.000444 0.000695 4500
346 0.001333 0.000697 4500
347 -0.004000 0.000683 4500
348 0.001333 0.000685 4500
349 -0.005778 0.000667 4500
350 0.005333 0.000680 4500
351 -0.004444 0.000665 4500
352 -0.005778 0.000647 4500
353 -0.002667 0.000638 4500
354 0.006667 0.000655 4500
355 0.002222 0.000659 4500
356 0.005333 0.000672 4500
357 -0.003111 0.000662 4500
358 -0.006667 0.000641 4500
359 -0.006222 0.000622 4500
360 0.003111 0.000629 4500
361 0.002667 0.000635 4500
362 0.002222 0.000639 4500
363 -0.006667 0.000619 4500
364 0.005778 0.000633 4500
365 0.000889 0.000634 4500
366 -0.002667 0.000625 4500
367 0.002667 0.000630 4500
368 -0.004000 0.000618 4500
369 0.000444 0.000617 4500
370 0.004000 0.000627 4500
371 0.000000 0.000625 4500
372 0.005778 0.000639 4500
373 -0.007556 0.000617 4500
374 -0.007111 0.000596 4500
375 0.007111 0.000613 4500
376 -0.006222 0.000595 4500
377 0.010222 0.000621 4500
378 -0.001333 0.000616 4500
379 0.003556 0.000623 4500
380 0.004444 0.000633 4500
381 -0.005778 0.000617 4500
382 0.002222 0.000621 4500
383 -0.002667 0.000612 4500
384 0.005778 0.000626 4500
385 0.003556 0.000633 4500
386 0.002222 0.000637 4500
387 0.001778 0.000640 4500
388 0.002667 0.000646 4500
389 0.003556 0.000653 4500
390 -0.004444 0.000640 4500
391 0.002667 0.000645 4500
392 -0.006222 0.000628 4500
393 0.000444 0.000627 4500
394 0.001778 0.000630 4500
395 -0.011111 0.000600 4500
396 0.004444 0.000610 4500
397 -0.009778 0.000584 4500
398 -0.004444 0.000571 4500
399 -0.003111 0.000562 4500
400 0.004000 0.000571 4500
401 -0.000444 0.000568 4500
402 0.011111 0.000594 4500
403 -0.004444 0.000582 4500
404 0.005778 0.000595 4500
405 0.005778 0.000608 4500
406 0.004000 0.000616 4500
407 -0.000444 0.000613 4500
408 -0.011111 0.000585 4500
409 -0.000889 0.000581 4500
410 -0.004000 0.000570 4500
411 -0.001333 0.000565 4500
412 -0.001778 0.000560 4500
413 -0.008000 0.000539 4500
414 0.003556 0.000546 4500
415 -0.002667 0.000538 4500
416 0.004444 0.000548 4500
417 -0.008444 0.000526 4500
418 0.008444 0.000545 4500
419 0.000000 0.000544 4500
420 0.007111 0.000560 4500
421 -0.009333 0.000536 4500
422 -0.001778 0.000531 4500
423 0.010667 0.000555 4500
424 -0.003111 0.000546 4500
425 -0.001333 0.000541 4500
426 -0.001333 0.000537 4500
427 0.006222 0.000550 4500
428 -0.000444 0.000548 4500
429 -0.004000 0.000537 4500
430 0.002222 0.000541 4500
431 -0.005778 0.000527 4500
432 0.001778 0.000530 4500
433 -0.002222 0.000523 4500
434 0.004000 0.000531 4500
435 -0.001333 0.000527 4500
436 -0.003111 0.000519 4500
437 0.000000 0.000518 4500
438 0.004444 0.000526 4500
439 0.002667 0.000531 4500
440 -0.004000 0.000521 4500
441 -0.004444 0.000510 4500
442 0.003556 0.000517 4500
443 -0.004889 0.000505 4500
444 -0.000889 0.000501 4500
445 0.008000 0.000518 4500
446 0.000889 0.000519 4500
447 0.001333 0.000521 4500
448 0.000889 0.000522 4500
449 -0.004444 0.000511 4500
450 -0.002222 0.000505 4500
451 0.003111 0.000510 4500
452 0.007556 0.000526 4500
453 0.004000 0.000534 4500
454 -0.009333 0.000512 4500
455 0.007556 0.000527 4500
456 -0.008000 0.000509 4500
457 -0.001333 0.000505 4500
458 0.012889 0.000532 4500
459 -0.001333 0.000528 4500
460 -0.000444 0.000525 4500
461 -0.001778 0.000520 4500
462 -0.004000 0.000511 4500
463 0.005333 0.000521 4500
464 -0.004889 0.000509 4500
465 -0.005778 0.000496 4500
466 0.002222 0.000500 4500
467 -0.010222 0.000477 4500
468 0.003111 0.000482 4500
469 -0.000444 0.000480 4500
470 0.010667 0.000502 4500
471 0.003556 0.000508 4500
472 -0.006667 0.000493 4500
473 0.004889 0.000503 4500
474 0.003111 0.000508 4500
475 -0.001333 0.000504 4500
476 -0.001778 0.000499 4500
477 0.001778 0.000502 4500
478 -0.005778 0.000489 4500
479 -0.005778 0.000476 4500
480 -0.006667 0.000461 4500
481 -0.008000 0.000444 4500
482 -0.008444 0.000425 4500
483 -0.009778 0.000404 4500
484 0.012889 0.000430 4500
485 -0.003556 0.000422 4500
486 -0.004000 0.000413 4500
487 -0.004444 0.000403 4500
488 -0.003111 0.000395 4500
489 0.003111 0.000401 4500
490 0.001333 0.000403 4500
491 0.017778 0.000438 4500
492 -0.003556 0.000430 4500
493 -0.003111 0.000423 4500
494 -0.001778 0.000418 4500
495 -0.013778 0.000390 4500
496 0.002667 0.000394 4500
497 0.000889 0.000395 4500
498 -0.007111 0.000380 4500
499 0.006667 0.000393 4500
500 -0.006667 0.000379 4500
501 -0.000444 0.000377 4500
502 0.005333 0.000387 4500
503 0.001778 0.000390 4500
504 -0.001333 0.000386 4500
505 -0.001333 0.000383 4500
506 -0.005778 0.000371 4500
507 0.003556 0.000377 4500
508 -0.005333 0.000366 4500
509 0.004000 0.000373 4500
510 0.001778 0.000376 4500
511 -0.006667 0.000362 4500
512 -0.008889 0.000344 4500
513 0.000000 0.000343 4500
514 0.004889 0.000352 4500
515 -0.003556 0.000345 4500
516 -0.006667 0.000331 4500
517 0.001333 0.000333 4500
518 -0.003111 0.000326 4500
519 -0.003556 0.000319 4500
520 0.002667 0.000323 4500
521 0.011556 0.000345 4500
522 -0.007111 0.000331 4500
523 -0.001778 0.000327 4500
524 0.012444 0.000350 4500
525 0.009333 0.000367 4500
526 -0.000889 0.000364 4500
527 0.009778 0.000382 4500
528 0.003111 0.000387 4500
529 -0.004889 0.000377 4500
530 0.004444 0.000385 4500
531 -0.003556 0.000378 4500
532 -0.004889 0.000368 4500
533 0.009778 0.000385 4500
534 0.004889 0.000394 4500
535 -0.005333 0.000383 4500
536 -0.004000 0.000375 4500
537 0.004000 0.000382 4500
538 0.002222 0.000385 4500
539 0.002222 0.000388 4500
540 0.004444 0.000396 4500
541 -0.002222 0.000391 4500
542 0.002667 0.000395 4500
543 0.002222 0.000399 4500
544 0.004889 0.000407 4500
545 0.005333 0.000416 4500
546 0.001333 0.000418 4500
547 0.001333 0.000419 4500
548 0.001778 0.000422 4500
549 -0.006667 0.000409 4500
550 -0.000889 0.000407 4500
551 0.000444 0.000407 4500
552 0.001778 0.000409 4500
553 -0.008889 0.000392 4500
554 -0.007556 0.000378 4500
555 -0.006222 0.000366 4500
556 -0.000889 0.000364 4500
557 0.004444 0.000371 4500
558 -0.003556 0.000364 4500
559 0.000444 0.000364 4500
560 -0.004444 0.000356 4500
561 0.003556 0.000361 4500
562 -0.005333 0.000351 4500
563 -0.004000 0.000344 4500
564 -0.005778 0.000333 4500
565 0.003556 0.000338 4500
566 0.002222 0.000342 4500
567 -0.001333 0.000339 4500
568 0.008444 0.000353 4500
569 -0.001778 0.000349 4500
570 0.008000 0.000363 4500
571 0.009778 0.000379 4500
572 -0.006667 0.000367 4500
573 0.002667 0.000371 4500
574 0.003111 0.000376 4500
575 0.003556 0.000381 4500
576 0.005778 0.000391 4500
577 -0.002667 0.000385 4500
578 0.007556 0.000398 4500
579 0.007111 0.000409 4500
580 0.001778 0.000412 4500
581 0.002222 0.000415 4500
582 0.001333 0.000416 4500
583 -0.000889 0.000414 4500
584 -0.008000 0.000400 4500
585 0.006667 0.000410 4500
586 -0.003111 0.000404 4500
587 -0.000444 0.000403 4500
588 -0.000444 0.000401 4500
589 -0.002667 0.000396 4500
590 0.004444 0.000403 4500
591 0.002222 0.000406 4500
592 -0.004444 0.000398 4500
593 0.002667 0.000402 4500
594 -0.000889 0.000400 4500
595 -0.004889 0.000391 4500
596 -0.006222 0.000380 4500
597 -0.008444 0.000365 4500
598 -0.003111 0.000359 4500
599 -0.004444 0.000351 4500
600 -0.005333 0.000342 4500
601 0.008444 0.000355 4500
602 0.004000 0.000361 4500
603 -0.006222 0.000350 4500
604 0.004444 0.000357 4500
605 0.000444 0.000357 4500
606 0.005333 0.000365 4500
607 -0.005333 0.000356 4500
608 -0.001333 0.000353 4500
609 -0.005333 0.000344 4500
610 0.001778 0.000346 4500
611 0.003111 0.000351 4500
612 0.001333 0.000352 4500
613 0.005778 0.000361 4500
614 -0.002222 0.000357 4500
615 -0.003556 0.000351 4500
616 -0.004889 0.000342 4500
617 0.000889 0.000343 4500
618 -0.003111 0.000337 4500
619 -0.007556 0.000325 4500
620 -0.000444 0.000323 4500
621 0.005333 0.000332 4500
622 0.003556 0.000337 4500
623 -0.004889 0.000328 4500
624 0.003556 0.000334 4500
625 -0.004444 0.000326 4500
626 -0.000889 0.000324 4500
627 -0.000889 0.000322 4500
628 -0.007556 0.000309 4500
629 -0.006667 0.000298 4500
630 0.009333 0.000313 4500
631 -0.002222 0.000309 4500
632 -0.001778 0.000305 4500
633 0.000889 0.000306 4500
634 -0.008444 0.000293 4500
635 -0.004000 0.000286 4500
636 0.007556 0.000297 4500
637 0.000000 0.000297 4500
638 -0.002222 0.000293 4500
639 -0.000889 0.000291 4500
640 0.001333 0.000293 4500
641 0.002222 0.000296 4500
642 -0.002222 0.000292 4500
643 0.001778 0.000294 4500
644 -0.001778 0.000291 4500
645 0.006222 0.000300 4500
646 0.005778 0.000308 4500
647 0.008444 0.000321 4500
648 0.000444 0.000321 4500
649 -0.003111 0.000316 4500
650 -0.002667 0.000311 4500
651 -0.004444 0.000304 4500
652 -0.006667 0.000293 4500
653 -0.000889 0.000292 4500
654 -0.000444 0.000290 4500
655 -0.002222 0.000287 4500
656 -0.008000 0.000274 4500
657 -0.008000 0.000261 4500
658 0.002667 0.000265 4500
659 0.005333 0.000273 4500
660 -0.001333 0.000270 4500
661 -0.002667 0.000266 4500
662 0.001333 0.000267 4500
663 0.004444 0.000274 4500
664 -0.003556 0.000268 4500
665 0.000000 0.000268 4500
666 0.012444 0.000286 4500
667 -0.004444 0.000279 4500
668 0.006667 0.000288 4500
669 0.004889 0.000295 4500
670 -0.004444 0.000288 4500
671 -0.001333 0.000286 4500
672 -0.000889 0.000284 4500
673 -0.006222 0.000274 4500
674 0.005333 0.000282 4500
675 -0.010222 0.000266 4500
676 -0.000889 0.000265 4500
677 0.000889 0.000265 4500
678 0.004000 0.000271 4500
679 -0.002222 0.000267 4500
680 0.005333 0.000275 4500
681 -0.004889 0.000267 4500
682 0.002667 0.000271 4500
683 -0.004889 0.000263 4500
684 -0.002222 0.000260 4500
685 0.001333 0.000261 4500
686 0.006667 0.000270 4500
687 -0.003111 0.000266 4500
688 -0.004889 0.000258 4500
689 0.001778 0.000260 4500
690 -0.001778 0.000257 4500
691 -0.012444 0.000239 4500
692 0.004889 0.000246 4500
693 0.000444 0.000246 4500
694 0.002222 0.000249 4500
695 0.009778 0.000262 4500
696 -0.000889 0.000261 4500
697 -0.000444 0.000260 4500
698 0.000000 0.000259 4500
699 0.006222 0.000268 4500
700 0.004444 0.000274 4500
701 0.002667 0.000277 4500
702 0.001778 0.000279 4500
703 0.004000 0.000285 4500
704 0.007111 0.000294 4500
705 0.002222 0.000297 4500
706 0.004444 0.000303 4500
707 -0.004444 0.000296 4500
708 -0.001333 0.000294 4500
709 -0.001778 0.000291 4500
710 -0.004889 0.000284 4500
711 0.001333 0.000285 4500
712 0.009778 0.000299 4500
713 0.010667 0.000313 4500
714 0.007556 0.000323 4500
715 -0.001333 0.000321 4500
716 -0.000889 0.000319 4500
717 -0.001333 0.000317 4500
718 0.008000 0.000328 4500
719 -0.006222 0.000319 4500
720 0.007111 0.000328 4500
721 0.006222 0.000336 4500
722 0.004889 0.000342 4500
723 0.000000 0.000342 4500
724 -0.000889 0.000340 4500
725 0.001333 0.000342 4500
726 0.000444 0.000342 4500
727 -0.000889 0.000340 4500
728 0.004444 0.000346 4500
729 0.001778 0.000348 4500
730 -0.004444 0.000341 4500
731 -0.000444 0.000340 4500
732 -0.003111 0.000335 4500
733 -0.000444 0.000334 4500
734 -0.006222 0.000325 4500
735 -0.004000 0.000319 4500
736 -0.002222 0.000316 4500
737 0.005333 0.000323 4500
738 0.001333 0.000324 4500
739 0.006222 0.000332 4500
740 0.002222 0.000335 4500
741 0.000444 0.000335 4500
742 -0.003556 0.000330 4500
743 0.008000 0.000340 4500
744 0.000444 0.000340 4500
745 0.002222 0.000343 4500
746 0.003111 0.000346 4500
747 -0.000889 0.000345 4500
748 0.004889 0.000351 4500
749 0.004889 0.000357 4500
750 0.002667 0.000360 4500
751 -0.006667 0.000350 4500
752 -0.002667 0.000346 4500
753 -0.004000 0.000341 4500
754 -0.007556 0.000330 4500
755 -0.002222 0.000327 4500
756 0.001778 0.000329 4500
757 0.000889 0.000330 4500
758 -0.000444 0.000329 4500
759 -0.002667 0.000325 4500
760 0.000000 0.000324 4500
761 -0.008000 0.000313 4500
762 -0.005778 0.000305 4500
763 0.004000 0.000310 4500
764 -0.006667 0.000301 4500
765 -0.005333 0.000294 4500
766 0.008000 0.000304 4500
767 0.000889 0.000304 4500
768 0.001333 0.000306 4500
769 -0.005333 0.000298 4500
770 0.002222 0.000301 4500
771 0.000444 0.000301 4500
772 0.003556 0.000305 4500
773 0.000889 0.000306 4500
774 -0.002222 0.000303 4500
775 0.003111 0.000306 4500
776 0.000000 0.000306 4500
777 0.002667 0.000309 4500
778 0.003556 0.000313 4500
779 -0.003111 0.000309 4500
780 -0.002222 0.000306 4500
781 0.000444 0.000306 4500
782 0.002667 0.000309 4500
783 0.004889 0.000315 4500
784 -0.000889 0.000313 4500
785 -0.001778 0.000310 4500
786 0.001333 0.000312 4500
787 0.004000 0.000316 4500
788 0.003111 0.000320 4500
789 -0.002667 0.000316 4500
790 -0.005778 0.000308 4500
791 -0.000889 0.000307 4500
792 -0.002222 0.000304 4500
793 0.004889 0.000310 4500
794 -0.016000 0.000289 4500
795 -0.000444 0.000288 4500
796 -0.002667 0.000284 4500
797 -0.003111 0.000280 4500
798 -0.001333 0.000278 4500
799 0.003556 0.000282 4500
800 0.004889 0.000288 4500
801 0.006667 0.000296 4500
802 0.010222 0.000308 4500
803 0.000000 0.000308 4500
804 0.000889 0.000309 4500
805 -0.012889 0.000292 4500
806 0.010667 0.000305 4500
807 0.002222 0.000307 4500
808 -0.005778 0.000300 4500
809 0.000444 0.000300 4500
810 -0.000889 0.000299 4500
811 0.000000 0.000298 4500
812 -0.006222 0.000290 4500
813 -0.007111 0.000281 4500
814 -0.003556 0.000276 4500
815 -0.007556 0.000267 4500
816 -0.007111 0.000258 4500
817 -0.003556 0.000253 4500
818 0.007111 0.000262 4500
819 0.003111 0.000265 4500
820 0.000889 0.000266 4500
821 -0.002222 0.000263 4500
822 -0.009333 0.000251 4500
823 -0.004444 0.000245 4500
824 -0.004889 0.000239 4500
825 -0.001333 0.000237 4500
826 -0.011556 0.000223 4500
827 0.008000 0.000232 4500
828 0.003556 0.000236 4500
829 0.004889 0.000242 4500
830 -0.008889 0.000231 4500
831 0.000000 0.000231 4500
832 -0.008000 0.000221 4500
833 -0.001778 0.000218 4500
834 -0.002222 0.000216 4500
835 0.004444 0.000221 4500
836 -0.006667 0.000212 4500
837 0.009778 0.000224 4500
838 -0.008444 0.000213 4500
839 0.005778 0.000220 4500
840 -0.007556 0.000211 4500
841 0.002222 0.000213 4500
842 0.002667 0.000216 4500
843 0.008000 0.000225 4500
844 -0.003111 0.000221 4500
845 0.008889 0.000232 4500
846 -0.002667 0.000228 4500
847 0.004000 0.000233 4500
848 0.001778 0.000235 4500
849 0.011111 0.000247 4500
850 0.000889 0.000248 4500
851 0.004000 0.000252 4500
852 -0.001333 0.000251 4500
853 -0.002222 0.000248 4500
854 -0.001333 0.000246 4500
855 -0.003111 0.000242 4500
856 0.002222 0.000244 4500
857 0.002667 0.000247 4500
858 -0.003111 0.000243 4500
859 0.005333 0.000249 4500
860 -0.001333 0.000247 4500
861 0.000444 0.000247 4500
862 -0.002667 0.000244 4500
863 -0.002222 0.000241 4500
864 0.004000 0.000246 4500
865 -0.006222 0.000238 4500
866 -0.003556 0.000234 4500
867 0.005333 0.000240 4500
868 0.003111 0.000243 4500
869 0.004000 0.000247 4500
870 -0.004889 0.000241 4500
871 -0.003556 0.000237 4500
872 -0.002222 0.000234 4500
873 0.004000 0.000238 4500
874 -0.001778 0.000236 4500
875 -0.003111 0.000232 4500
876 -0.001778 0.000230 4500
877 -0.001778 0.000228 4500
878 -0.008444 0.000218 4500
879 0.001333 0.000219 4500
880 0.006222 0.000226 4500
881 -0.003111 0.000222 4500
882 -0.010667 0.000210 4500
883 -0.002667 0.000207 4500
884 -0.000444 0.000206 4500
885 0.010667 0.000218 4500
886 -0.010667 0.000205 4500
887 0.001778 0.000207 4500
888 0.000000 0.000207 4500
889 -0.006222 0.000200 4500
890 0.003111 0.000203 4500
891 0.008000 0.000212 4500
892 0.004444 0.000216 4500
893 -0.009333 0.000206 4500
894 0.001778 0.000208 4500
895 -0.004000 0.000203 4500
896 -0.006222 0.000196 4500
897 -0.002222 0.000193 4500
898 0.009778 0.000204 4500
899 0.008000 0.000212 4500
900 0.012000 0.000225 4500
901 -0.003111 0.000222 4500
902 0.008000 0.000230 4500
903 0.002222 0.000233 4500
904 0.000444 0.000233 4500
905 0.001333 0.000234 4500
906 -0.001333 0.000232 4500
907 -0.006667 0.000225 4500
908 0.008889 0.000234 4500
909 0.000889 0.000235 4500
910 0.000889 0.000236 4500
911 0.000000 0.000235 4500
912 0.004889 0.000240 4500
913 -0.009778 0.000230 4500
914 0.004444 0.000234 4500
915 0.002667 0.000237 4500
916 0.003111 0.000240 4500
917 -0.004889 0.000234 4500
918 -0.006222 0.000227 4500
919 0.001333 0.000229 4500
920 -0.001333 0.000227 4500
921 -0.007111 0.000219 4500
922 0.002667 0.000221 4500
923 0.005333 0.000227 4500
924 0.012000 0.000240 4500
925 -0.002667 0.000237 4500
926 0.005778 0.000243 4500
927 -0.003111 0.000239 4500
928 0.000000 0.000239 4500
929 0.003111 0.000242 4500
930 0.003556 0.000245 4500
931 0.001778 0.000247 4500
932 -0.010667 0.000235 4500
933 0.003556 0.000239 4500
934 -0.002667 0.000236 4500
935 -0.006667 0.000228 4500
936 0.000000 0.000228 4500
937 -0.003556 0.000224 4500
938 0.003111 0.000227 4500
939 -0.005778 0.000221 4500
940 0.001333 0.000222 4500
941 0.004444 0.000226 4500
942 -0.002667 0.000223 4500
943 -0.000444 0.000223 4500
944 -0.003111 0.000219 4500
945 -0.004889 0.000214 4500
946 0.003556 0.000217 4500
947 -0.007111 0.000210 4500
948 0.002667 0.000212 4500
949 -0.000444 0.000211 4500
950 0.002667 0.000214 4500
951 -0.005778 0.000208 4500
952 -0.003556 0.000204 4500
953 0.008000 0.000212 4500
954 0.003556 0.000215 4500
955 0.000000 0.000215 4500
956 -0.004000 0.000211 4500
957 0.001778 0.000212 4500
958 0.005778 0.000218 4500
959 0.004444 0.000223 4500
960 -0.007111 0.000215 4500
961 0.003556 0.000219 4500
962 0.006222 0.000225 4500
963 0.004000 0.000229 4500
964 0.003111 0.000232 4500
965 -0.003111 0.000228 4500
966 0.004000 0.000232 4500
967 -0.002667 0.000229 4500
968 -0.001778 0.000227 4500
969 0.000444 0.000227 4500
970 -0.008444 0.000218 4500
971 -0.001778 0.000216 4500
972 0.004444 0.000221 4500
973 0.006667 0.000227 4500
974 0.005778 0.000233 4500
975 0.008000 0.000241 4500
976 0.001333 0.000242 4500
977 0.001333 0.000243 4500
978 0.002222 0.000245 4500
979 0.000444 0.000245 4500
980 0.006222 0.000251 4500
981 -0.004444 0.000247 4500
982 -0.006222 0.000240 4500
983 0.002667 0.000243 4500
984 -0.004889 0.000237 4500
985 0.007111 0.000244 4500
986 -0.004000 0.000240 4500
987 0.000000 0.000240 4500
988 0.000889 0.000240 4500
989 0.005333 0.000246 4500
990 -0.004000 0.000241 4500
991 0.005333 0.000246 4500
992 -0.006222 0.000240 4500
993 -0.006222 0.000233 4500
994 0.000000 0.000233 4500
995 0.001333 0.000234 4500
996 -0.002222 0.000232 4500
997 -0.012000 0.000220 4500
998 0.009333 0.000229 4500
999 -0.004889 0.000224 4500
