0 0.078667 0.078667 4500
1 0.080444 0.079556 4500
2 0.084889 0.081333 4500
3 0.082222 0.081556 4500
4 0.083111 0.081867 4500
5 0.081333 0.081778 4500
6 0.079556 0.081460 4500
7 0.078222 0.081056 4500
8 0.078667 0.080790 4500
9 0.080444 0.080756 4500
10 0.077778 0.080485 4500
11 0.073778 0.079926 4500
12 0.076444 0.079658 4500
13 0.077333 0.079492 4500
14 0.080444 0.079556 4500
15 0.077778 0.079444 4500
16 0.080444 0.079503 4500
17 0.078222 0.079432 4500
18 0.075111 0.079205 4500
19 0.078222 0.079156 4500
20 0.079556 0.079175 4500
21 0.080000 0.079212 4500
22 0.076000 0.079072 4500
23 0.080000 0.079111 4500
24 0.076444 0.079004 4500
25 0.082667 0.079145 4500
26 0.077333 0.079078 4500
27 0.084444 0.079270 4500
28 0.080444 0.079310 4500
29 0.078667 0.079289 4500
30 0.076000 0.079183 4500
31 0.074667 0.079042 4500
32 0.081333 0.079111 4500
33 0.080444 0.079150 4500
34 0.077778 0.079111 4500
35 0.078222 0.079086 4500
36 0.079111 0.079087 4500
37 0.077333 0.079041 4500
38 0.077778 0.079009 4500
39 0.080444 0.079044 4500
40 0.080444 0.079079 4500
41 0.079111 0.079079 4500
42 0.077333 0.079039 4500
43 0.083111 0.079131 4500
44 0.085333 0.079269 4500
45 0.077778 0.079237 4500
46 0.081333 0.079281 4500
47 0.082222 0.079343 4500
48 0.080444 0.079365 4500
49 0.076000 0.079298 4500
50 0.080889 0.079329 4500
51 0.079111 0.079325 4500
52 0.076889 0.079279 4500
53 0.085778 0.079399 4500
54 0.073778 0.079297 4500
55 0.083556 0.079373 4500
56 0.081778 0.079415 4500
57 0.080889 0.079441 4500
58 0.072444 0.079322 4500
59 0.075111 0.079252 4500
60 0.077333 0.079220 4500
61 0.076444 0.079176 4500
62 0.080444 0.079196 4500
63 0.076444 0.079153 4500
64 0.079556 0.079159 4500
65 0.077333 0.079131 4500
66 0.075556 0.079078 4500
67 0.075111 0.079020 4500
68 0.080000 0.079034 4500
69 0.077333 0.079010 4500
70 0.076889 0.078980 4500
71 0.078222 0.078969 4500
72 0.080889 0.078995 4500
73 0.080000 0.079009 4500
74 0.080889 0.079034 4500
75 0.080444 0.079053 4500
76 0.080444 0.079071 4500
77 0.077778 0.079054 4500
78 0.083556 0.079111 4500
79 0.078222 0.079100 4500
80 0.080000 0.079111 4500
81 0.079556 0.079117 4500
82 0.081333 0.079143 4500
83 0.078222 0.079132 4500
84 0.075556 0.079090 4500
85 0.076444 0.079059 4500
86 0.077778 0.079045 4500
87 0.075111 0.079000 4500
88 0.074222 0.078946 4500
89 0.080444 0.078963 4500
90 0.079111 0.078965 4500
91 0.078222 0.078957 4500
92 0.065778 0.078815 4500
93 0.080000 0.078827 4500
94 0.080000 0.078840 4500
95 0.072889 0.078778 4500
96 0.081778 0.078809 4500
97 0.078222 0.078803 4500
98 0.075556 0.078770 4500
99 0.078667 0.078769 4500
