0 0.095556 0.095556 4500
1 0.053778 0.074667 4500
2 0.060000 0.069778 4500
3 0.057333 0.066667 4500
4 0.056000 0.064533 4500
5 0.052000 0.062444 4500
6 0.050222 0.060698 4500
7 0.048889 0.059222 4500
8 0.056000 0.058864 4500
9 0.055556 0.058533 4500
10 0.043556 0.057172 4500
11 0.049778 0.056556 4500
12 0.056444 0.056547 4500
13 0.048444 0.055968 4500
14 0.060000 0.056237 4500
15 0.054667 0.056139 4500
16 0.057333 0.056209 4500
17 0.052889 0.056025 4500
18 0.044444 0.055415 4500
19 0.041333 0.054711 4500
20 0.042667 0.054138 4500
21 0.047556 0.053838 4500
22 0.058222 0.054029 4500
23 0.051556 0.053926 4500
24 0.051111 0.053813 4500
25 0.054667 0.053846 4500
26 0.050222 0.053712 4500
27 0.044889 0.053397 4500
28 0.053778 0.053410 4500
29 0.051556 0.053348 4500
30 0.054222 0.053376 4500
31 0.045778 0.053139 4500
32 0.052444 0.053118 4500
33 0.045778 0.052902 4500
34 0.040889 0.052559 4500
35 0.055111 0.052630 4500
36 0.050667 0.052577 4500
37 0.053778 0.052608 4500
38 0.045778 0.052433 4500
39 0.054222 0.052478 4500
40 0.048000 0.052369 4500
41 0.052444 0.052370 4500
42 0.049778 0.052310 4500
43 0.048444 0.052222 4500
44 0.054222 0.052267 4500
45 0.046222 0.052135 4500
46 0.047556 0.052038 4500
47 0.051556 0.052028 4500
48 0.044889 0.051882 4500
49 0.047111 0.051787 4500
50 0.045333 0.051660 4500
51 0.044000 0.051513 4500
52 0.036000 0.051220 4500
53 0.042222 0.051053 4500
54 0.042222 0.050893 4500
55 0.042667 0.050746 4500
56 0.038667 0.050534 4500
57 0.045778 0.050452 4500
58 0.047556 0.050403 4500
59 0.044889 0.050311 4500
60 0.038222 0.050113 4500
61 0.036444 0.049892 4500
62 0.044444 0.049806 4500
63 0.041333 0.049674 4500
64 0.030222 0.049374 4500
65 0.048889 0.049367 4500
66 0.034222 0.049141 4500
67 0.031556 0.048882 4500
68 0.040889 0.048767 4500
69 0.035111 0.048571 4500
70 0.037333 0.048413 4500
71 0.034222 0.048216 4500
72 0.039556 0.048097 4500
73 0.040444 0.047994 4500
74 0.036444 0.047840 4500
75 0.038667 0.047719 4500
76 0.030222 0.047492 4500
77 0.031111 0.047282 4500
78 0.033778 0.047111 4500
79 0.038222 0.047000 4500
80 0.032000 0.046815 4500
81 0.031556 0.046629 4500
82 0.029778 0.046426 4500
83 0.034667 0.046286 4500
84 0.032444 0.046123 4500
85 0.029333 0.045928 4500
86 0.028000 0.045722 4500
87 0.030222 0.045545 4500
88 0.032000 0.045393 4500
89 0.027556 0.045195 4500
90 0.032444 0.045055 4500
91 0.029333 0.044884 4500
92 0.022222 0.044640 4500
93 0.034667 0.044534 4500
94 0.032000 0.044402 4500
95 0.029333 0.044245 4500
96 0.027556 0.044073 4500
97 0.030667 0.043937 4500
98 0.031111 0.043807 4500
99 0.036000 0.043729 4500
