0 0.109778 0.109778 4500
1 0.000889 0.055333 4500
2 -0.002667 0.036000 4500
3 -0.002667 0.026333 4500
4 0.000444 0.021156 4500
5 0.000000 0.017630 4500
6 -0.006667 0.014159 4500
7 -0.002667 0.012056 4500
8 -0.004000 0.010272 4500
9 -0.003111 0.008933 4500
10 0.003556 0.008444 4500
11 0.000444 0.007778 4500
12 -0.008444 0.006530 4500
13 -0.005778 0.005651 4500
14 -0.004889 0.004948 4500
15 0.010222 0.005278 4500
16 -0.005333 0.004654 4500
17 0.004000 0.004617 4500
18 -0.002667 0.004234 4500
19 -0.002667 0.003889 4500
20 -0.002222 0.003598 4500
21 0.004000 0.003616 4500
22 0.006667 0.003749 4500
23 0.012000 0.004093 4500
24 0.009778 0.004320 4500
25 -0.001333 0.004103 4500
26 -0.000444 0.003934 4500
27 0.000000 0.003794 4500
28 0.005778 0.003862 4500
29 -0.010222 0.003393 4500
30 -0.000444 0.003269 4500
31 -0.002222 0.003097 4500
32 0.004444 0.003138 4500
33 -0.002667 0.002967 4500
34 -0.001333 0.002844 4500
35 0.007111 0.002963 4500
36 0.000444 0.002895 4500
37 -0.003556 0.002725 4500
38 0.000889 0.002678 4500
39 0.004889 0.002733 4500
40 -0.002222 0.002612 4500
41 0.000889 0.002571 4500
42 0.005778 0.002646 4500
43 -0.000889 0.002566 4500
44 -0.000444 0.002499 4500
45 -0.006222 0.002309 4500
46 0.001333 0.002288 4500
47 -0.005333 0.002130 4500
48 0.005778 0.002204 4500
49 -0.000444 0.002151 4500
50 -0.002222 0.002065 4500
51 -0.007556 0.001880 4500
52 0.007556 0.001987 4500
53 0.000889 0.001967 4500
54 0.001778 0.001964 4500
55 -0.000889 0.001913 4500
56 -0.001778 0.001848 4500
57 -0.005333 0.001724 4500
58 -0.005778 0.001597 4500
59 -0.000444 0.001563 4500
60 -0.005778 0.001443 4500
61 -0.002667 0.001376 4500
62 0.006667 0.001460 4500
63 -0.005778 0.001347 4500
64 0.004444 0.001395 4500
65 0.011111 0.001542 4500
66 0.005778 0.001605 4500
67 -0.000889 0.001569 4500
68 -0.015111 0.001327 4500
69 0.000000 0.001308 4500
70 0.007111 0.001390 4500
71 0.004889 0.001438 4500
72 -0.006667 0.001327 4500
73 -0.004000 0.001255 4500
74 0.006667 0.001327 4500
75 0.006222 0.001392 4500
76 -0.008000 0.001270 4500
77 0.001778 0.001276 4500
78 -0.001778 0.001238 4500
79 0.009333 0.001339 4500
80 0.004444 0.001377 4500
81 0.001333 0.001377 4500
82 0.000889 0.001371 4500
83 0.000444 0.001360 4500
84 -0.006222 0.001271 4500
85 -0.007111 0.001173 4500
86 -0.002222 0.001134 4500
87 0.011556 0.001253 4500
88 0.001778 0.001258 4500
89 0.000444 0.001249 4500
90 -0.003111 0.001201 4500
91 0.002667 0.001217 4500
92 0.000000 0.001204 4500
93 -0.006222 0.001125 4500
94 0.000444 0.001118 4500
95 0.006667 0.001176 4500
96 -0.008444 0.001077 4500
97 -0.001333 0.001052 4500
98 0.005778 0.001100 4500
99 0.008000 0.001169 4500
