0 0.085333 0.085333 4500
1 0.020444 0.052889 4500
2 0.029333 0.045037 4500
3 0.007111 0.035556 4500
4 0.019556 0.032356 4500
5 0.016444 0.029704 4500
6 0.016444 0.027810 4500
7 0.007556 0.025278 4500
8 0.014667 0.024099 4500
9 0.018222 0.023511 4500
10 0.013333 0.022586 4500
11 0.008889 0.021444 4500
12 0.006667 0.020308 4500
13 0.007111 0.019365 4500
14 0.016000 0.019141 4500
15 0.009333 0.018528 4500
16 0.005778 0.017778 4500
17 0.006667 0.017160 4500
18 0.006667 0.016608 4500
19 0.008000 0.016178 4500
20 0.007111 0.015746 4500
21 0.016889 0.015798 4500
22 0.010222 0.015556 4500
23 0.008889 0.015278 4500
24 0.008444 0.015004 4500
25 0.009778 0.014803 4500
26 0.006222 0.014486 4500
27 0.007111 0.014222 4500
28 0.004000 0.013870 4500
29 0.002222 0.013481 4500
30 -0.000444 0.013032 4500
31 0.006667 0.012833 4500
32 -0.003556 0.012337 4500
33 0.006222 0.012157 4500
34 -0.007111 0.011606 4500
35 0.000000 0.011284 4500
36 0.004889 0.011111 4500
37 0.003111 0.010901 4500
38 0.004444 0.010735 4500
39 0.005333 0.010600 4500
40 0.006222 0.010493 4500
41 0.005778 0.010381 4500
42 -0.004444 0.010036 4500
43 -0.007111 0.009646 4500
44 0.007556 0.009600 4500
45 0.001778 0.009430 4500
46 0.004889 0.009333 4500
47 -0.001778 0.009102 4500
48 -0.004889 0.008816 4500
49 -0.005333 0.008533 4500
50 0.000444 0.008375 4500
51 -0.005333 0.008111 4500
52 -0.003111 0.007899 4500
53 -0.002667 0.007704 4500
54 -0.002222 0.007523 4500
55 -0.009333 0.007222 4500
56 0.000444 0.007103 4500
57 0.006222 0.007088 4500
58 -0.006667 0.006855 4500
59 0.005778 0.006837 4500
60 -0.007111 0.006608 4500
61 -0.001778 0.006473 4500
62 -0.005778 0.006279 4500
63 0.003556 0.006236 4500
64 0.003556 0.006195 4500
65 -0.005333 0.006020 4500
66 0.001778 0.005957 4500
67 0.008444 0.005993 4500
68 0.002222 0.005939 4500
69 -0.000444 0.005848 4500
70 -0.006667 0.005671 4500
71 -0.002222 0.005562 4500
72 0.002667 0.005522 4500
73 -0.002222 0.005417 4500
74 -0.003111 0.005304 4500
75 0.000000 0.005234 4500
76 -0.004444 0.005108 4500
77 -0.011111 0.004900 4500
78 0.007111 0.004928 4500
79 -0.003556 0.004822 4500
80 0.007556 0.004856 4500
81 0.000000 0.004797 4500
82 0.000000 0.004739 4500
83 -0.005778 0.004614 4500
84 0.000444 0.004565 4500
85 0.000000 0.004512 4500
86 0.007556 0.004547 4500
87 -0.002222 0.004470 4500
88 0.002222 0.004444 4500
89 0.011111 0.004519 4500
90 -0.011556 0.004342 4500
91 -0.004444 0.004246 4500
92 -0.001778 0.004182 4500
93 -0.000444 0.004132 4500
94 0.001778 0.004108 4500
95 -0.009333 0.003968 4500
96 0.004889 0.003977 4500
97 0.004000 0.003977 4500
98 -0.007111 0.003865 4500
99 0.005333 0.003880 4500
