0 0.084000 0.084000 4500
1 0.024000 0.054000 4500
2 0.016889 0.041630 4500
3 0.001333 0.031556 4500
4 0.012889 0.027822 4500
5 0.011556 0.025111 4500
6 0.011111 0.023111 4500
7 0.011111 0.021611 4500
8 0.005778 0.019852 4500
9 0.009778 0.018844 4500
10 -0.000889 0.017051 4500
11 0.013778 0.016778 4500
12 0.003111 0.015726 4500
13 0.004889 0.014952 4500
14 0.013778 0.014874 4500
15 0.009333 0.014528 4500
16 0.006667 0.014065 4500
17 0.010222 0.013852 4500
18 0.000444 0.013146 4500
19 -0.000889 0.012444 4500
20 0.000889 0.011894 4500
21 0.000444 0.011374 4500
22 0.005333 0.011111 4500
23 0.005778 0.010889 4500
24 0.000444 0.010471 4500
25 -0.000444 0.010051 4500
26 0.002222 0.009761 4500
27 0.004000 0.009556 4500
28 0.008000 0.009502 4500
29 0.000444 0.009200 4500
30 0.000444 0.008918 4500
31 0.002667 0.008722 4500
32 0.004889 0.008606 4500
33 -0.001333 0.008314 4500
34 0.000889 0.008102 4500
35 0.002667 0.007951 4500
36 0.006222 0.007904 4500
37 -0.002222 0.007637 4500
38 0.001333 0.007476 4500
39 0.003556 0.007378 4500
40 0.001778 0.007241 4500
41 -0.002222 0.007016 4500
42 0.003111 0.006925 4500
43 0.006667 0.006919 4500
44 0.004889 0.006874 4500
45 -0.000444 0.006715 4500
46 0.000889 0.006591 4500
47 0.002222 0.006500 4500
48 0.000889 0.006385 4500
49 -0.002667 0.006204 4500
50 0.004000 0.006161 4500
51 0.000444 0.006051 4500
52 -0.000444 0.005929 4500
53 0.004000 0.005893 4500
54 0.007556 0.005923 4500
55 -0.001778 0.005786 4500
56 -0.008444 0.005536 4500
57 -0.003556 0.005379 4500
58 0.000444 0.005296 4500
59 0.002222 0.005244 4500
60 -0.001333 0.005137 4500
61 -0.004000 0.004989 4500
62 0.007556 0.005030 4500
63 -0.004000 0.004889 4500
64 0.008889 0.004950 4500
65 0.003556 0.004929 4500
66 -0.001333 0.004836 4500
67 -0.007556 0.004654 4500
68 0.008889 0.004715 4500
69 -0.002222 0.004616 4500
70 -0.012444 0.004376 4500
71 -0.004889 0.004247 4500
72 -0.003556 0.004140 4500
73 -0.000444 0.004078 4500
74 -0.000444 0.004018 4500
75 0.000444 0.003971 4500
76 -0.001333 0.003902 4500
77 0.002667 0.003886 4500
78 0.003111 0.003876 4500
79 0.000889 0.003839 4500
80 0.000889 0.003802 4500
81 -0.007556 0.003664 4500
82 0.001333 0.003636 4500
83 -0.009333 0.003481 4500
84 0.004889 0.003498 4500
85 0.005333 0.003519 4500
86 -0.004889 0.003423 4500
87 0.001333 0.003399 4500
88 0.001333 0.003376 4500
89 0.005333 0.003398 4500
90 0.002222 0.003385 4500
91 -0.002222 0.003324 4500
92 -0.001333 0.003274 4500
93 -0.008000 0.003154 4500
94 -0.008889 0.003027 4500
95 0.005333 0.003051 4500
96 0.000889 0.003029 4500
97 0.005333 0.003052 4500
98 -0.006222 0.002958 4500
99 -0.010667 0.002822 4500
