0 0.109333 0.109333 4500
1 -0.000444 0.054444 4500
2 -0.006667 0.034074 4500
3 0.001778 0.026000 4500
4 -0.000889 0.020622 4500
5 0.001778 0.017481 4500
6 0.009778 0.016381 4500
7 -0.002222 0.014056 4500
8 0.002667 0.012790 4500
9 -0.000444 0.011467 4500
10 0.005333 0.010909 4500
11 0.001778 0.010148 4500
12 -0.002667 0.009162 4500
13 0.004444 0.008825 4500
14 -0.004889 0.007911 4500
15 0.007111 0.007861 4500
16 -0.002222 0.007268 4500
17 0.005333 0.007160 4500
18 0.003111 0.006947 4500
19 -0.005333 0.006333 4500
20 0.002222 0.006138 4500
21 -0.001778 0.005778 4500
22 -0.002222 0.005430 4500
23 -0.005778 0.004963 4500
24 0.000444 0.004782 4500
25 -0.002667 0.004496 4500
26 0.001333 0.004379 4500
27 0.008889 0.004540 4500
28 -0.001333 0.004337 4500
29 0.004000 0.004326 4500
30 -0.003556 0.004072 4500
31 -0.003556 0.003833 4500
32 0.000889 0.003744 4500
33 0.004444 0.003765 4500
34 -0.010222 0.003365 4500
35 -0.004889 0.003136 4500
36 -0.005778 0.002895 4500
37 -0.000889 0.002795 4500
38 -0.004444 0.002610 4500
39 0.000000 0.002544 4500
40 0.003111 0.002558 4500
41 0.000000 0.002497 4500
42 -0.003556 0.002357 4500
43 0.003111 0.002374 4500
44 0.000444 0.002331 4500
45 -0.004000 0.002193 4500
46 0.007111 0.002298 4500
47 0.001333 0.002278 4500
48 -0.004444 0.002141 4500
49 0.000000 0.002098 4500
50 0.001333 0.002083 4500
51 -0.008444 0.001880 4500
52 -0.005778 0.001736 4500
53 -0.005778 0.001597 4500
54 0.000000 0.001568 4500
55 0.002667 0.001587 4500
56 0.015556 0.001832 4500
57 0.001778 0.001831 4500
58 -0.001778 0.001770 4500
59 0.009778 0.001904 4500
60 0.003556 0.001931 4500
61 -0.005333 0.001814 4500
62 0.002222 0.001820 4500
63 0.006667 0.001896 4500
64 0.002667 0.001908 4500
65 0.003111 0.001926 4500
66 0.000444 0.001904 4500
67 0.008000 0.001993 4500
68 -0.006667 0.001868 4500
69 -0.006667 0.001746 4500
70 0.005333 0.001797 4500
71 0.002667 0.001809 4500
72 0.000000 0.001784 4500
73 -0.005333 0.001688 4500
74 0.000889 0.001677 4500
75 0.000889 0.001667 4500
76 0.005778 0.001720 4500
77 0.004000 0.001749 4500
78 0.000000 0.001727 4500
79 -0.000444 0.001700 4500
80 0.004000 0.001728 4500
81 0.006667 0.001789 4500
82 -0.000889 0.001756 4500
83 -0.004000 0.001688 4500
84 0.004000 0.001715 4500
85 -0.003111 0.001659 4500
86 -0.004444 0.001589 4500
87 0.005778 0.001636 4500
88 0.006667 0.001693 4500
89 0.005778 0.001738 4500
90 -0.006222 0.001651 4500
91 -0.002667 0.001604 4500
92 0.001778 0.001606 4500
93 0.000444 0.001593 4500
94 -0.009778 0.001474 4500
95 -0.000444 0.001454 4500
96 0.001778 0.001457 4500
97 -0.000889 0.001433 4500
98 -0.003111 0.001387 4500
99 -0.004444 0.001329 4500
