0 0.097333 0.097333 4500
1 0.062667 0.080000 4500
2 0.073778 0.077926 4500
3 0.069333 0.075778 4500
4 0.070667 0.074756 4500
5 0.063556 0.072889 4500
6 0.057778 0.070730 4500
7 0.067556 0.070333 4500
8 0.066667 0.069926 4500
9 0.064444 0.069378 4500
10 0.055556 0.068121 4500
11 0.060000 0.067444 4500
12 0.066222 0.067350 4500
13 0.063556 0.067079 4500
14 0.069778 0.067259 4500
15 0.065778 0.067167 4500
16 0.068000 0.067216 4500
17 0.064444 0.067062 4500
18 0.057333 0.066550 4500
19 0.058667 0.066156 4500
20 0.068444 0.066265 4500
21 0.064889 0.066202 4500
22 0.069333 0.066338 4500
23 0.056444 0.065926 4500
24 0.059111 0.065653 4500
25 0.062222 0.065521 4500
26 0.059111 0.065284 4500
27 0.061333 0.065143 4500
28 0.061333 0.065011 4500
29 0.065333 0.065022 4500
30 0.064000 0.064989 4500
31 0.060889 0.064861 4500
32 0.064000 0.064835 4500
33 0.064889 0.064837 4500
34 0.063111 0.064787 4500
35 0.061333 0.064691 4500
36 0.057333 0.064492 4500
37 0.058222 0.064327 4500
38 0.055556 0.064103 4500
39 0.061778 0.064044 4500
40 0.061778 0.063989 4500
41 0.061778 0.063937 4500
42 0.064889 0.063959 4500
43 0.064444 0.063970 4500
44 0.065333 0.064000 4500
45 0.052000 0.063739 4500
46 0.059111 0.063641 4500
47 0.064444 0.063657 4500
48 0.060889 0.063601 4500
49 0.053778 0.063404 4500
50 0.058222 0.063303 4500
51 0.058667 0.063214 4500
52 0.050667 0.062977 4500
53 0.060000 0.062922 4500
54 0.057333 0.062820 4500
55 0.063111 0.062825 4500
56 0.049778 0.062596 4500
57 0.056889 0.062498 4500
58 0.059111 0.062441 4500
59 0.058667 0.062378 4500
60 0.051556 0.062200 4500
61 0.059556 0.062158 4500
62 0.059111 0.062109 4500
63 0.054222 0.061986 4500
64 0.052000 0.061832 4500
65 0.059556 0.061798 4500
66 0.056889 0.061725 4500
67 0.047556 0.061516 4500
68 0.058667 0.061475 4500
69 0.050222 0.061314 4500
70 0.051556 0.061177 4500
71 0.055111 0.061093 4500
72 0.058222 0.061053 4500
73 0.052444 0.060937 4500
74 0.053778 0.060841 4500
75 0.056889 0.060789 4500
76 0.045778 0.060595 4500
77 0.050667 0.060467 4500
78 0.047111 0.060298 4500
79 0.054667 0.060228 4500
80 0.048444 0.060082 4500
81 0.056889 0.060043 4500
82 0.051111 0.059936 4500
83 0.046667 0.059778 4500
84 0.049778 0.059660 4500
85 0.047556 0.059519 4500
86 0.049333 0.059402 4500
87 0.056889 0.059374 4500
88 0.039556 0.059151 4500
89 0.047556 0.059022 4500
90 0.053778 0.058965 4500
91 0.049778 0.058865 4500
92 0.044000 0.058705 4500
93 0.046667 0.058577 4500
94 0.052000 0.058508 4500
95 0.045778 0.058375 4500
96 0.053778 0.058328 4500
97 0.048000 0.058222 4500
98 0.046667 0.058105 4500
99 0.054222 0.058067 4500
