0 0.087556 0.087556 4500
1 0.028889 0.058222 4500
2 0.027556 0.048000 4500
3 0.020889 0.041222 4500
4 0.024000 0.037778 4500
5 0.016000 0.034148 4500
6 0.024889 0.032825 4500
7 0.018222 0.031000 4500
8 0.014667 0.029185 4500
9 0.011111 0.027378 4500
10 0.016889 0.026424 4500
11 0.016889 0.025630 4500
12 0.018222 0.025060 4500
13 0.013333 0.024222 4500
14 0.013778 0.023526 4500
15 0.019111 0.023250 4500
16 0.010667 0.022510 4500
17 0.008889 0.021753 4500
18 0.021333 0.021731 4500
19 0.006222 0.020956 4500
20 0.008444 0.020360 4500
21 0.013778 0.020061 4500
22 0.008444 0.019556 4500
23 0.008889 0.019111 4500
24 0.012000 0.018827 4500
25 0.010222 0.018496 4500
26 -0.001778 0.017745 4500
27 0.000889 0.017143 4500
28 0.006667 0.016782 4500
29 0.001778 0.016281 4500
30 -0.000889 0.015728 4500
31 0.008000 0.015486 4500
32 0.004444 0.015152 4500
33 0.002667 0.014784 4500
34 -0.001778 0.014311 4500
35 -0.005333 0.013765 4500
36 0.002667 0.013465 4500
37 0.006222 0.013275 4500
38 -0.001333 0.012900 4500
39 0.002667 0.012644 4500
40 0.004000 0.012434 4500
41 0.002222 0.012190 4500
42 0.001778 0.011948 4500
43 -0.004000 0.011586 4500
44 0.004000 0.011417 4500
45 -0.000444 0.011159 4500
46 0.005333 0.011035 4500
47 0.001333 0.010833 4500
48 -0.002667 0.010558 4500
49 0.002667 0.010400 4500
50 0.008000 0.010353 4500
51 -0.003111 0.010094 4500
52 0.004444 0.009987 4500
53 -0.002667 0.009753 4500
54 0.002222 0.009616 4500
55 0.004444 0.009524 4500
56 0.005778 0.009458 4500
57 0.000444 0.009303 4500
58 -0.001333 0.009122 4500
59 0.007556 0.009096 4500
60 -0.005778 0.008852 4500
61 0.008000 0.008839 4500
62 0.011556 0.008882 4500
63 0.000444 0.008750 4500
64 0.004000 0.008677 4500
65 -0.000889 0.008532 4500
66 -0.005333 0.008325 4500
67 0.002222 0.008235 4500
68 0.005333 0.008193 4500
69 0.002222 0.008108 4500
70 0.005778 0.008075 4500
71 0.005333 0.008037 4500
72 0.005333 0.008000 4500
73 0.000889 0.007904 4500
74 0.007556 0.007899 4500
75 0.005333 0.007865 4500
76 0.006667 0.007850 4500
77 0.007556 0.007846 4500
78 -0.000889 0.007736 4500
79 -0.005333 0.007572 4500
80 0.004000 0.007528 4500
81 0.012889 0.007593 4500
82 0.004000 0.007550 4500
83 0.004444 0.007513 4500
84 -0.000889 0.007414 4500
85 -0.002222 0.007302 4500
86 -0.007111 0.007137 4500
87 -0.000444 0.007051 4500
88 0.004889 0.007026 4500
89 0.002667 0.006978 4500
90 0.005333 0.006960 4500
91 0.000000 0.006884 4500
92 0.001778 0.006829 4500
93 0.005333 0.006813 4500
94 -0.000889 0.006732 4500
95 0.005333 0.006718 4500
96 -0.004000 0.006607 4500
97 -0.002222 0.006517 4500
98 0.004444 0.006496 4500
99 -0.004000 0.006391 4500
