0 0.089778 0.089778 4500
1 0.032889 0.061333 4500
2 0.042667 0.055111 4500
3 0.032444 0.049444 4500
4 0.037778 0.047111 4500
5 0.035556 0.045185 4500
6 0.028444 0.042794 4500
7 0.024889 0.040556 4500
8 0.026222 0.038963 4500
9 0.020889 0.037156 4500
10 0.023556 0.035919 4500
11 0.017778 0.034407 4500
12 0.027111 0.033846 4500
13 0.025778 0.033270 4500
14 0.026222 0.032800 4500
15 0.018667 0.031917 4500
16 0.032889 0.031974 4500
17 0.020889 0.031358 4500
18 0.024889 0.031018 4500
19 0.029333 0.030933 4500
20 0.010667 0.029968 4500
21 0.023111 0.029657 4500
22 0.020000 0.029237 4500
23 0.017778 0.028759 4500
24 0.018667 0.028356 4500
25 0.020444 0.028051 4500
26 0.014222 0.027539 4500
27 0.015111 0.027095 4500
28 0.014222 0.026651 4500
29 0.020444 0.026444 4500
30 0.008889 0.025878 4500
31 0.012444 0.025458 4500
32 0.025333 0.025455 4500
33 0.019556 0.025281 4500
34 0.013778 0.024952 4500
35 0.017333 0.024741 4500
36 0.013778 0.024444 4500
37 0.023111 0.024409 4500
38 0.017333 0.024228 4500
39 0.012444 0.023933 4500
40 0.012889 0.023664 4500
41 0.008000 0.023291 4500
42 0.010667 0.022997 4500
43 0.012000 0.022747 4500
44 0.012444 0.022519 4500
45 0.004000 0.022116 4500
46 0.012444 0.021910 4500
47 0.010667 0.021676 4500
48 0.004889 0.021333 4500
49 0.010667 0.021120 4500
50 0.015556 0.021011 4500
51 0.005778 0.020718 4500
52 0.008889 0.020495 4500
53 0.017333 0.020436 4500
54 -0.004444 0.019984 4500
55 0.012444 0.019849 4500
56 0.011111 0.019696 4500
57 0.006667 0.019471 4500
58 0.011556 0.019337 4500
59 0.009778 0.019178 4500
60 0.005778 0.018958 4500
61 0.014667 0.018889 4500
62 0.006667 0.018695 4500
63 0.008889 0.018542 4500
64 0.004889 0.018332 4500
65 0.006222 0.018148 4500
66 0.004000 0.017937 4500
67 0.005778 0.017758 4500
68 -0.002222 0.017469 4500
69 0.017778 0.017473 4500
70 0.014222 0.017427 4500
71 0.010222 0.017327 4500
72 0.005333 0.017163 4500
73 0.013778 0.017117 4500
74 0.006222 0.016972 4500
75 0.009778 0.016877 4500
76 0.016444 0.016872 4500
77 0.004444 0.016712 4500
78 0.002667 0.016534 4500
79 0.008889 0.016439 4500
80 0.010222 0.016362 4500
81 0.007111 0.016249 4500
82 0.003111 0.016091 4500
83 0.003111 0.015937 4500
84 0.008889 0.015854 4500
85 0.000000 0.015669 4500
86 0.004000 0.015535 4500
87 0.001778 0.015379 4500
88 0.005333 0.015266 4500
89 0.004889 0.015151 4500
90 -0.000889 0.014974 4500
91 -0.005333 0.014754 4500
92 0.000889 0.014605 4500
93 -0.000444 0.014444 4500
94 0.001778 0.014311 4500
95 0.008000 0.014245 4500
96 0.009333 0.014195 4500
97 -0.003111 0.014018 4500
98 0.003556 0.013912 4500
99 0.011111 0.013884 4500
