0 0.110222 0.110222 4500
1 -0.002667 0.053778 4500
2 -0.006222 0.033778 4500
3 -0.009778 0.022889 4500
4 -0.006222 0.017067 4500
5 0.011556 0.016148 4500
6 0.001333 0.014032 4500
7 -0.008889 0.011167 4500
8 -0.003556 0.009531 4500
9 0.012444 0.009822 4500
10 -0.011111 0.007919 4500
11 -0.000444 0.007222 4500
12 0.000889 0.006735 4500
13 -0.002667 0.006063 4500
14 -0.004889 0.005333 4500
15 -0.000444 0.004972 4500
16 -0.006222 0.004314 4500
17 -0.003556 0.003877 4500
18 0.001333 0.003743 4500
19 -0.004444 0.003333 4500
20 -0.006222 0.002878 4500
21 0.003556 0.002909 4500
22 -0.001778 0.002705 4500
23 0.000444 0.002611 4500
24 0.008444 0.002844 4500
25 -0.002222 0.002650 4500
26 -0.002222 0.002469 4500
27 0.002222 0.002460 4500
28 -0.000444 0.002360 4500
29 0.000444 0.002296 4500
30 -0.004000 0.002093 4500
31 0.011111 0.002375 4500
32 -0.008889 0.002034 4500
33 -0.004000 0.001856 4500
34 0.002667 0.001879 4500
35 -0.010222 0.001543 4500
36 0.011111 0.001802 4500
37 -0.003111 0.001673 4500
38 -0.005778 0.001481 4500
39 0.000444 0.001456 4500
40 0.006222 0.001572 4500
41 -0.004889 0.001418 4500
42 -0.007111 0.001220 4500
43 0.008889 0.001394 4500
44 0.001333 0.001393 4500
45 0.000000 0.001362 4500
46 -0.001333 0.001305 4500
47 0.009333 0.001472 4500
48 0.007111 0.001587 4500
49 -0.004889 0.001458 4500
50 -0.000444 0.001420 4500
51 0.004889 0.001487 4500
52 0.002667 0.001509 4500
53 -0.011111 0.001276 4500
54 -0.003111 0.001196 4500
55 0.000000 0.001175 4500
56 -0.003111 0.001099 4500
57 -0.003556 0.001019 4500
58 -0.004000 0.000934 4500
59 -0.000444 0.000911 4500
60 -0.010222 0.000729 4500
61 0.001778 0.000746 4500
62 0.010222 0.000896 4500
63 -0.005333 0.000799 4500
64 0.001333 0.000807 4500
65 -0.002222 0.000761 4500
66 0.007111 0.000856 4500
67 -0.000889 0.000830 4500
68 -0.005778 0.000734 4500
69 0.000889 0.000737 4500
70 -0.003556 0.000676 4500
71 -0.008000 0.000556 4500
72 -0.001333 0.000530 4500
73 0.003556 0.000571 4500
74 0.000000 0.000563 4500
75 -0.004000 0.000503 4500
76 0.000444 0.000502 4500
77 -0.009333 0.000376 4500
78 -0.004889 0.000309 4500
79 0.003556 0.000350 4500
80 -0.000444 0.000340 4500
81 -0.004889 0.000276 4500
82 -0.008889 0.000166 4500
83 0.004444 0.000217 4500
84 0.000000 0.000214 4500
85 0.000889 0.000222 4500
86 0.000444 0.000225 4500
87 -0.003556 0.000182 4500
88 0.000444 0.000185 4500
89 0.000444 0.000188 4500
90 0.009778 0.000293 4500
91 -0.015556 0.000121 4500
92 -0.001778 0.000100 4500
93 0.007556 0.000180 4500
94 -0.009778 0.000075 4500
95 -0.003111 0.000042 4500
96 0.000000 0.000041 4500
97 -0.013333 -0.000095 4500
98 -0.004444 -0.000139 4500
99 -0.000889 -0.000147 4500
