0 0.096444 0.096444 4500
1 0.057333 0.076889 4500
2 0.069778 0.074519 4500
3 0.058667 0.070556 4500
4 0.064444 0.069333 4500
5 0.054222 0.066815 4500
6 0.052889 0.064825 4500
7 0.061778 0.064444 4500
8 0.058222 0.063753 4500
9 0.060889 0.063467 4500
10 0.052889 0.062505 4500
11 0.055111 0.061889 4500
12 0.061333 0.061846 4500
13 0.061333 0.061810 4500
14 0.058667 0.061600 4500
15 0.049778 0.060861 4500
16 0.057778 0.060680 4500
17 0.056889 0.060469 4500
18 0.051556 0.060000 4500
19 0.054222 0.059711 4500
20 0.059111 0.059683 4500
21 0.061778 0.059778 4500
22 0.059556 0.059768 4500
23 0.059556 0.059759 4500
24 0.057778 0.059680 4500
25 0.064444 0.059863 4500
26 0.057333 0.059770 4500
27 0.049333 0.059397 4500
28 0.057778 0.059341 4500
29 0.063111 0.059467 4500
30 0.060444 0.059498 4500
31 0.056444 0.059403 4500
32 0.063111 0.059515 4500
33 0.053778 0.059346 4500
34 0.051111 0.059111 4500
35 0.056889 0.059049 4500
36 0.053333 0.058895 4500
37 0.055556 0.058807 4500
38 0.052444 0.058644 4500
39 0.054667 0.058544 4500
40 0.054667 0.058450 4500
41 0.047556 0.058190 4500
42 0.056000 0.058140 4500
43 0.055556 0.058081 4500
44 0.060889 0.058143 4500
45 0.050667 0.057981 4500
46 0.049778 0.057806 4500
47 0.056444 0.057778 4500
48 0.044444 0.057506 4500
49 0.053333 0.057422 4500
50 0.052889 0.057333 4500
51 0.049778 0.057188 4500
52 0.047111 0.056998 4500
53 0.053333 0.056930 4500
54 0.045333 0.056719 4500
55 0.057778 0.056738 4500
56 0.045333 0.056538 4500
57 0.046667 0.056368 4500
58 0.052889 0.056309 4500
59 0.057778 0.056333 4500
60 0.044444 0.056138 4500
61 0.044444 0.055950 4500
62 0.054667 0.055929 4500
63 0.051111 0.055854 4500
64 0.044444 0.055679 4500
65 0.051556 0.055616 4500
66 0.050667 0.055542 4500
67 0.042222 0.055346 4500
68 0.053778 0.055324 4500
69 0.039111 0.055092 4500
70 0.037778 0.054848 4500
71 0.045333 0.054716 4500
72 0.050667 0.054661 4500
73 0.049778 0.054595 4500
74 0.041333 0.054418 4500
75 0.040000 0.054228 4500
76 0.047111 0.054136 4500
77 0.032444 0.053858 4500
78 0.044444 0.053738 4500
79 0.044444 0.053622 4500
80 0.038667 0.053438 4500
81 0.043556 0.053317 4500
82 0.046222 0.053232 4500
83 0.038667 0.053058 4500
84 0.037333 0.052873 4500
85 0.035556 0.052672 4500
86 0.034222 0.052460 4500
87 0.041778 0.052338 4500
88 0.041333 0.052215 4500
89 0.035556 0.052030 4500
90 0.037333 0.051868 4500
91 0.039111 0.051729 4500
92 0.035111 0.051551 4500
93 0.044444 0.051475 4500
94 0.043556 0.051392 4500
95 0.037778 0.051250 4500
96 0.040444 0.051139 4500
97 0.035111 0.050975 4500
98 0.040889 0.050873 4500
99 0.039556 0.050760 4500
