0 0.077778 0.077778 4500
1 0.078222 0.078000 4500
2 0.088889 0.081630 4500
3 0.083111 0.082000 4500
4 0.083556 0.082311 4500
5 0.083556 0.082519 4500
6 0.080889 0.082286 4500
7 0.078667 0.081833 4500
8 0.085778 0.082272 4500
9 0.084444 0.082489 4500
10 0.079556 0.082222 4500
11 0.079111 0.081963 4500
12 0.080444 0.081846 4500
13 0.084444 0.082032 4500
14 0.082222 0.082044 4500
15 0.078222 0.081806 4500
16 0.080444 0.081725 4500
17 0.084000 0.081852 4500
18 0.078667 0.081684 4500
19 0.085333 0.081867 4500
20 0.077333 0.081651 4500
21 0.081778 0.081657 4500
22 0.081778 0.081662 4500
23 0.081778 0.081667 4500
24 0.076889 0.081476 4500
25 0.084000 0.081573 4500
26 0.085333 0.081712 4500
27 0.087111 0.081905 4500
28 0.078222 0.081778 4500
29 0.083556 0.081837 4500
30 0.076444 0.081663 4500
31 0.080000 0.081611 4500
32 0.081778 0.081616 4500
33 0.081333 0.081608 4500
34 0.078667 0.081524 4500
35 0.085778 0.081642 4500
36 0.080889 0.081622 4500
37 0.078222 0.081532 4500
38 0.083111 0.081573 4500
39 0.082222 0.081589 4500
40 0.074667 0.081420 4500
41 0.082667 0.081450 4500
42 0.082667 0.081478 4500
43 0.084000 0.081535 4500
44 0.089778 0.081719 4500
45 0.078222 0.081643 4500
46 0.084889 0.081712 4500
47 0.083556 0.081750 4500
48 0.078222 0.081678 4500
49 0.078222 0.081609 4500
50 0.082222 0.081621 4500
51 0.082667 0.081641 4500
52 0.080889 0.081627 4500
53 0.087111 0.081728 4500
54 0.077778 0.081657 4500
55 0.084000 0.081698 4500
56 0.079111 0.081653 4500
57 0.082667 0.081670 4500
58 0.075556 0.081567 4500
59 0.077333 0.081496 4500
60 0.081778 0.081501 4500
61 0.079556 0.081470 4500
62 0.085333 0.081531 4500
63 0.078222 0.081479 4500
64 0.082667 0.081497 4500
65 0.083111 0.081522 4500
66 0.076444 0.081446 4500
67 0.078667 0.081405 4500
68 0.081333 0.081404 4500
69 0.078667 0.081365 4500
70 0.080444 0.081352 4500
71 0.083111 0.081377 4500
72 0.083111 0.081400 4500
73 0.078667 0.081363 4500
74 0.077778 0.081316 4500
75 0.077778 0.081269 4500
76 0.083111 0.081293 4500
77 0.072889 0.081185 4500
78 0.078667 0.081153 4500
79 0.084444 0.081194 4500
80 0.084889 0.081240 4500
81 0.082222 0.081252 4500
82 0.077778 0.081210 4500
83 0.079111 0.081185 4500
84 0.079556 0.081166 4500
85 0.078667 0.081137 4500
86 0.083111 0.081160 4500
87 0.075556 0.081096 4500
88 0.076000 0.081039 4500
89 0.079556 0.081022 4500
90 0.077333 0.080982 4500
91 0.079556 0.080966 4500
92 0.072889 0.080879 4500
93 0.080000 0.080870 4500
94 0.080444 0.080865 4500
95 0.074222 0.080796 4500
96 0.080889 0.080797 4500
97 0.080889 0.080798 4500
98 0.075556 0.080745 4500
99 0.076889 0.080707 4500
