0 1.000000 1.000000
1 -0.048000 0.476000
2 -0.016000 0.312000
3 -0.084000 0.213000
4 0.000000 0.170400
5 -0.008000 0.140667
6 0.048000 0.127429
7 -0.056000 0.104500
8 -0.008000 0.092000
9 -0.036000 0.079200
10 -0.072000 0.065455
11 0.008000 0.060667
12 -0.136000 0.045538
13 0.016000 0.043429
14 0.004000 0.040800
15 -0.048000 0.035250
16 -0.056000 0.029882
17 0.024000 0.029556
18 0.000000 0.028000
19 0.040000 0.028600
20 0.004000 0.027429
21 -0.008000 0.025818
22 -0.024000 0.023652
23 0.020000 0.023500
24 -0.040000 0.020960
25 0.024000 0.021077
26 0.052000 0.022222
27 0.068000 0.023857
28 0.048000 0.024690
29 0.004000 0.024000
30 -0.004000 0.023097
31 0.024000 0.023125
32 -0.020000 0.021818
33 0.112000 0.024471
34 0.040000 0.024914
35 -0.092000 0.021667
36 -0.048000 0.019784
37 -0.020000 0.018737
38 -0.056000 0.016821
39 -0.052000 0.015100
40 0.008000 0.014927
41 -0.024000 0.014000
42 -0.016000 0.013302
43 0.052000 0.014182
44 0.064000 0.015289
45 0.020000 0.015391
46 -0.064000 0.013702
47 -0.124000 0.010833
48 -0.084000 0.008898
49 -0.004000 0.008640
50 0.016000 0.008784
51 -0.056000 0.007538
52 -0.020000 0.007019
53 0.036000 0.007556
54 0.016000 0.007709
55 0.060000 0.008643
56 -0.008000 0.008351
57 0.028000 0.008690
58 -0.036000 0.007932
59 0.012000 0.008000
60 0.040000 0.008525
61 -0.024000 0.008000
62 -0.116000 0.006032
63 -0.060000 0.005000
64 0.076000 0.006092
65 0.036000 0.006545
66 0.004000 0.006507
67 -0.024000 0.006059
68 -0.072000 0.004928
69 0.008000 0.004971
70 0.020000 0.005183
71 0.052000 0.005833
72 -0.028000 0.005370
73 -0.024000 0.004973
74 -0.008000 0.004800
75 0.032000 0.005158
76 -0.012000 0.004935
77 -0.032000 0.004462
78 -0.072000 0.003494
79 -0.080000 0.002450
80 -0.128000 0.000840
81 0.096000 0.002000
82 -0.040000 0.001494
83 -0.188000 -0.000762
84 -0.092000 -0.001835
85 0.024000 -0.001535
86 -0.032000 -0.001885
87 -0.032000 -0.002227
88 0.060000 -0.001528
89 0.000000 -0.001511
90 0.020000 -0.001275
91 -0.032000 -0.001609
92 -0.044000 -0.002065
93 -0.020000 -0.002255
94 -0.080000 -0.003074
95 -0.116000 -0.004250
96 0.012000 -0.004082
97 0.040000 -0.003633
98 -0.052000 -0.004121
99 -0.016000 -0.004240
100 0.008000 -0.004119
101 0.012000 -0.003961
102 0.016000 -0.003767
103 0.040000 -0.003346
104 -0.056000 -0.003848
105 -0.056000 -0.004340
106 -0.048000 -0.004748
107 0.028000 -0.004444
108 -0.012000 -0.004514
109 0.056000 -0.003964
110 0.060000 -0.003387
111 0.008000 -0.003286
112 -0.004000 -0.003292
113 -0.032000 -0.003544
114 0.004000 -0.003478
115 -0.064000 -0.004000
116 -0.032000 -0.004239
117 0.016000 -0.004068
118 0.044000 -0.003664
119 -0.008000 -0.003700
120 0.028000 -0.003438
121 0.032000 -0.003148
122 0.032000 -0.002862
123 -0.020000 -0.003000
124 -0.024000 -0.003168
125 -0.020000 -0.003302
126 -0.056000 -0.003717
127 -0.048000 -0.004063
128 -0.016000 -0.004155
129 0.016000 -0.004000
130 -0.028000 -0.004183
131 0.024000 -0.003970
132 -0.032000 -0.004180
133 -0.024000 -0.004328
134 0.040000 -0.004000
135 0.028000 -0.003765
136 -0.048000 -0.004088
137 -0.048000 -0.004406
138 -0.004000 -0.004403
139 0.028000 -0.004171
140 0.056000 -0.003745
141 0.020000 -0.003577
142 -0.020000 -0.003692
143 0.048000 -0.003333
144 0.048000 -0.002979
145 -0.032000 -0.003178
146 -0.012000 -0.003238
147 -0.032000 -0.003432
148 -0.016000 -0.003517
149 -0.012000 -0.003573
150 0.048000 -0.003232
151 -0.020000 -0.003342
152 0.000000 -0.003320
153 -0.036000 -0.003532
154 0.040000 -0.003252
155 0.044000 -0.002949
156 -0.064000 -0.003338
157 -0.032000 -0.003519
158 0.000000 -0.003497
159 0.028000 -0.003300
160 0.060000 -0.002907
161 0.064000 -0.002494
162 0.012000 -0.002405
163 -0.016000 -0.002488
164 -0.008000 -0.002521
165 -0.064000 -0.002892
166 -0.064000 -0.003257
167 0.020000 -0.003119
168 -0.048000 -0.003385
169 -0.004000 -0.003388
170 0.060000 -0.003018
171 -0.012000 -0.003070
172 0.072000 -0.002636
173 -0.016000 -0.002713
174 -0.052000 -0.002994
175 -0.108000 -0.003591
176 0.016000 -0.003480
177 0.012000 -0.003393
178 0.000000 -0.003374
179 -0.044000 -0.003600
180 -0.008000 -0.003624
181 0.040000 -0.003385
182 0.028000 -0.003213
183 -0.008000 -0.003239
184 -0.028000 -0.003373
185 0.028000 -0.003204
186 -0.064000 -0.003529
187 0.052000 -0.003234
188 -0.012000 -0.003280
189 -0.048000 -0.003516
190 -0.044000 -0.003728
191 0.000000 -0.003708
192 0.020000 -0.003585
193 0.064000 -0.003237
194 0.016000 -0.003138
195 -0.048000 -0.003367
196 -0.048000 -0.003594
197 -0.096000 -0.004061
198 0.000000 -0.004040
199 -0.012000 -0.004080
200 -0.064000 -0.004378
201 -0.024000 -0.004475
202 0.040000 -0.004256
203 0.016000 -0.004157
204 -0.008000 -0.004176
205 0.044000 -0.003942
206 0.000000 -0.003923
207 -0.024000 -0.004019
208 -0.012000 -0.004057
209 0.036000 -0.003867
210 -0.020000 -0.003943
211 -0.096000 -0.004377
212 -0.032000 -0.004507
213 0.024000 -0.004374
214 0.020000 -0.004260
215 0.048000 -0.004019
216 0.004000 -0.003982
217 0.020000 -0.003872
218 -0.024000 -0.003963
219 0.028000 -0.003818
220 -0.016000 -0.003873
221 -0.032000 -0.004000
222 -0.104000 -0.004448
223 -0.052000 -0.004661
224 0.056000 -0.004391
225 0.008000 -0.004336
226 0.020000 -0.004229
227 -0.012000 -0.004263
228 0.020000 -0.004157
229 -0.004000 -0.004157
230 0.032000 -0.004000
231 -0.028000 -0.004103
232 -0.084000 -0.004446
233 -0.048000 -0.004632
234 0.016000 -0.004545
235 0.020000 -0.004441
236 -0.060000 -0.004675
237 0.076000 -0.004336
238 -0.048000 -0.004519
239 0.004000 -0.004483
240 -0.004000 -0.004481
241 0.012000 -0.004413
242 -0.052000 -0.004609
243 -0.052000 -0.004803
244 -0.056000 -0.005012
245 0.000000 -0.004992
246 -0.028000 -0.005085
247 -0.048000 -0.005258
248 0.020000 -0.005157
249 0.040000 -0.004976
250 0.024000 -0.004861
251 -0.004000 -0.004857
252 0.052000 -0.004632
253 -0.064000 -0.004866
254 -0.024000 -0.004941
255 0.012000 -0.004875
256 0.008000 -0.004825
257 0.000000 -0.004806
258 0.016000 -0.004726
259 0.008000 -0.004677
260 0.092000 -0.004307
261 0.048000 -0.004107
262 0.016000 -0.004030
263 0.048000 -0.003833
264 -0.068000 -0.004075
265 0.068000 -0.003805
266 0.016000 -0.003730
267 0.064000 -0.003478
268 -0.032000 -0.003584
269 0.052000 -0.003378
270 -0.052000 -0.003557
271 0.064000 -0.003309
272 0.036000 -0.003165
273 0.024000 -0.003066
274 0.012000 -0.003011
275 0.008000 -0.002971
276 0.060000 -0.002744
277 0.048000 -0.002561
278 0.060000 -0.002337
279 -0.056000 -0.002529
280 -0.016000 -0.002577
281 -0.056000 -0.002766
282 0.024000 -0.002671
283 0.044000 -0.002507
284 0.016000 -0.002442
285 -0.036000 -0.002559
286 0.028000 -0.002453
287 0.068000 -0.002208
288 0.032000 -0.002090
289 0.076000 -0.001821
290 -0.008000 -0.001842
291 0.024000 -0.001753
292 -0.048000 -0.001911
293 0.060000 -0.001701
294 -0.012000 -0.001736
295 0.020000 -0.001662
296 0.028000 -0.001562
297 0.032000 -0.001450
298 0.064000 -0.001231
299 0.092000 -0.000920
300 -0.004000 -0.000930
301 -0.064000 -0.001139
302 0.000000 -0.001135
303 -0.044000 -0.001276
304 0.020000 -0.001207
305 -0.024000 -0.001281
306 0.004000 -0.001264
307 -0.024000 -0.001338
308 0.028000 -0.001243
309 0.056000 -0.001058
310 0.064000 -0.000849
311 0.016000 -0.000795
312 -0.040000 -0.000920
313 -0.032000 -0.001019
314 -0.084000 -0.001283
315 0.036000 -0.001165
316 -0.008000 -0.001186
317 -0.004000 -0.001195
318 0.060000 -0.001003
319 0.100000 -0.000687
320 -0.012000 -0.000723
321 -0.004000 -0.000733
322 0.028000 -0.000644
323 -0.008000 -0.000667
324 0.016000 -0.000615
325 -0.040000 -0.000736
326 -0.008000 -0.000758
327 -0.080000 -0.001000
328 0.008000 -0.000973
329 -0.008000 -0.000994
330 0.000000 -0.000991
331 0.068000 -0.000783
332 0.012000 -0.000745
333 0.008000 -0.000719
334 0.044000 -0.000585
335 0.000000 -0.000583
336 -0.024000 -0.000653
337 -0.012000 -0.000686
338 -0.048000 -0.000826
339 -0.032000 -0.000918
340 -0.048000 -0.001056
341 0.076000 -0.000830
342 -0.004000 -0.000840
343 0.028000 -0.000756
344 -0.012000 -0.000788
345 -0.004000 -0.000798
346 -0.024000 -0.000865
347 0.036000 -0.000759
348 -0.020000 -0.000814
349 -0.096000 -0.001086
350 -0.036000 -0.001185
351 0.016000 -0.001136
352 0.060000 -0.000963
353 -0.020000 -0.001017
354 0.020000 -0.000958
355 -0.096000 -0.001225
356 0.072000 -0.001020
357 -0.036000 -0.001117
358 -0.004000 -0.001125
359 -0.056000 -0.001278
360 -0.084000 -0.001507
361 -0.056000 -0.001657
362 0.004000 -0.001642
363 -0.016000 -0.001681
364 -0.036000 -0.001775
365 0.004000 -0.001760
366 0.060000 -0.001591
367 0.028000 -0.001511
368 0.024000 -0.001442
369 0.064000 -0.001265
370 -0.056000 -0.001412
371 -0.004000 -0.001419
372 -0.028000 -0.001491
373 0.016000 -0.001444
374 -0.004000 -0.001451
375 0.032000 -0.001362
376 0.016000 -0.001316
377 0.044000 -0.001196
378 0.040000 -0.001087
379 -0.008000 -0.001105
380 0.012000 -0.001071
381 -0.052000 -0.001204
382 0.044000 -0.001086
383 0.040000 -0.000979
384 0.064000 -0.000810
385 -0.056000 -0.000953
386 -0.024000 -0.001013
387 -0.024000 -0.001072
388 0.068000 -0.000895
389 0.000000 -0.000892
390 0.008000 -0.000870
391 -0.004000 -0.000878
392 -0.032000 -0.000957
393 -0.008000 -0.000975
394 0.044000 -0.000861
395 0.040000 -0.000758
396 -0.064000 -0.000917
397 0.016000 -0.000874
398 0.012000 -0.000842
399 0.024000 -0.000780
400 0.044000 -0.000668
401 -0.004000 -0.000677
402 -0.016000 -0.000715
403 0.012000 -0.000683
404 0.060000 -0.000533
405 0.016000 -0.000493
406 0.040000 -0.000393
407 0.012000 -0.000363
408 -0.032000 -0.000440
409 -0.008000 -0.000459
410 0.052000 -0.000331
411 0.008000 -0.000311
412 0.012000 -0.000281
413 0.036000 -0.000193
414 0.064000 -0.000039
415 0.012000 -0.000010
416 0.096000 0.000221
417 -0.012000 0.000191
418 -0.024000 0.000134
419 -0.044000 0.000029
420 0.020000 0.000076
421 0.016000 0.000114
422 -0.032000 0.000038
423 0.016000 0.000075
424 0.000000 0.000075
425 0.024000 0.000131
426 0.040000 0.000225
427 0.100000 0.000458
428 0.020000 0.000503
429 -0.076000 0.000326
430 -0.024000 0.000269
431 -0.020000 0.000222
432 0.012000 0.000249
433 0.000000 0.000249
434 0.004000 0.000257
435 0.076000 0.000431
436 0.048000 0.000540
437 0.000000 0.000539
438 0.028000 0.000601
439 -0.016000 0.000564
440 -0.052000 0.000444
441 0.020000 0.000489
442 -0.036000 0.000406
443 -0.008000 0.000387
444 -0.080000 0.000207
445 0.008000 0.000224
446 0.028000 0.000286
447 0.032000 0.000357
448 0.044000 0.000454
449 0.020000 0.000498
450 -0.012000 0.000470
451 0.020000 0.000513
452 -0.040000 0.000424
453 -0.016000 0.000388
454 -0.004000 0.000378
455 -0.032000 0.000307
456 -0.048000 0.000201
457 -0.028000 0.000140
458 0.040000 0.000227
459 0.040000 0.000313
460 -0.012000 0.000286
461 -0.036000 0.000208
462 -0.012000 0.000181
463 -0.032000 0.000112
464 0.028000 0.000172
465 -0.024000 0.000120
466 -0.112000 -0.000120
467 -0.040000 -0.000205
468 0.052000 -0.000094
469 0.072000 0.000060
470 0.016000 0.000093
471 0.024000 0.000144
472 -0.052000 0.000034
473 0.008000 0.000051
474 -0.036000 -0.000025
475 0.000000 -0.000025
476 -0.052000 -0.000134
477 -0.056000 -0.000251
478 -0.096000 -0.000451
479 -0.044000 -0.000542
480 0.004000 -0.000532
481 -0.048000 -0.000631
482 -0.032000 -0.000696
483 0.080000 -0.000529
484 0.044000 -0.000437
485 0.032000 -0.000370
486 0.028000 -0.000312
487 -0.092000 -0.000500
488 -0.032000 -0.000564
489 -0.068000 -0.000702
490 0.012000 -0.000676
491 -0.012000 -0.000699
492 0.040000 -0.000617
493 0.008000 -0.000599
494 0.024000 -0.000549
495 0.076000 -0.000395
496 0.000000 -0.000394
497 0.012000 -0.000369
498 -0.072000 -0.000513
499 0.012000 -0.000488
