0 1.000000 1.000000
1 0.000000 0.500000
2 0.004000 0.334667
3 -0.052000 0.238000
4 0.016000 0.193600
5 -0.120000 0.141333
6 -0.064000 0.112000
7 0.012000 0.099500
8 0.056000 0.094667
9 -0.044000 0.080800
10 -0.056000 0.068364
11 -0.012000 0.061667
12 0.136000 0.067385
13 0.012000 0.063429
14 -0.012000 0.058400
15 -0.012000 0.054000
16 -0.080000 0.046118
17 -0.060000 0.040222
18 0.084000 0.042526
19 0.032000 0.042000
20 0.020000 0.040952
21 -0.068000 0.036000
22 -0.020000 0.033565
23 0.044000 0.034000
24 0.120000 0.037440
25 -0.024000 0.035077
26 -0.036000 0.032444
27 0.084000 0.034286
28 0.088000 0.036138
29 0.024000 0.035733
30 0.012000 0.034968
31 0.084000 0.036500
32 -0.020000 0.034788
33 0.024000 0.034471
34 0.048000 0.034857
35 0.040000 0.035000
36 -0.004000 0.033946
37 0.056000 0.034526
38 0.068000 0.035385
39 0.008000 0.034700
40 0.004000 0.033951
41 0.032000 0.033905
42 -0.008000 0.032930
43 -0.004000 0.032091
44 -0.040000 0.030489
45 0.048000 0.030870
46 0.068000 0.031660
47 -0.040000 0.030167
48 -0.072000 0.028082
49 0.044000 0.028400
50 -0.012000 0.027608
51 -0.060000 0.025923
52 -0.040000 0.024679
53 0.036000 0.024889
54 0.000000 0.024436
55 0.084000 0.025500
56 0.004000 0.025123
57 0.000000 0.024690
58 -0.076000 0.022983
59 -0.040000 0.021933
60 -0.012000 0.021377
61 0.032000 0.021548
62 -0.004000 0.021143
63 -0.012000 0.020625
64 -0.020000 0.020000
65 -0.052000 0.018909
66 0.040000 0.019224
67 0.028000 0.019353
68 0.052000 0.019826
69 -0.008000 0.019429
70 0.044000 0.019775
71 -0.020000 0.019222
72 -0.032000 0.018521
73 -0.064000 0.017405
74 0.004000 0.017227
75 -0.040000 0.016474
76 0.040000 0.016779
77 -0.020000 0.016308
78 0.064000 0.016911
79 -0.020000 0.016450
80 -0.120000 0.014765
81 -0.020000 0.014341
82 0.028000 0.014506
83 -0.028000 0.014000
84 -0.004000 0.013788
85 -0.020000 0.013395
86 0.012000 0.013379
87 0.036000 0.013636
88 -0.040000 0.013034
89 -0.028000 0.012578
90 -0.096000 0.011385
91 0.024000 0.011522
92 -0.008000 0.011312
93 -0.020000 0.010979
94 -0.048000 0.010358
95 0.100000 0.011292
96 0.016000 0.011340
97 0.024000 0.011469
98 -0.016000 0.011192
99 -0.012000 0.010960
100 -0.036000 0.010495
101 -0.044000 0.009961
102 0.008000 0.009942
103 -0.004000 0.009808
104 0.004000 0.009752
105 0.084000 0.010453
106 0.032000 0.010654
107 0.076000 0.011259
108 0.032000 0.011450
109 0.048000 0.011782
110 0.000000 0.011676
111 0.000000 0.011571
112 -0.040000 0.011115
113 0.008000 0.011088
114 0.008000 0.011061
115 0.104000 0.011862
116 -0.028000 0.011521
117 0.048000 0.011831
118 -0.004000 0.011697
119 0.080000 0.012267
120 0.060000 0.012661
121 -0.008000 0.012492
122 0.024000 0.012585
123 -0.056000 0.012032
124 -0.012000 0.011840
125 -0.064000 0.011238
126 -0.036000 0.010866
127 -0.012000 0.010688
128 0.008000 0.010667
129 0.028000 0.010800
130 0.052000 0.011115
131 0.000000 0.011030
132 0.024000 0.011128
133 0.024000 0.011224
134 0.040000 0.011437
135 0.056000 0.011765
136 0.060000 0.012117
137 -0.044000 0.011710
138 0.016000 0.011741
139 0.052000 0.012029
140 0.072000 0.012454
141 0.076000 0.012901
142 0.040000 0.013091
143 0.100000 0.013694
144 0.056000 0.013986
145 -0.032000 0.013671
146 0.080000 0.014122
147 -0.032000 0.013811
148 0.024000 0.013879
149 -0.032000 0.013573
150 0.016000 0.013589
151 0.072000 0.013974
152 0.108000 0.014588
153 0.012000 0.014571
154 -0.004000 0.014452
155 0.020000 0.014487
156 -0.032000 0.014191
157 -0.012000 0.014025
158 0.008000 0.013987
159 0.012000 0.013975
160 0.000000 0.013888
161 0.024000 0.013951
162 0.072000 0.014307
163 0.028000 0.014390
164 -0.032000 0.014109
165 0.040000 0.014265
166 -0.028000 0.014012
167 -0.016000 0.013833
168 -0.072000 0.013325
169 -0.036000 0.013035
170 0.052000 0.013263
171 0.084000 0.013674
172 0.004000 0.013618
173 0.028000 0.013701
174 0.024000 0.013760
175 -0.044000 0.013432
176 -0.048000 0.013085
177 -0.028000 0.012854
178 -0.036000 0.012581
179 -0.020000 0.012400
180 -0.028000 0.012177
181 0.052000 0.012396
182 0.028000 0.012481
183 0.012000 0.012478
184 0.104000 0.012973
185 -0.032000 0.012731
186 -0.032000 0.012492
187 0.028000 0.012574
188 -0.036000 0.012317
189 -0.044000 0.012021
190 0.048000 0.012209
191 -0.036000 0.011958
192 -0.020000 0.011793
193 -0.024000 0.011608
194 -0.008000 0.011508
195 0.056000 0.011735
196 -0.032000 0.011513
197 -0.008000 0.011414
198 -0.012000 0.011296
199 -0.032000 0.011080
200 -0.020000 0.010925
201 -0.004000 0.010851
202 0.028000 0.010936
203 0.012000 0.010941
204 -0.012000 0.010829
205 -0.052000 0.010524
206 -0.020000 0.010377
207 -0.072000 0.009981
208 -0.040000 0.009742
209 -0.008000 0.009657
210 -0.084000 0.009213
211 0.016000 0.009245
212 -0.004000 0.009183
213 0.072000 0.009477
214 0.028000 0.009563
215 -0.040000 0.009333
216 -0.004000 0.009272
217 -0.072000 0.008899
218 -0.064000 0.008566
219 0.020000 0.008618
220 0.008000 0.008615
221 -0.072000 0.008252
222 0.060000 0.008484
223 -0.020000 0.008357
224 0.016000 0.008391
225 0.076000 0.008690
226 0.004000 0.008670
227 0.044000 0.008825
228 -0.008000 0.008751
229 -0.016000 0.008643
230 0.012000 0.008658
231 -0.012000 0.008569
232 -0.028000 0.008412
233 0.036000 0.008530
234 0.016000 0.008562
235 0.020000 0.008610
236 0.100000 0.008996
237 0.060000 0.009210
238 -0.004000 0.009155
239 0.032000 0.009250
240 -0.016000 0.009145
241 0.028000 0.009223
242 -0.016000 0.009119
243 0.052000 0.009295
244 0.000000 0.009257
245 0.096000 0.009610
246 -0.012000 0.009522
247 0.068000 0.009758
248 0.064000 0.009976
249 -0.032000 0.009808
250 -0.016000 0.009705
251 -0.040000 0.009508
252 0.016000 0.009534
253 0.036000 0.009638
254 0.036000 0.009741
255 0.020000 0.009781
256 0.048000 0.009930
257 0.072000 0.010171
258 0.128000 0.010625
259 0.060000 0.010815
260 -0.016000 0.010713
261 0.016000 0.010733
262 -0.024000 0.010601
263 0.020000 0.010636
264 -0.004000 0.010581
265 0.064000 0.010782
266 0.000000 0.010742
267 0.020000 0.010776
268 0.064000 0.010974
269 0.056000 0.011141
270 0.000000 0.011100
271 -0.060000 0.010838
272 -0.044000 0.010637
273 -0.020000 0.010526
274 -0.008000 0.010458
275 -0.016000 0.010362
276 0.044000 0.010484
277 0.036000 0.010576
278 0.020000 0.010609
279 0.096000 0.010914
280 0.068000 0.011117
281 -0.048000 0.010908
282 -0.020000 0.010799
283 -0.040000 0.010620
284 -0.024000 0.010498
285 -0.032000 0.010350
286 -0.052000 0.010132
287 -0.004000 0.010083
288 0.036000 0.010173
289 -0.008000 0.010110
290 0.112000 0.010460
291 -0.008000 0.010397
292 0.000000 0.010362
293 -0.028000 0.010231
294 -0.040000 0.010061
295 -0.036000 0.009905
296 -0.052000 0.009697
297 -0.008000 0.009638
298 -0.016000 0.009552
299 0.012000 0.009560
300 0.060000 0.009728
301 0.052000 0.009868
302 -0.028000 0.009743
303 -0.048000 0.009553
304 0.004000 0.009534
305 -0.056000 0.009320
306 -0.072000 0.009055
307 0.008000 0.009052
308 -0.052000 0.008854
309 -0.040000 0.008697
310 -0.044000 0.008527
311 0.016000 0.008551
312 0.096000 0.008831
313 -0.056000 0.008624
314 -0.032000 0.008495
315 -0.020000 0.008405
316 -0.052000 0.008215
317 -0.016000 0.008138
318 0.000000 0.008113
319 0.016000 0.008137
320 0.000000 0.008112
321 -0.052000 0.007925
322 -0.036000 0.007789
323 0.024000 0.007840
324 -0.036000 0.007705
325 -0.040000 0.007558
326 -0.028000 0.007450
327 -0.060000 0.007244
328 -0.008000 0.007198
329 0.000000 0.007176
330 0.072000 0.007372
331 0.028000 0.007434
332 -0.080000 0.007171
333 0.032000 0.007246
334 0.004000 0.007236
335 -0.032000 0.007119
336 -0.012000 0.007062
337 -0.020000 0.006982
338 -0.084000 0.006714
339 0.048000 0.006835
340 -0.004000 0.006804
341 0.048000 0.006924
342 0.028000 0.006985
343 -0.052000 0.006814
344 0.044000 0.006922
345 -0.004000 0.006890
346 -0.016000 0.006824
347 0.008000 0.006828
348 -0.004000 0.006797
349 0.012000 0.006811
350 0.032000 0.006883
351 -0.020000 0.006807
352 0.036000 0.006890
353 0.044000 0.006994
354 0.008000 0.006997
355 -0.020000 0.006921
356 0.004000 0.006913
357 -0.036000 0.006793
358 -0.020000 0.006719
359 0.056000 0.006856
360 0.028000 0.006914
361 0.028000 0.006972
362 0.032000 0.007041
363 0.012000 0.007055
364 0.036000 0.007134
365 0.012000 0.007148
366 -0.028000 0.007052
367 0.004000 0.007043
368 -0.020000 0.006970
369 0.044000 0.007070
370 0.004000 0.007062
371 0.064000 0.007215
372 0.024000 0.007260
373 0.080000 0.007455
374 0.092000 0.007680
375 0.064000 0.007830
376 0.064000 0.007979
377 -0.004000 0.007947
378 0.016000 0.007968
379 0.012000 0.007979
380 0.020000 0.008010
381 -0.016000 0.007948
382 0.024000 0.007990
383 0.012000 0.008000
384 0.036000 0.008073
385 0.084000 0.008269
386 0.076000 0.008444
387 0.004000 0.008433
388 0.000000 0.008411
389 -0.040000 0.008287
390 -0.012000 0.008235
391 -0.004000 0.008204
392 0.024000 0.008244
393 0.020000 0.008274
394 0.036000 0.008344
395 0.044000 0.008434
396 0.124000 0.008725
397 0.064000 0.008864
398 -0.028000 0.008772
399 -0.024000 0.008690
400 -0.052000 0.008539
401 0.004000 0.008527
402 0.000000 0.008506
403 -0.012000 0.008455
404 -0.004000 0.008425
405 0.028000 0.008473
406 0.052000 0.008580
407 0.164000 0.008961
408 -0.004000 0.008929
409 0.020000 0.008956
410 0.024000 0.008993
411 -0.056000 0.008835
412 -0.052000 0.008688
413 -0.072000 0.008493
414 -0.004000 0.008463
415 -0.040000 0.008346
416 0.024000 0.008384
417 0.060000 0.008507
418 0.052000 0.008611
419 -0.072000 0.008419
420 -0.012000 0.008371
421 -0.012000 0.008322
422 -0.048000 0.008189
423 -0.088000 0.007962
424 -0.012000 0.007915
425 0.000000 0.007897
426 -0.056000 0.007747
427 -0.012000 0.007701
428 0.068000 0.007841
429 0.076000 0.008000
430 -0.052000 0.007861
431 -0.044000 0.007741
432 -0.036000 0.007640
433 -0.004000 0.007613
434 -0.048000 0.007485
435 -0.008000 0.007450
436 -0.008000 0.007414
437 -0.016000 0.007361
438 -0.024000 0.007289
439 0.020000 0.007318
440 0.044000 0.007401
441 -0.072000 0.007222
442 -0.056000 0.007079
443 -0.032000 0.006991
444 -0.076000 0.006804
445 -0.012000 0.006762
446 0.004000 0.006756
447 0.036000 0.006821
448 0.024000 0.006860
449 -0.080000 0.006667
450 0.040000 0.006741
451 -0.008000 0.006708
452 -0.048000 0.006587
453 -0.004000 0.006564
454 -0.020000 0.006505
455 -0.092000 0.006289
456 0.048000 0.006381
457 0.004000 0.006376
458 0.008000 0.006379
459 0.000000 0.006365
460 -0.056000 0.006230
461 0.036000 0.006294
462 0.032000 0.006350
463 -0.008000 0.006319
464 -0.024000 0.006254
465 -0.020000 0.006197
466 -0.008000 0.006167
467 0.004000 0.006162
468 -0.024000 0.006098
469 0.040000 0.006170
470 0.028000 0.006217
471 -0.040000 0.006119
472 -0.032000 0.006038
473 -0.028000 0.005966
474 -0.048000 0.005853
475 -0.004000 0.005832
476 0.012000 0.005845
477 0.048000 0.005933
478 0.028000 0.005979
479 0.016000 0.006000
480 0.012000 0.006012
481 -0.012000 0.005975
482 0.004000 0.005971
483 0.012000 0.005983
484 0.004000 0.005979
485 -0.020000 0.005926
486 0.020000 0.005955
487 0.024000 0.005992
488 0.056000 0.006094
489 0.048000 0.006180
490 0.028000 0.006224
491 0.116000 0.006447
492 0.036000 0.006507
493 0.024000 0.006543
494 0.028000 0.006586
495 0.000000 0.006573
496 -0.020000 0.006519
497 0.056000 0.006618
498 -0.008000 0.006589
499 0.024000 0.006624
