0 0.088000 0.088000 4500
1 0.085333 0.086667 4500
2 0.092000 0.088444 4500
3 0.089333 0.088667 4500
4 0.090222 0.088978 4500
5 0.088444 0.088889 4500
6 0.084444 0.088254 4500
7 0.084444 0.087778 4500
8 0.090222 0.088049 4500
9 0.088000 0.088044 4500
10 0.086667 0.087919 4500
11 0.088000 0.087926 4500
12 0.087111 0.087863 4500
13 0.088444 0.087905 4500
14 0.087111 0.087852 4500
15 0.088444 0.087889 4500
16 0.089333 0.087974 4500
17 0.090667 0.088123 4500
18 0.088444 0.088140 4500
19 0.088000 0.088133 4500
20 0.088000 0.088127 4500
21 0.088444 0.088141 4500
22 0.089333 0.088193 4500
23 0.093778 0.088426 4500
24 0.090222 0.088498 4500
25 0.090222 0.088564 4500
26 0.088889 0.088576 4500
27 0.094667 0.088794 4500
28 0.090667 0.088858 4500
29 0.088000 0.088830 4500
30 0.090222 0.088875 4500
31 0.085778 0.088778 4500
32 0.090667 0.088835 4500
33 0.091111 0.088902 4500
34 0.088889 0.088902 4500
35 0.089333 0.088914 4500
36 0.088000 0.088889 4500
37 0.086667 0.088830 4500
38 0.089333 0.088843 4500
39 0.091556 0.088911 4500
40 0.085333 0.088824 4500
41 0.090667 0.088868 4500
42 0.088444 0.088858 4500
43 0.085333 0.088778 4500
44 0.093778 0.088889 4500
45 0.089778 0.088908 4500
46 0.087111 0.088870 4500
47 0.092444 0.088944 4500
48 0.088889 0.088943 4500
49 0.087556 0.088916 4500
50 0.089333 0.088924 4500
51 0.089333 0.088932 4500
52 0.086222 0.088881 4500
53 0.094667 0.088988 4500
54 0.089333 0.088994 4500
55 0.091556 0.089040 4500
56 0.090667 0.089068 4500
57 0.090667 0.089096 4500
58 0.087556 0.089070 4500
59 0.088444 0.089059 4500
60 0.088444 0.089049 4500
61 0.088000 0.089032 4500
62 0.085333 0.088974 4500
63 0.087556 0.088951 4500
64 0.090222 0.088971 4500
65 0.089333 0.088976 4500
66 0.086667 0.088942 4500
67 0.088444 0.088935 4500
68 0.087556 0.088915 4500
69 0.087111 0.088889 4500
70 0.087556 0.088870 4500
71 0.089778 0.088883 4500
72 0.084000 0.088816 4500
73 0.090222 0.088835 4500
74 0.089333 0.088841 4500
75 0.090667 0.088865 4500
76 0.088444 0.088860 4500
77 0.085778 0.088821 4500
78 0.089778 0.088833 4500
79 0.091556 0.088867 4500
80 0.087556 0.088850 4500
81 0.084889 0.088802 4500
82 0.088444 0.088798 4500
83 0.086667 0.088772 4500
84 0.086222 0.088742 4500
85 0.089778 0.088755 4500
86 0.090667 0.088777 4500
87 0.084000 0.088722 4500
88 0.084889 0.088679 4500
89 0.087111 0.088662 4500
90 0.084000 0.088611 4500
91 0.084000 0.088560 4500
92 0.086667 0.088540 4500
93 0.086222 0.088515 4500
94 0.089333 0.088524 4500
95 0.086222 0.088500 4500
96 0.088889 0.088504 4500
97 0.089778 0.088517 4500
98 0.083111 0.088462 4500
99 0.084889 0.088427 4500
