0 0.084000 0.084000 4500
1 0.085778 0.084889 4500
2 0.088889 0.086222 4500
3 0.087111 0.086444 4500
4 0.089333 0.087022 4500
5 0.086667 0.086963 4500
6 0.083111 0.086413 4500
7 0.084000 0.086111 4500
8 0.088444 0.086370 4500
9 0.086667 0.086400 4500
10 0.084000 0.086182 4500
11 0.084889 0.086074 4500
12 0.083111 0.085846 4500
13 0.084889 0.085778 4500
14 0.085333 0.085748 4500
15 0.086667 0.085806 4500
16 0.087111 0.085882 4500
17 0.088444 0.086025 4500
18 0.089333 0.086199 4500
19 0.088444 0.086311 4500
20 0.086222 0.086307 4500
21 0.085778 0.086283 4500
22 0.086667 0.086300 4500
23 0.084889 0.086241 4500
24 0.087111 0.086276 4500
25 0.085778 0.086256 4500
26 0.091111 0.086436 4500
27 0.087556 0.086476 4500
28 0.084000 0.086391 4500
29 0.085778 0.086370 4500
30 0.084889 0.086323 4500
31 0.082222 0.086194 4500
32 0.088444 0.086263 4500
33 0.086667 0.086275 4500
34 0.082667 0.086171 4500
35 0.084444 0.086123 4500
36 0.088444 0.086186 4500
37 0.081333 0.086058 4500
38 0.088444 0.086120 4500
39 0.088444 0.086178 4500
40 0.084444 0.086136 4500
41 0.084000 0.086085 4500
42 0.084889 0.086057 4500
43 0.084000 0.086010 4500
44 0.088444 0.086064 4500
45 0.086667 0.086077 4500
46 0.085778 0.086071 4500
47 0.088889 0.086130 4500
48 0.085333 0.086113 4500
49 0.087111 0.086133 4500
50 0.085333 0.086118 4500
51 0.091111 0.086214 4500
52 0.082222 0.086138 4500
53 0.089333 0.086198 4500
54 0.086222 0.086198 4500
55 0.088444 0.086238 4500
56 0.084000 0.086199 4500
57 0.084444 0.086169 4500
58 0.086222 0.086169 4500
59 0.080889 0.086081 4500
60 0.086222 0.086084 4500
61 0.088444 0.086122 4500
62 0.084889 0.086102 4500
63 0.087111 0.086118 4500
64 0.087556 0.086140 4500
65 0.086667 0.086148 4500
66 0.086667 0.086156 4500
67 0.086667 0.086163 4500
68 0.083556 0.086126 4500
69 0.085333 0.086114 4500
70 0.086222 0.086116 4500
71 0.088444 0.086148 4500
72 0.086667 0.086155 4500
73 0.087111 0.086168 4500
74 0.089333 0.086210 4500
75 0.088889 0.086246 4500
76 0.086222 0.086245 4500
77 0.084000 0.086217 4500
78 0.089333 0.086256 4500
79 0.086667 0.086261 4500
80 0.085333 0.086250 4500
81 0.088889 0.086282 4500
82 0.088444 0.086308 4500
83 0.088444 0.086333 4500
84 0.082667 0.086290 4500
85 0.087111 0.086300 4500
86 0.086222 0.086299 4500
87 0.084889 0.086283 4500
88 0.085778 0.086277 4500
89 0.087556 0.086291 4500
90 0.083111 0.086256 4500
91 0.083111 0.086222 4500
92 0.080000 0.086155 4500
93 0.082667 0.086118 4500
94 0.086667 0.086124 4500
95 0.084000 0.086102 4500
96 0.086667 0.086108 4500
97 0.084889 0.086095 4500
98 0.085778 0.086092 4500
99 0.084000 0.086071 4500
0 0.159111 0.159111 4500
1 0.161778 0.160444 4500
2 0.160444 0.160444 4500
3 0.159111 0.160111 4500
4 0.165778 0.161244 4500
5 0.157778 0.160667 4500
6 0.157778 0.160254 4500
7 0.159556 0.160167 4500
8 0.164889 0.160691 4500
9 0.158222 0.160444 4500
10 0.154222 0.159879 4500
11 0.155111 0.159481 4500
12 0.156889 0.159282 4500
13 0.158667 0.159238 4500
14 0.155556 0.158993 4500
15 0.163556 0.159278 4500
16 0.159556 0.159294 4500
17 0.161778 0.159432 4500
18 0.163556 0.159649 4500
19 0.164444 0.159889 4500
20 0.162667 0.160021 4500
21 0.157778 0.159919 4500
22 0.154667 0.159691 4500
23 0.155556 0.159519 4500
24 0.160444 0.159556 4500
25 0.159111 0.159538 4500
26 0.162222 0.159638 4500
27 0.161333 0.159698 4500
28 0.156889 0.159602 4500
29 0.161778 0.159674 4500
30 0.158667 0.159642 4500
31 0.152889 0.159431 4500
32 0.160444 0.159461 4500
33 0.158667 0.159438 4500
34 0.156000 0.159340 4500
35 0.157778 0.159296 4500
36 0.162222 0.159375 4500
37 0.153778 0.159228 4500
38 0.164000 0.159350 4500
39 0.159111 0.159344 4500
40 0.157778 0.159306 4500
41 0.161333 0.159354 4500
42 0.160000 0.159370 4500
43 0.161333 0.159414 4500
44 0.163111 0.159496 4500
45 0.160444 0.159517 4500
46 0.160889 0.159546 4500
47 0.163111 0.159620 4500
48 0.157333 0.159574 4500
49 0.158222 0.159547 4500
50 0.158667 0.159529 4500
51 0.163111 0.159598 4500
52 0.152444 0.159463 4500
53 0.164444 0.159556 4500
54 0.154222 0.159459 4500
55 0.160889 0.159484 4500
56 0.156444 0.159431 4500
57 0.154667 0.159349 4500
58 0.160000 0.159360 4500
59 0.153778 0.159267 4500
60 0.160000 0.159279 4500
61 0.160444 0.159297 4500
62 0.157778 0.159273 4500
63 0.157778 0.159250 4500
64 0.158222 0.159234 4500
65 0.157778 0.159212 4500
66 0.163556 0.159277 4500
67 0.157333 0.159248 4500
68 0.158222 0.159233 4500
69 0.159111 0.159232 4500
70 0.163111 0.159286 4500
71 0.158222 0.159272 4500
72 0.154667 0.159209 4500
73 0.165333 0.159291 4500
74 0.160889 0.159313 4500
75 0.162222 0.159351 4500
76 0.160889 0.159371 4500
77 0.152889 0.159288 4500
78 0.163556 0.159342 4500
79 0.160000 0.159350 4500
80 0.156444 0.159314 4500
81 0.161778 0.159344 4500
82 0.162667 0.159384 4500
83 0.161778 0.159413 4500
84 0.156889 0.159383 4500
85 0.160889 0.159401 4500
86 0.163556 0.159448 4500
87 0.156000 0.159409 4500
88 0.160444 0.159421 4500
89 0.161778 0.159447 4500
90 0.160444 0.159458 4500
91 0.159111 0.159454 4500
92 0.156444 0.159422 4500
93 0.155556 0.159381 4500
94 0.158667 0.159373 4500
95 0.159111 0.159370 4500
96 0.158222 0.159359 4500
97 0.160889 0.159374 4500
98 0.160444 0.159385 4500
99 0.156444 0.159356 4500
0 0.236444 0.236444 4500
1 0.241333 0.238889 4500
2 0.238222 0.238667 4500
3 0.237333 0.238333 4500
4 0.241778 0.239022 4500
5 0.240889 0.239333 4500
6 0.241778 0.239683 4500
7 0.237333 0.239389 4500
8 0.244000 0.239901 4500
9 0.242222 0.240133 4500
10 0.234667 0.239636 4500
11 0.234222 0.239185 4500
12 0.234667 0.238838 4500
13 0.233333 0.238444 4500
14 0.232000 0.238015 4500
15 0.240444 0.238167 4500
16 0.238667 0.238196 4500
17 0.238667 0.238222 4500
18 0.242667 0.238456 4500
19 0.244000 0.238733 4500
20 0.242667 0.238921 4500
21 0.237778 0.238869 4500
22 0.231556 0.238551 4500
23 0.237333 0.238500 4500
24 0.237333 0.238453 4500
25 0.239111 0.238479 4500
26 0.242222 0.238617 4500
27 0.232889 0.238413 4500
28 0.235556 0.238314 4500
29 0.236444 0.238252 4500
30 0.237778 0.238237 4500
31 0.228000 0.237917 4500
32 0.238667 0.237939 4500
33 0.236000 0.237882 4500
34 0.234222 0.237778 4500
35 0.240889 0.237864 4500
36 0.245333 0.238066 4500
37 0.227556 0.237789 4500
38 0.246667 0.238017 4500
39 0.237778 0.238011 4500
40 0.235556 0.237951 4500
41 0.235111 0.237884 4500
42 0.238667 0.237902 4500
43 0.240444 0.237960 4500
44 0.239556 0.237995 4500
45 0.241333 0.238068 4500
46 0.236889 0.238043 4500
47 0.240000 0.238083 4500
48 0.234222 0.238005 4500
49 0.231556 0.237876 4500
50 0.236000 0.237839 4500
51 0.244444 0.237966 4500
52 0.231111 0.237836 4500
53 0.244444 0.237959 4500
54 0.239111 0.237980 4500
55 0.240000 0.238016 4500
56 0.236000 0.237981 4500
57 0.233778 0.237908 4500
58 0.235556 0.237868 4500
59 0.228000 0.237704 4500
60 0.237778 0.237705 4500
61 0.240444 0.237749 4500
62 0.230667 0.237637 4500
63 0.236444 0.237618 4500
64 0.233778 0.237559 4500
65 0.236889 0.237549 4500
66 0.243556 0.237638 4500
67 0.237333 0.237634 4500
68 0.235111 0.237597 4500
69 0.238222 0.237606 4500
70 0.240889 0.237653 4500
71 0.234667 0.237611 4500
72 0.232444 0.237540 4500
73 0.241778 0.237598 4500
74 0.236889 0.237588 4500
75 0.245333 0.237690 4500
76 0.237333 0.237685 4500
77 0.232000 0.237613 4500
78 0.244889 0.237705 4500
79 0.241778 0.237756 4500
80 0.235111 0.237723 4500
81 0.239111 0.237740 4500
82 0.241778 0.237788 4500
83 0.240444 0.237820 4500
84 0.233778 0.237773 4500
85 0.239556 0.237793 4500
86 0.240889 0.237829 4500
87 0.232889 0.237773 4500
88 0.237333 0.237768 4500
89 0.237333 0.237763 4500
90 0.236889 0.237753 4500
91 0.237778 0.237754 4500
92 0.239111 0.237768 4500
93 0.234667 0.237735 4500
94 0.237778 0.237736 4500
95 0.241778 0.237778 4500
96 0.237333 0.237773 4500
97 0.242222 0.237819 4500
98 0.233778 0.237778 4500
99 0.233778 0.237738 4500
0 0.156444 0.156444 4500
1 0.166222 0.161333 4500
2 0.160444 0.161037 4500
3 0.157333 0.160111 4500
4 0.172000 0.162489 4500
5 0.163556 0.162667 4500
6 0.164000 0.162857 4500
7 0.156889 0.162111 4500
8 0.159556 0.161827 4500
9 0.163111 0.161956 4500
10 0.155556 0.161374 4500
11 0.157333 0.161037 4500
12 0.153778 0.160479 4500
13 0.159556 0.160413 4500
14 0.152000 0.159852 4500
15 0.161778 0.159972 4500
16 0.159111 0.159922 4500
17 0.163111 0.160099 4500
18 0.165333 0.160374 4500
19 0.160889 0.160400 4500
20 0.163111 0.160529 4500
21 0.162222 0.160606 4500
22 0.153778 0.160309 4500
23 0.155111 0.160093 4500
24 0.157778 0.160000 4500
25 0.160889 0.160034 4500
26 0.165778 0.160247 4500
27 0.155556 0.160079 4500
28 0.156444 0.159954 4500
29 0.160889 0.159985 4500
30 0.159556 0.159971 4500
31 0.152889 0.159750 4500
32 0.157778 0.159690 4500
33 0.156000 0.159582 4500
34 0.157778 0.159530 4500
35 0.169778 0.159815 4500
36 0.166222 0.159988 4500
37 0.150222 0.159731 4500
38 0.165778 0.159886 4500
39 0.162222 0.159944 4500
40 0.159556 0.159935 4500
41 0.161333 0.159968 4500
42 0.162222 0.160021 4500
43 0.161778 0.160061 4500
44 0.160444 0.160069 4500
45 0.164444 0.160164 4500
46 0.157333 0.160104 4500
47 0.156889 0.160037 4500
48 0.155111 0.159937 4500
49 0.150667 0.159751 4500
50 0.159556 0.159747 4500
51 0.171111 0.159966 4500
52 0.150222 0.159782 4500
53 0.166222 0.159901 4500
54 0.162222 0.159943 4500
55 0.164000 0.160016 4500
56 0.167111 0.160140 4500
57 0.157333 0.160092 4500
58 0.156444 0.160030 4500
59 0.149778 0.159859 4500
60 0.160000 0.159862 4500
61 0.159111 0.159849 4500
62 0.152000 0.159725 4500
63 0.163556 0.159785 4500
64 0.156444 0.159733 4500
65 0.156444 0.159684 4500
66 0.161333 0.159708 4500
67 0.162222 0.159745 4500
68 0.151556 0.159626 4500
69 0.163556 0.159683 4500
70 0.157778 0.159656 4500
71 0.156000 0.159605 4500
72 0.150667 0.159482 4500
73 0.165778 0.159568 4500
74 0.158222 0.159550 4500
75 0.168889 0.159673 4500
76 0.161333 0.159694 4500
77 0.153333 0.159613 4500
78 0.168889 0.159730 4500
79 0.163111 0.159772 4500
80 0.156000 0.159726 4500
81 0.163111 0.159767 4500
82 0.165333 0.159834 4500
83 0.160444 0.159841 4500
84 0.153778 0.159770 4500
85 0.163111 0.159809 4500
86 0.160000 0.159811 4500
87 0.156889 0.159778 4500
88 0.159556 0.159775 4500
89 0.159111 0.159768 4500
90 0.156889 0.159736 4500
91 0.157778 0.159715 4500
92 0.160444 0.159723 4500
93 0.158222 0.159707 4500
94 0.161333 0.159724 4500
95 0.168444 0.159815 4500
96 0.163556 0.159853 4500
97 0.161778 0.159873 4500
98 0.152000 0.159793 4500
99 0.153333 0.159729 4500
0 0.155556 0.155556 4500
1 0.173333 0.164444 4500
2 0.161778 0.163556 4500
3 0.161333 0.163000 4500
4 0.172444 0.164889 4500
5 0.169333 0.165630 4500
6 0.163111 0.165270 4500
7 0.162222 0.164889 4500
8 0.161333 0.164494 4500
9 0.164000 0.164444 4500
10 0.156889 0.163758 4500
11 0.157333 0.163222 4500
12 0.156889 0.162735 4500
13 0.159111 0.162476 4500
14 0.158222 0.162193 4500
15 0.166222 0.162444 4500
16 0.159111 0.162248 4500
17 0.169333 0.162642 4500
18 0.162222 0.162620 4500
19 0.162222 0.162600 4500
20 0.161778 0.162561 4500
21 0.167111 0.162768 4500
22 0.155111 0.162435 4500
23 0.158222 0.162259 4500
24 0.161333 0.162222 4500
25 0.157778 0.162051 4500
26 0.167556 0.162255 4500
27 0.149333 0.161794 4500
28 0.159556 0.161716 4500
29 0.154222 0.161467 4500
30 0.160889 0.161448 4500
31 0.151556 0.161139 4500
32 0.162667 0.161185 4500
33 0.154667 0.160993 4500
34 0.163111 0.161054 4500
35 0.173778 0.161407 4500
36 0.171111 0.161670 4500
37 0.147556 0.161298 4500
38 0.172444 0.161584 4500
39 0.168889 0.161767 4500
40 0.165778 0.161864 4500
41 0.168000 0.162011 4500
42 0.164444 0.162067 4500
43 0.164000 0.162111 4500
44 0.160444 0.162074 4500
45 0.165333 0.162145 4500
46 0.158222 0.162061 4500
47 0.159111 0.162000 4500
48 0.159111 0.161941 4500
49 0.152000 0.161742 4500
50 0.168444 0.161874 4500
51 0.180444 0.162231 4500
52 0.157333 0.162138 4500
53 0.167111 0.162230 4500
54 0.161778 0.162222 4500
55 0.160444 0.162190 4500
56 0.168889 0.162308 4500
57 0.157333 0.162222 4500
58 0.162222 0.162222 4500
59 0.156444 0.162126 4500
60 0.162222 0.162128 4500
61 0.160889 0.162108 4500
62 0.152444 0.161954 4500
63 0.166222 0.162021 4500
64 0.154667 0.161908 4500
65 0.154222 0.161791 4500
66 0.164444 0.161831 4500
67 0.160000 0.161804 4500
68 0.148889 0.161617 4500
69 0.166222 0.161683 4500
70 0.156444 0.161609 4500
71 0.154667 0.161512 4500
72 0.153778 0.161406 4500
73 0.162222 0.161417 4500
74 0.161333 0.161416 4500
75 0.171556 0.161550 4500
76 0.159111 0.161518 4500
77 0.160889 0.161510 4500
78 0.164889 0.161553 4500
79 0.168000 0.161633 4500
80 0.152000 0.161514 4500
81 0.164000 0.161545 4500
82 0.167556 0.161617 4500
83 0.162667 0.161630 4500
84 0.152889 0.161527 4500
85 0.161778 0.161530 4500
86 0.160889 0.161522 4500
87 0.154667 0.161444 4500
88 0.160000 0.161428 4500
89 0.160000 0.161412 4500
90 0.157333 0.161368 4500
91 0.163111 0.161386 4500
92 0.166667 0.161443 4500
93 0.164000 0.161470 4500
94 0.164000 0.161497 4500
95 0.167556 0.161560 4500
96 0.160889 0.161553 4500
97 0.167111 0.161610 4500
98 0.149333 0.161486 4500
99 0.155556 0.161427 4500
0 0.189333 0.189333 4500
1 0.208000 0.198667 4500
2 0.200000 0.199111 4500
3 0.197778 0.198778 4500
4 0.213333 0.201689 4500
5 0.204000 0.202074 4500
6 0.194667 0.201016 4500
7 0.196444 0.200444 4500
8 0.190667 0.199358 4500
9 0.196889 0.199111 4500
10 0.190667 0.198343 4500
11 0.188444 0.197519 4500
12 0.187556 0.196752 4500
13 0.195111 0.196635 4500
14 0.188444 0.196089 4500
15 0.197333 0.196167 4500
16 0.192000 0.195922 4500
17 0.207556 0.196568 4500
18 0.197333 0.196608 4500
19 0.196000 0.196578 4500
20 0.192444 0.196381 4500
21 0.200000 0.196545 4500
22 0.189778 0.196251 4500
23 0.184889 0.195778 4500
24 0.198222 0.195876 4500
25 0.192889 0.195761 4500
26 0.200000 0.195918 4500
27 0.177778 0.195270 4500
28 0.192000 0.195157 4500
29 0.188000 0.194919 4500
30 0.191111 0.194796 4500
31 0.190222 0.194653 4500
32 0.198667 0.194774 4500
33 0.181333 0.194379 4500
34 0.196000 0.194425 4500
35 0.206667 0.194765 4500
36 0.203111 0.194991 4500
37 0.182667 0.194667 4500
38 0.207111 0.194986 4500
39 0.208889 0.195333 4500
40 0.202667 0.195512 4500
41 0.204889 0.195735 4500
42 0.198667 0.195804 4500
43 0.202667 0.195960 4500
44 0.188889 0.195802 4500
45 0.200444 0.195903 4500
46 0.201333 0.196019 4500
47 0.191111 0.195917 4500
48 0.192889 0.195855 4500
49 0.188889 0.195716 4500
50 0.202222 0.195843 4500
51 0.217333 0.196256 4500
52 0.192000 0.196176 4500
53 0.202222 0.196288 4500
54 0.199556 0.196347 4500
55 0.197333 0.196365 4500
56 0.203556 0.196491 4500
57 0.195556 0.196475 4500
58 0.195111 0.196452 4500
59 0.188889 0.196326 4500
60 0.198222 0.196357 4500
61 0.198222 0.196387 4500
62 0.189778 0.196282 4500
63 0.201778 0.196368 4500
64 0.190222 0.196274 4500
65 0.193333 0.196229 4500
66 0.193333 0.196186 4500
67 0.192889 0.196137 4500
68 0.180889 0.195916 4500
69 0.202222 0.196006 4500
70 0.190667 0.195931 4500
71 0.191111 0.195864 4500
72 0.187556 0.195750 4500
73 0.192000 0.195700 4500
74 0.195111 0.195692 4500
75 0.202667 0.195784 4500
76 0.186667 0.195665 4500
77 0.194667 0.195652 4500
78 0.201333 0.195724 4500
79 0.205333 0.195844 4500
80 0.186667 0.195731 4500
81 0.197333 0.195751 4500
82 0.203111 0.195839 4500
83 0.193778 0.195815 4500
84 0.189778 0.195744 4500
85 0.195111 0.195736 4500
86 0.192444 0.195699 4500
87 0.188444 0.195616 4500
88 0.190222 0.195556 4500
89 0.194667 0.195546 4500
90 0.196000 0.195551 4500
91 0.200000 0.195599 4500
92 0.203556 0.195685 4500
93 0.197778 0.195707 4500
94 0.199111 0.195743 4500
95 0.197778 0.195764 4500
96 0.192444 0.195730 4500
97 0.202667 0.195800 4500
98 0.187111 0.195713 4500
99 0.184000 0.195596 4500
0 0.183111 0.183111 4500
1 0.200000 0.191556 4500
2 0.202667 0.195259 4500
3 0.187556 0.193333 4500
4 0.206667 0.196000 4500
5 0.194222 0.195704 4500
6 0.191111 0.195048 4500
7 0.187556 0.194111 4500
8 0.183556 0.192938 4500
9 0.186222 0.192267 4500
10 0.184444 0.191556 4500
11 0.178222 0.190444 4500
12 0.180000 0.189641 4500
13 0.184444 0.189270 4500
14 0.181333 0.188741 4500
15 0.189333 0.188778 4500
16 0.188889 0.188784 4500
17 0.200444 0.189432 4500
18 0.191556 0.189544 4500
19 0.192444 0.189689 4500
20 0.187556 0.189587 4500
21 0.190222 0.189616 4500
22 0.180889 0.189237 4500
23 0.185778 0.189093 4500
24 0.192000 0.189209 4500
25 0.187556 0.189145 4500
26 0.191556 0.189235 4500
27 0.167556 0.188460 4500
28 0.186667 0.188398 4500
29 0.180000 0.188119 4500
30 0.184444 0.188000 4500
31 0.188444 0.188014 4500
32 0.192000 0.188135 4500
33 0.179111 0.187869 4500
34 0.189778 0.187924 4500
35 0.200000 0.188259 4500
36 0.194222 0.188420 4500
37 0.172000 0.187988 4500
38 0.206222 0.188456 4500
39 0.204444 0.188856 4500
40 0.196444 0.189041 4500
41 0.198222 0.189259 4500
42 0.188444 0.189240 4500
43 0.195556 0.189384 4500
44 0.187556 0.189343 4500
45 0.196444 0.189498 4500
46 0.194222 0.189598 4500
47 0.176889 0.189333 4500
48 0.193333 0.189415 4500
49 0.181778 0.189262 4500
50 0.197333 0.189420 4500
51 0.212889 0.189872 4500
52 0.183556 0.189753 4500
53 0.195556 0.189860 4500
54 0.195111 0.189956 4500
55 0.190667 0.189968 4500
56 0.192444 0.190012 4500
57 0.189778 0.190008 4500
58 0.192000 0.190041 4500
59 0.180000 0.189874 4500
60 0.189778 0.189872 4500
61 0.189333 0.189864 4500
62 0.187556 0.189827 4500
63 0.202222 0.190021 4500
64 0.180000 0.189867 4500
65 0.189333 0.189859 4500
66 0.186667 0.189811 4500
67 0.188000 0.189784 4500
68 0.171111 0.189514 4500
69 0.194222 0.189581 4500
70 0.186222 0.189534 4500
71 0.181333 0.189420 4500
72 0.175556 0.189230 4500
73 0.183556 0.189153 4500
74 0.186222 0.189114 4500
75 0.186222 0.189076 4500
76 0.180000 0.188958 4500
77 0.191556 0.188991 4500
78 0.194222 0.189058 4500
79 0.203556 0.189239 4500
80 0.177333 0.189092 4500
81 0.195556 0.189171 4500
82 0.198667 0.189285 4500
83 0.185333 0.189238 4500
84 0.176889 0.189093 4500
85 0.184000 0.189034 4500
86 0.185778 0.188996 4500
87 0.185333 0.188955 4500
88 0.186222 0.188924 4500
89 0.185333 0.188884 4500
90 0.188444 0.188879 4500
91 0.196000 0.188957 4500
92 0.198222 0.189056 4500
93 0.190222 0.189069 4500
94 0.191111 0.189090 4500
95 0.187556 0.189074 4500
96 0.182222 0.189003 4500
97 0.197333 0.189088 4500
98 0.178667 0.188983 4500
99 0.180000 0.188893 4500
0 0.163556 0.163556 4500
1 0.179111 0.171333 4500
2 0.186222 0.176296 4500
3 0.169778 0.174667 4500
4 0.194222 0.178578 4500
5 0.176889 0.178296 4500
6 0.169778 0.177079 4500
7 0.172000 0.176444 4500
8 0.164889 0.175160 4500
9 0.164889 0.174133 4500
10 0.169333 0.173697 4500
11 0.159556 0.172519 4500
12 0.164000 0.171863 4500
13 0.168000 0.171587 4500
14 0.168444 0.171378 4500
15 0.180000 0.171917 4500
16 0.173333 0.172000 4500
17 0.189778 0.172988 4500
18 0.176000 0.173146 4500
19 0.178667 0.173422 4500
20 0.168000 0.173164 4500
21 0.186667 0.173778 4500
22 0.158667 0.173121 4500
23 0.173333 0.173130 4500
24 0.180000 0.173404 4500
25 0.173333 0.173402 4500
26 0.172000 0.173350 4500
27 0.158222 0.172810 4500
28 0.172000 0.172782 4500
29 0.166667 0.172578 4500
30 0.173333 0.172602 4500
31 0.179556 0.172819 4500
32 0.173778 0.172848 4500
33 0.156000 0.172353 4500
34 0.170667 0.172305 4500
35 0.185333 0.172667 4500
36 0.177333 0.172793 4500
37 0.154667 0.172316 4500
38 0.186222 0.172672 4500
39 0.186667 0.173022 4500
40 0.177333 0.173127 4500
41 0.181778 0.173333 4500
42 0.169333 0.173240 4500
43 0.169778 0.173162 4500
44 0.171111 0.173116 4500
45 0.182222 0.173314 4500
46 0.174222 0.173333 4500
47 0.160889 0.173074 4500
48 0.179111 0.173197 4500
49 0.168889 0.173111 4500
50 0.186222 0.173368 4500
51 0.196889 0.173821 4500
52 0.167556 0.173702 4500
53 0.181778 0.173852 4500
54 0.177333 0.173915 4500
55 0.175111 0.173937 4500
56 0.177333 0.173996 4500
57 0.172444 0.173969 4500
58 0.176444 0.174011 4500
59 0.162667 0.173822 4500
60 0.169333 0.173749 4500
61 0.177778 0.173814 4500
62 0.166222 0.173693 4500
63 0.184889 0.173868 4500
64 0.165778 0.173744 4500
65 0.175111 0.173764 4500
66 0.173333 0.173758 4500
67 0.172889 0.173745 4500
68 0.155111 0.173475 4500
69 0.181333 0.173587 4500
70 0.174222 0.173596 4500
71 0.165333 0.173481 4500
72 0.159111 0.173285 4500
73 0.166667 0.173195 4500
74 0.167556 0.173120 4500
75 0.163556 0.172994 4500
76 0.158222 0.172802 4500
77 0.170667 0.172775 4500
78 0.181333 0.172883 4500
79 0.184444 0.173028 4500
80 0.155556 0.172812 4500
81 0.171111 0.172791 4500
82 0.180444 0.172884 4500
83 0.171556 0.172868 4500
84 0.154222 0.172648 4500
85 0.168000 0.172594 4500
86 0.166222 0.172521 4500
87 0.171111 0.172505 4500
88 0.162222 0.172390 4500
89 0.168000 0.172341 4500
90 0.172000 0.172337 4500
91 0.184000 0.172464 4500
92 0.185333 0.172602 4500
93 0.174667 0.172624 4500
94 0.166222 0.172557 4500
95 0.172444 0.172556 4500
96 0.160444 0.172431 4500
97 0.176444 0.172472 4500
98 0.159111 0.172337 4500
99 0.160000 0.172213 4500
