0 0.109333 0.109333 4500
1 0.000444 0.054889 4500
2 0.003556 0.037778 4500
3 -0.001778 0.027889 4500
4 0.001333 0.022578 4500
5 -0.003556 0.018222 4500
6 -0.002222 0.015302 4500
7 0.001333 0.013556 4500
8 0.008444 0.012988 4500
9 0.000889 0.011778 4500
10 0.005333 0.011192 4500
11 0.010667 0.011148 4500
12 -0.008000 0.009675 4500
13 0.000000 0.008984 4500
14 0.000000 0.008385 4500
15 -0.000889 0.007806 4500
16 0.008000 0.007817 4500
17 -0.005778 0.007062 4500
18 -0.011556 0.006082 4500
19 0.010222 0.006289 4500
20 -0.003111 0.005841 4500
21 -0.001333 0.005515 4500
22 0.006222 0.005546 4500
23 0.008444 0.005667 4500
24 0.000444 0.005458 4500
25 -0.003111 0.005128 4500
26 -0.003556 0.004807 4500
27 -0.005333 0.004444 4500
28 -0.008889 0.003985 4500
29 0.002222 0.003926 4500
30 -0.001333 0.003756 4500
31 0.007111 0.003861 4500
32 -0.002222 0.003677 4500
33 -0.000444 0.003556 4500
34 0.000444 0.003467 4500
35 -0.001778 0.003321 4500
36 0.007111 0.003423 4500
37 0.001778 0.003380 4500
38 -0.009778 0.003043 4500
39 -0.006667 0.002800 4500
40 0.004000 0.002829 4500
41 0.000444 0.002772 4500
42 0.001333 0.002739 4500
43 -0.005778 0.002545 4500
44 -0.004000 0.002400 4500
45 -0.004000 0.002261 4500
46 -0.002222 0.002165 4500
47 -0.002222 0.002074 4500
48 -0.004889 0.001932 4500
49 -0.004444 0.001804 4500
50 0.003556 0.001839 4500
51 -0.002222 0.001761 4500
52 0.002222 0.001769 4500
53 -0.002222 0.001695 4500
54 0.000889 0.001681 4500
55 0.000889 0.001667 4500
56 -0.002667 0.001591 4500
57 0.002667 0.001609 4500
58 0.010667 0.001763 4500
59 0.002222 0.001770 4500
60 0.004889 0.001821 4500
61 -0.003556 0.001735 4500
62 0.002667 0.001750 4500
63 0.008889 0.001861 4500
64 -0.000444 0.001826 4500
65 -0.005333 0.001717 4500
66 0.000889 0.001705 4500
67 0.007556 0.001791 4500
68 -0.007111 0.001662 4500
69 -0.003556 0.001587 4500
70 -0.000444 0.001559 4500
71 -0.000889 0.001525 4500
72 0.012000 0.001668 4500
73 0.000000 0.001646 4500
74 0.003111 0.001665 4500
75 -0.004444 0.001585 4500
76 -0.004889 0.001501 4500
77 0.008000 0.001584 4500
78 -0.001333 0.001547 4500
79 0.000000 0.001528 4500
80 -0.000889 0.001498 4500
81 0.006222 0.001556 4500
82 0.006667 0.001617 4500
83 0.007111 0.001683 4500
84 0.000000 0.001663 4500
85 0.002222 0.001669 4500
86 0.004444 0.001701 4500
87 0.002667 0.001712 4500
88 0.000444 0.001698 4500
89 -0.012000 0.001546 4500
90 -0.002667 0.001499 4500
91 -0.007111 0.001406 4500
92 0.002222 0.001415 4500
93 -0.004444 0.001352 4500
94 0.000444 0.001343 4500
95 -0.006222 0.001264 4500
96 -0.005333 0.001196 4500
97 -0.002667 0.001156 4500
98 0.001333 0.001158 4500
99 -0.007111 0.001076 4500
