0 0.099556 0.099556 4500
1 0.073778 0.086667 4500
2 0.072444 0.081926 4500
3 0.075556 0.080333 4500
4 0.076444 0.079556 4500
5 0.079556 0.079556 4500
6 0.069333 0.078095 4500
7 0.073778 0.077556 4500
8 0.074667 0.077235 4500
9 0.072000 0.076711 4500
10 0.068444 0.075960 4500
11 0.067111 0.075222 4500
12 0.077778 0.075419 4500
13 0.065778 0.074730 4500
14 0.067556 0.074252 4500
15 0.068444 0.073889 4500
16 0.064889 0.073359 4500
17 0.067556 0.073037 4500
18 0.080889 0.073450 4500
19 0.076000 0.073578 4500
20 0.072889 0.073545 4500
21 0.073333 0.073535 4500
22 0.065333 0.073179 4500
23 0.072444 0.073148 4500
24 0.067556 0.072924 4500
25 0.072889 0.072923 4500
26 0.066222 0.072675 4500
27 0.070667 0.072603 4500
28 0.073778 0.072644 4500
29 0.066667 0.072444 4500
30 0.071111 0.072401 4500
31 0.074222 0.072458 4500
32 0.067556 0.072310 4500
33 0.069778 0.072235 4500
34 0.060889 0.071911 4500
35 0.076444 0.072037 4500
36 0.071556 0.072024 4500
37 0.064889 0.071836 4500
38 0.064000 0.071635 4500
39 0.067111 0.071522 4500
40 0.073333 0.071566 4500
41 0.079111 0.071746 4500
42 0.065333 0.071597 4500
43 0.072000 0.071606 4500
44 0.075111 0.071684 4500
45 0.074222 0.071739 4500
46 0.067111 0.071641 4500
47 0.071111 0.071630 4500
48 0.068000 0.071556 4500
49 0.067111 0.071467 4500
50 0.065778 0.071355 4500
51 0.070222 0.071333 4500
52 0.068000 0.071270 4500
53 0.066667 0.071185 4500
54 0.072444 0.071208 4500
55 0.069333 0.071175 4500
56 0.074667 0.071236 4500
57 0.068444 0.071188 4500
58 0.069778 0.071164 4500
59 0.066222 0.071081 4500
60 0.068444 0.071038 4500
61 0.061778 0.070889 4500
62 0.061778 0.070744 4500
63 0.061333 0.070597 4500
64 0.062667 0.070475 4500
65 0.077778 0.070586 4500
66 0.070222 0.070580 4500
67 0.069778 0.070569 4500
68 0.069778 0.070557 4500
69 0.069778 0.070546 4500
70 0.063111 0.070441 4500
71 0.068444 0.070414 4500
72 0.067556 0.070374 4500
73 0.068444 0.070348 4500
74 0.064889 0.070276 4500
75 0.065333 0.070211 4500
76 0.063111 0.070118 4500
77 0.071556 0.070137 4500
78 0.066222 0.070087 4500
79 0.070667 0.070094 4500
80 0.059556 0.069964 4500
81 0.071111 0.069978 4500
82 0.063111 0.069896 4500
83 0.067556 0.069868 4500
84 0.065333 0.069814 4500
85 0.064444 0.069752 4500
86 0.060889 0.069650 4500
87 0.061778 0.069561 4500
88 0.064000 0.069498 4500
89 0.066222 0.069462 4500
90 0.066222 0.069426 4500
91 0.063556 0.069362 4500
92 0.070667 0.069376 4500
93 0.061333 0.069291 4500
94 0.068889 0.069287 4500
95 0.064000 0.069231 4500
96 0.066222 0.069200 4500
97 0.068444 0.069193 4500
98 0.061333 0.069113 4500
99 0.062222 0.069044 4500
100 0.065333 0.069008 4500
101 0.066667 0.068985 4500
102 0.069778 0.068992 4500
103 0.063111 0.068936 4500
104 0.064000 0.068889 4500
105 0.061333 0.068818 4500
106 0.064889 0.068781 4500
107 0.057333 0.068675 4500
108 0.071111 0.068697 4500
109 0.064000 0.068655 4500
110 0.058667 0.068565 4500
111 0.063111 0.068516 4500
112 0.056889 0.068413 4500
113 0.064000 0.068374 4500
114 0.062667 0.068325 4500
115 0.061333 0.068264 4500
116 0.067556 0.068258 4500
117 0.059556 0.068185 4500
118 0.063111 0.068142 4500
119 0.063111 0.068100 4500
120 0.063111 0.068059 4500
121 0.064889 0.068033 4500
122 0.058667 0.067957 4500
123 0.064000 0.067925 4500
124 0.058667 0.067851 4500
125 0.064000 0.067820 4500
126 0.060889 0.067766 4500
127 0.064444 0.067740 4500
128 0.065778 0.067724 4500
129 0.065333 0.067706 4500
130 0.057778 0.067630 4500
131 0.057778 0.067556 4500
132 0.069333 0.067569 4500
133 0.055556 0.067479 4500
134 0.057778 0.067407 4500
135 0.062667 0.067373 4500
136 0.065333 0.067358 4500
137 0.059556 0.067301 4500
138 0.059111 0.067242 4500
139 0.055556 0.067159 4500
140 0.062667 0.067127 4500
141 0.050667 0.067011 4500
142 0.062667 0.066981 4500
143 0.058222 0.066920 4500
144 0.064444 0.066903 4500
145 0.060444 0.066858 4500
146 0.068000 0.066866 4500
147 0.061778 0.066832 4500
148 0.060444 0.066789 4500
149 0.061778 0.066756 4500
150 0.052000 0.066658 4500
151 0.060000 0.066614 4500
152 0.052444 0.066521 4500
153 0.056889 0.066459 4500
154 0.057778 0.066403 4500
155 0.060000 0.066362 4500
156 0.058222 0.066310 4500
157 0.056000 0.066245 4500
158 0.052000 0.066155 4500
159 0.059556 0.066114 4500
160 0.060000 0.066076 4500
161 0.063111 0.066058 4500
162 0.064889 0.066050 4500
163 0.063111 0.066033 4500
164 0.057333 0.065980 4500
165 0.056444 0.065922 4500
166 0.060000 0.065887 4500
167 0.056000 0.065828 4500
168 0.059111 0.065788 4500
169 0.058667 0.065746 4500
170 0.067111 0.065754 4500
171 0.058222 0.065711 4500
172 0.059556 0.065675 4500
173 0.058222 0.065632 4500
174 0.052889 0.065559 4500
175 0.057778 0.065515 4500
176 0.053778 0.065449 4500
177 0.066667 0.065456 4500
178 0.060889 0.065430 4500
179 0.059556 0.065398 4500
180 0.056000 0.065346 4500
181 0.062667 0.065331 4500
182 0.052444 0.065260 4500
183 0.055111 0.065205 4500
184 0.056889 0.065160 4500
185 0.061333 0.065140 4500
186 0.058667 0.065105 4500
187 0.053778 0.065045 4500
188 0.060000 0.065018 4500
189 0.054667 0.064964 4500
190 0.060000 0.064938 4500
191 0.046667 0.064843 4500
192 0.051111 0.064771 4500
193 0.058667 0.064740 4500
194 0.053333 0.064681 4500
195 0.057778 0.064646 4500
196 0.055556 0.064600 4500
197 0.058222 0.064568 4500
198 0.051556 0.064503 4500
199 0.050222 0.064431 4500
200 0.061333 0.064416 4500
201 0.058667 0.064387 4500
202 0.056889 0.064350 4500
203 0.056000 0.064309 4500
204 0.054222 0.064260 4500
205 0.052000 0.064201 4500
206 0.054667 0.064155 4500
207 0.056444 0.064118 4500
208 0.054222 0.064070 4500
209 0.058222 0.064042 4500
210 0.056000 0.064004 4500
211 0.051556 0.063945 4500
212 0.052889 0.063894 4500
213 0.057778 0.063865 4500
214 0.058222 0.063839 4500
215 0.050667 0.063778 4500
216 0.052000 0.063724 4500
217 0.056444 0.063690 4500
218 0.050222 0.063629 4500
219 0.050222 0.063568 4500
220 0.049333 0.063503 4500
221 0.054222 0.063461 4500
222 0.048889 0.063396 4500
223 0.048889 0.063331 4500
224 0.049778 0.063271 4500
225 0.048000 0.063204 4500
226 0.053778 0.063162 4500
227 0.052444 0.063115 4500
228 0.048000 0.063049 4500
229 0.057333 0.063024 4500
230 0.055111 0.062990 4500
231 0.053333 0.062948 4500
232 0.047111 0.062880 4500
233 0.050222 0.062826 4500
234 0.052889 0.062784 4500
235 0.048000 0.062721 4500
236 0.048000 0.062659 4500
237 0.053778 0.062622 4500
238 0.052889 0.062581 4500
239 0.060889 0.062574 4500
240 0.051111 0.062527 4500
241 0.054222 0.062492 4500
242 0.055111 0.062462 4500
243 0.053333 0.062424 4500
244 0.049778 0.062373 4500
245 0.051556 0.062329 4500
246 0.050667 0.062282 4500
247 0.051111 0.062237 4500
248 0.053333 0.062201 4500
249 0.052000 0.062160 4500
250 0.050222 0.062112 4500
251 0.052889 0.062076 4500
252 0.050222 0.062029 4500
253 0.059111 0.062017 4500
254 0.047111 0.061959 4500
255 0.048889 0.061908 4500
256 0.056000 0.061885 4500
257 0.052444 0.061848 4500
258 0.055556 0.061824 4500
259 0.047556 0.061769 4500
260 0.052444 0.061734 4500
261 0.047556 0.061679 4500
262 0.048889 0.061631 4500
263 0.055111 0.061606 4500
264 0.048444 0.061556 4500
265 0.047111 0.061502 4500
266 0.054667 0.061476 4500
267 0.053333 0.061446 4500
268 0.050222 0.061404 4500
269 0.050222 0.061363 4500
270 0.050222 0.061322 4500
271 0.041778 0.061250 4500
272 0.049778 0.061208 4500
273 0.043556 0.061144 4500
274 0.048444 0.061097 4500
275 0.054222 0.061072 4500
276 0.055111 0.061051 4500
277 0.044444 0.060991 4500
278 0.047111 0.060941 4500
279 0.061333 0.060943 4500
280 0.052889 0.060914 4500
281 0.052889 0.060886 4500
282 0.052444 0.060856 4500
283 0.046222 0.060804 4500
284 0.049333 0.060764 4500
285 0.044444 0.060707 4500
286 0.054667 0.060686 4500
287 0.058222 0.060677 4500
288 0.045333 0.060624 4500
289 0.058667 0.060618 4500
290 0.050222 0.060582 4500
291 0.044889 0.060528 4500
292 0.046667 0.060481 4500
293 0.047556 0.060437 4500
294 0.048444 0.060396 4500
295 0.044889 0.060344 4500
296 0.046222 0.060296 4500
297 0.055111 0.060279 4500
298 0.052444 0.060253 4500
299 0.049778 0.060218 4500
300 0.051111 0.060188 4500
301 0.043556 0.060132 4500
302 0.049778 0.060098 4500
303 0.050222 0.060066 4500
304 0.039556 0.059999 4500
305 0.047556 0.059958 4500
306 0.040444 0.059894 4500
307 0.051556 0.059867 4500
308 0.045778 0.059822 4500
309 0.048000 0.059784 4500
310 0.051556 0.059757 4500
311 0.051111 0.059729 4500
312 0.047556 0.059690 4500
313 0.044444 0.059642 4500
314 0.046222 0.059599 4500
315 0.049778 0.059568 4500
316 0.049333 0.059536 4500
317 0.042222 0.059481 4500
318 0.048444 0.059447 4500
319 0.055111 0.059433 4500
320 0.043556 0.059384 4500
321 0.051111 0.059358 4500
322 0.049778 0.059329 4500
323 0.047111 0.059291 4500
324 0.050667 0.059264 4500
325 0.044000 0.059217 4500
326 0.048444 0.059185 4500
327 0.045333 0.059142 4500
328 0.050222 0.059115 4500
329 0.036889 0.059048 4500
330 0.044444 0.059004 4500
331 0.045778 0.058964 4500
332 0.041333 0.058911 4500
333 0.049333 0.058882 4500
334 0.048444 0.058851 4500
335 0.044889 0.058810 4500
336 0.045778 0.058771 4500
337 0.051111 0.058748 4500
338 0.044444 0.058706 4500
339 0.047111 0.058672 4500
340 0.043556 0.058628 4500
341 0.044444 0.058586 4500
342 0.049333 0.058559 4500
343 0.053333 0.058544 4500
344 0.044444 0.058503 4500
345 0.040444 0.058451 4500
346 0.046667 0.058417 4500
347 0.042667 0.058372 4500
348 0.045333 0.058334 4500
349 0.042667 0.058290 4500
350 0.046667 0.058256 4500
351 0.042222 0.058211 4500
352 0.047111 0.058179 4500
353 0.042667 0.058136 4500
354 0.049778 0.058112 4500
355 0.040889 0.058064 4500
356 0.044444 0.058026 4500
357 0.040889 0.057978 4500
358 0.041333 0.057931 4500
359 0.043556 0.057891 4500
360 0.039556 0.057841 4500
361 0.052889 0.057827 4500
362 0.048000 0.057800 4500
363 0.047111 0.057770 4500
364 0.045333 0.057736 4500
365 0.043556 0.057698 4500
366 0.039111 0.057647 4500
367 0.044000 0.057610 4500
368 0.042222 0.057568 4500
369 0.044444 0.057533 4500
370 0.044889 0.057499 4500
371 0.045778 0.057467 4500
372 0.042222 0.057426 4500
373 0.036444 0.057370 4500
374 0.041778 0.057329 4500
375 0.042222 0.057288 4500
376 0.042222 0.057248 4500
377 0.045333 0.057217 4500
378 0.044444 0.057183 4500
379 0.042667 0.057145 4500
380 0.046667 0.057118 4500
381 0.036000 0.057062 4500
382 0.039556 0.057017 4500
383 0.040000 0.056972 4500
384 0.045333 0.056942 4500
385 0.045778 0.056913 4500
386 0.038222 0.056865 4500
387 0.036889 0.056813 4500
388 0.045778 0.056785 4500
389 0.043111 0.056750 4500
390 0.040889 0.056709 4500
391 0.041778 0.056671 4500
392 0.042222 0.056634 4500
393 0.048444 0.056614 4500
394 0.044444 0.056583 4500
395 0.048000 0.056561 4500
396 0.040889 0.056522 4500
397 0.039111 0.056478 4500
398 0.044889 0.056449 4500
399 0.037778 0.056402 4500
400 0.039111 0.056359 4500
401 0.043556 0.056327 4500
402 0.041333 0.056290 4500
403 0.036444 0.056241 4500
404 0.050667 0.056227 4500
405 0.044000 0.056197 4500
406 0.041333 0.056161 4500
407 0.042222 0.056126 4500
408 0.040889 0.056089 4500
409 0.039111 0.056048 4500
410 0.044889 0.056021 4500
411 0.040889 0.055984 4500
412 0.041778 0.055949 4500
413 0.043111 0.055918 4500
414 0.041333 0.055883 4500
415 0.038667 0.055842 4500
416 0.046667 0.055820 4500
417 0.037778 0.055777 4500
418 0.043556 0.055748 4500
419 0.042222 0.055715 4500
420 0.044000 0.055688 4500
421 0.037333 0.055644 4500
422 0.041778 0.055611 4500
423 0.040889 0.055577 4500
424 0.045333 0.055552 4500
425 0.042222 0.055521 4500
426 0.044000 0.055494 4500
427 0.040444 0.055459 4500
428 0.040444 0.055424 4500
429 0.040444 0.055389 4500
430 0.036444 0.055345 4500
431 0.038667 0.055307 4500
432 0.039556 0.055270 4500
433 0.041333 0.055238 4500
434 0.040444 0.055204 4500
435 0.038222 0.055165 4500
436 0.045333 0.055143 4500
437 0.045778 0.055121 4500
438 0.042667 0.055093 4500
439 0.041778 0.055063 4500
440 0.039111 0.055026 4500
441 0.036000 0.054983 4500
442 0.036000 0.054941 4500
443 0.037778 0.054902 4500
444 0.041778 0.054872 4500
445 0.037778 0.054834 4500
446 0.035556 0.054791 4500
447 0.049333 0.054779 4500
448 0.037778 0.054741 4500
449 0.046222 0.054722 4500
450 0.039111 0.054687 4500
451 0.034667 0.054643 4500
452 0.037778 0.054606 4500
453 0.041333 0.054577 4500
454 0.043556 0.054552 4500
455 0.041333 0.054523 4500
456 0.037333 0.054486 4500
457 0.036000 0.054445 4500
458 0.040889 0.054416 4500
459 0.043556 0.054392 4500
460 0.035111 0.054350 4500
461 0.042667 0.054325 4500
462 0.035111 0.054284 4500
463 0.039556 0.054252 4500
464 0.039111 0.054219 4500
465 0.039556 0.054188 4500
466 0.041333 0.054160 4500
467 0.038222 0.054126 4500
468 0.033778 0.054083 4500
469 0.043111 0.054060 4500
470 0.041778 0.054033 4500
471 0.039111 0.054002 4500
472 0.037333 0.053967 4500
473 0.043556 0.053945 4500
474 0.034667 0.053904 4500
475 0.040000 0.053875 4500
476 0.036444 0.053838 4500
477 0.037333 0.053804 4500
478 0.035111 0.053765 4500
479 0.030667 0.053717 4500
480 0.034667 0.053677 4500
481 0.033778 0.053636 4500
482 0.040000 0.053608 4500
483 0.031111 0.053561 4500
484 0.035556 0.053524 4500
485 0.036889 0.053490 4500
486 0.036889 0.053456 4500
487 0.041333 0.053431 4500
488 0.033778 0.053391 4500
489 0.038222 0.053360 4500
490 0.038222 0.053329 4500
491 0.043556 0.053309 4500
492 0.036889 0.053276 4500
493 0.031111 0.053231 4500
494 0.041778 0.053208 4500
495 0.033778 0.053168 4500
496 0.036444 0.053135 4500
497 0.035556 0.053100 4500
498 0.034222 0.053062 4500
499 0.036000 0.053028 4500
500 0.035111 0.052992 4500
501 0.042667 0.052971 4500
502 0.043556 0.052953 4500
503 0.038222 0.052923 4500
504 0.031556 0.052881 4500
505 0.030667 0.052837 4500
506 0.037778 0.052807 4500
507 0.036889 0.052776 4500
508 0.032889 0.052737 4500
509 0.034222 0.052701 4500
510 0.038667 0.052673 4500
511 0.031556 0.052632 4500
512 0.034667 0.052597 4500
513 0.029778 0.052553 4500
514 0.032000 0.052513 4500
515 0.031111 0.052471 4500
516 0.034222 0.052436 4500
517 0.033333 0.052399 4500
518 0.040000 0.052375 4500
519 0.036000 0.052344 4500
520 0.042667 0.052325 4500
521 0.036889 0.052295 4500
522 0.035111 0.052263 4500
523 0.033333 0.052226 4500
524 0.029778 0.052184 4500
525 0.034667 0.052150 4500
526 0.036000 0.052120 4500
527 0.031556 0.052081 4500
528 0.025333 0.052030 4500
529 0.030667 0.051990 4500
530 0.033778 0.051956 4500
531 0.036889 0.051927 4500
532 0.036889 0.051899 4500
533 0.030222 0.051859 4500
534 0.030222 0.051818 4500
535 0.028000 0.051774 4500
536 0.040444 0.051753 4500
537 0.036444 0.051724 4500
538 0.032444 0.051688 4500
539 0.031556 0.051651 4500
540 0.033333 0.051617 4500
541 0.034222 0.051585 4500
542 0.036889 0.051558 4500
543 0.032889 0.051524 4500
544 0.029333 0.051483 4500
545 0.041778 0.051465 4500
546 0.033333 0.051432 4500
547 0.033778 0.051400 4500
548 0.032000 0.051365 4500
549 0.031111 0.051328 4500
550 0.033778 0.051296 4500
551 0.032889 0.051262 4500
552 0.034222 0.051232 4500
553 0.035111 0.051203 4500
554 0.036889 0.051177 4500
555 0.032444 0.051143 4500
556 0.030667 0.051106 4500
557 0.032444 0.051073 4500
558 0.031111 0.051037 4500
559 0.030222 0.051000 4500
560 0.030222 0.050963 4500
561 0.034222 0.050933 4500
562 0.032889 0.050901 4500
563 0.031556 0.050867 4500
564 0.038667 0.050845 4500
565 0.041333 0.050828 4500
566 0.041333 0.050812 4500
567 0.034222 0.050782 4500
568 0.038667 0.050761 4500
569 0.037333 0.050738 4500
570 0.035556 0.050711 4500
571 0.031111 0.050677 4500
572 0.031111 0.050643 4500
573 0.026667 0.050601 4500
574 0.025778 0.050558 4500
575 0.034222 0.050529 4500
576 0.035111 0.050503 4500
577 0.037333 0.050480 4500
578 0.035111 0.050453 4500
579 0.029333 0.050417 4500
580 0.029333 0.050381 4500
581 0.032444 0.050350 4500
582 0.027111 0.050310 4500
583 0.024444 0.050266 4500
584 0.030667 0.050232 4500
585 0.032000 0.050201 4500
586 0.027111 0.050162 4500
587 0.032444 0.050132 4500
588 0.032444 0.050101 4500
589 0.022667 0.050055 4500
590 0.026222 0.050015 4500
591 0.033778 0.049987 4500
592 0.027556 0.049949 4500
593 0.032444 0.049920 4500
594 0.033333 0.049892 4500
595 0.030667 0.049860 4500
596 0.034222 0.049834 4500
597 0.028889 0.049799 4500
598 0.022222 0.049753 4500
599 0.024444 0.049710 4500
600 0.030667 0.049679 4500
601 0.030667 0.049647 4500
602 0.024000 0.049605 4500
603 0.023556 0.049561 4500
604 0.025333 0.049521 4500
605 0.031556 0.049492 4500
606 0.032444 0.049464 4500
607 0.025778 0.049425 4500
608 0.032889 0.049398 4500
609 0.027111 0.049361 4500
610 0.022667 0.049317 4500
611 0.031556 0.049288 4500
612 0.029333 0.049256 4500
613 0.030667 0.049225 4500
614 0.036889 0.049205 4500
615 0.032000 0.049177 4500
616 0.028889 0.049145 4500
617 0.031111 0.049115 4500
618 0.026667 0.049079 4500
619 0.029778 0.049048 4500
620 0.029778 0.049017 4500
621 0.030222 0.048987 4500
622 0.027111 0.048952 4500
623 0.026667 0.048916 4500
624 0.023556 0.048875 4500
625 0.029333 0.048844 4500
626 0.029333 0.048813 4500
627 0.026667 0.048778 4500
628 0.021333 0.048734 4500
629 0.034222 0.048711 4500
630 0.027111 0.048677 4500
631 0.027111 0.048643 4500
632 0.023556 0.048603 4500
633 0.030222 0.048574 4500
634 0.031556 0.048547 4500
635 0.027556 0.048514 4500
636 0.032889 0.048490 4500
637 0.027556 0.048457 4500
638 0.026222 0.048422 4500
639 0.026222 0.048387 4500
640 0.022222 0.048347 4500
641 0.025333 0.048311 4500
642 0.030222 0.048283 4500
643 0.028444 0.048252 4500
644 0.024000 0.048214 4500
645 0.023556 0.048176 4500
646 0.035556 0.048157 4500
647 0.032000 0.048132 4500
648 0.027556 0.048100 4500
649 0.028889 0.048070 4500
650 0.024889 0.048035 4500
651 0.027111 0.048003 4500
652 0.028889 0.047973 4500
653 0.025778 0.047940 4500
654 0.022667 0.047901 4500
655 0.026667 0.047869 4500
656 0.036889 0.047852 4500
657 0.023111 0.047814 4500
658 0.031556 0.047790 4500
659 0.031556 0.047765 4500
660 0.029333 0.047737 4500
661 0.027556 0.047707 4500
662 0.026222 0.047674 4500
663 0.030222 0.047648 4500
664 0.029333 0.047620 4500
665 0.021778 0.047582 4500
666 0.032000 0.047558 4500
667 0.032889 0.047536 4500
668 0.024889 0.047502 4500
669 0.028444 0.047474 4500
670 0.024889 0.047440 4500
671 0.024889 0.047407 4500
672 0.021778 0.047369 4500
673 0.028444 0.047341 4500
674 0.026667 0.047310 4500
675 0.027111 0.047280 4500
676 0.025778 0.047248 4500
677 0.037778 0.047234 4500
678 0.024889 0.047201 4500
679 0.021778 0.047164 4500
680 0.027556 0.047135 4500
681 0.032444 0.047114 4500
682 0.020444 0.047075 4500
683 0.023111 0.047040 4500
684 0.032000 0.047018 4500
685 0.028444 0.046991 4500
686 0.026667 0.046961 4500
687 0.026222 0.046931 4500
688 0.028000 0.046903 4500
689 0.017778 0.046861 4500
690 0.019111 0.046821 4500
691 0.036000 0.046805 4500
692 0.024444 0.046773 4500
693 0.032889 0.046753 4500
694 0.020000 0.046715 4500
695 0.029778 0.046690 4500
696 0.020889 0.046653 4500
697 0.023556 0.046620 4500
698 0.020889 0.046583 4500
699 0.026667 0.046555 4500
700 0.026222 0.046526 4500
701 0.026667 0.046498 4500
702 0.033333 0.046479 4500
703 0.019111 0.046440 4500
704 0.022222 0.046406 4500
705 0.024000 0.046374 4500
706 0.020000 0.046337 4500
707 0.031111 0.046315 4500
708 0.025778 0.046286 4500
709 0.030222 0.046264 4500
710 0.029333 0.046240 4500
711 0.026222 0.046212 4500
712 0.024889 0.046182 4500
713 0.028889 0.046157 4500
714 0.024889 0.046128 4500
715 0.028444 0.046103 4500
716 0.027111 0.046077 4500
717 0.028000 0.046051 4500
718 0.027111 0.046025 4500
719 0.023556 0.045994 4500
720 0.025778 0.045966 4500
721 0.026222 0.045938 4500
722 0.029333 0.045915 4500
723 0.020889 0.045881 4500
724 0.027111 0.045855 4500
725 0.019111 0.045818 4500
726 0.023111 0.045787 4500
727 0.023556 0.045756 4500
728 0.024444 0.045727 4500
729 0.017778 0.045689 4500
730 0.019556 0.045653 4500
731 0.024889 0.045625 4500
732 0.024444 0.045596 4500
733 0.023111 0.045565 4500
734 0.028000 0.045541 4500
735 0.023556 0.045511 4500
736 0.025778 0.045485 4500
737 0.014222 0.045442 4500
738 0.022667 0.045412 4500
739 0.025778 0.045385 4500
740 0.024000 0.045356 4500
741 0.024889 0.045329 4500
742 0.024444 0.045300 4500
743 0.025778 0.045274 4500
744 0.026667 0.045249 4500
745 0.024000 0.045221 4500
746 0.029778 0.045200 4500
747 0.026667 0.045175 4500
748 0.029778 0.045155 4500
749 0.021778 0.045124 4500
750 0.023556 0.045095 4500
751 0.020889 0.045063 4500
752 0.032000 0.045045 4500
753 0.020444 0.045013 4500
754 0.016444 0.044975 4500
755 0.022667 0.044945 4500
756 0.026222 0.044921 4500
757 0.017778 0.044885 4500
758 0.028000 0.044863 4500
759 0.026222 0.044838 4500
760 0.023556 0.044810 4500
761 0.029333 0.044790 4500
762 0.021778 0.044760 4500
763 0.022222 0.044730 4500
764 0.023111 0.044702 4500
765 0.016444 0.044665 4500
766 0.017333 0.044629 4500
767 0.021333 0.044599 4500
768 0.027111 0.044576 4500
769 0.018667 0.044543 4500
770 0.027111 0.044520 4500
771 0.030667 0.044502 4500
772 0.022222 0.044473 4500
773 0.019556 0.044441 4500
774 0.025333 0.044416 4500
775 0.021778 0.044387 4500
776 0.021778 0.044358 4500
777 0.020889 0.044328 4500
778 0.020889 0.044298 4500
779 0.024889 0.044273 4500
780 0.020444 0.044242 4500
781 0.020444 0.044212 4500
782 0.015111 0.044175 4500
783 0.021778 0.044146 4500
784 0.020444 0.044116 4500
785 0.016889 0.044081 4500
786 0.019111 0.044050 4500
787 0.016444 0.044015 4500
788 0.016000 0.043979 4500
789 0.021778 0.043951 4500
790 0.020444 0.043921 4500
791 0.022667 0.043895 4500
792 0.023556 0.043869 4500
793 0.021333 0.043840 4500
794 0.020000 0.043810 4500
795 0.017778 0.043778 4500
796 0.020889 0.043749 4500
797 0.024889 0.043725 4500
798 0.019111 0.043695 4500
799 0.024000 0.043670 4500
800 0.023111 0.043644 4500
801 0.018667 0.043613 4500
802 0.031111 0.043598 4500
803 0.025333 0.043575 4500
804 0.026667 0.043554 4500
805 0.021333 0.043526 4500
806 0.019556 0.043497 4500
807 0.020889 0.043469 4500
808 0.021333 0.043441 4500
809 0.026667 0.043421 4500
810 0.021333 0.043393 4500
811 0.015111 0.043359 4500
812 0.022667 0.043333 4500
813 0.020000 0.043304 4500
814 0.023111 0.043280 4500
815 0.019111 0.043250 4500
816 0.024444 0.043227 4500
817 0.022222 0.043201 4500
818 0.021333 0.043175 4500
819 0.018222 0.043144 4500
820 0.015111 0.043110 4500
821 0.018222 0.043080 4500
822 0.022667 0.043055 4500
823 0.014222 0.043020 4500
824 0.022667 0.042995 4500
825 0.024444 0.042973 4500
826 0.018667 0.042943 4500
827 0.015556 0.042910 4500
828 0.016444 0.042878 4500
829 0.026222 0.042858 4500
830 0.020000 0.042831 4500
831 0.018222 0.042801 4500
832 0.020000 0.042774 4500
833 0.023556 0.042751 4500
834 0.028889 0.042734 4500
835 0.024000 0.042712 4500
836 0.020444 0.042685 4500
837 0.019556 0.042658 4500
838 0.023111 0.042634 4500
839 0.015556 0.042602 4500
840 0.016444 0.042571 4500
841 0.024444 0.042549 4500
842 0.023111 0.042526 4500
843 0.014667 0.042493 4500
844 0.022667 0.042470 4500
845 0.021778 0.042445 4500
846 0.025333 0.042425 4500
847 0.020444 0.042399 4500
848 0.024444 0.042378 4500
849 0.023556 0.042356 4500
850 0.028000 0.042339 4500
851 0.017333 0.042310 4500
852 0.020000 0.042284 4500
853 0.016000 0.042253 4500
854 0.027111 0.042235 4500
855 0.024444 0.042214 4500
856 0.015556 0.042183 4500
857 0.025778 0.042164 4500
858 0.013333 0.042131 4500
859 0.020889 0.042106 4500
860 0.024889 0.042086 4500
861 0.016444 0.042056 4500
862 0.021778 0.042033 4500
863 0.016889 0.042004 4500
864 0.020000 0.041978 4500
865 0.019111 0.041952 4500
866 0.019556 0.041926 4500
867 0.021333 0.041902 4500
868 0.017778 0.041874 4500
869 0.019111 0.041848 4500
870 0.018667 0.041822 4500
871 0.024000 0.041801 4500
872 0.021333 0.041778 4500
873 0.022667 0.041756 4500
874 0.020444 0.041732 4500
875 0.023556 0.041711 4500
876 0.017333 0.041683 4500
877 0.014222 0.041652 4500
878 0.028444 0.041637 4500
879 0.017333 0.041609 4500
880 0.019111 0.041584 4500
881 0.022222 0.041562 4500
882 0.013778 0.041530 4500
883 0.020444 0.041506 4500
884 0.022222 0.041484 4500
885 0.019111 0.041459 4500
886 0.012889 0.041427 4500
887 0.021778 0.041405 4500
888 0.016000 0.041376 4500
889 0.015111 0.041347 4500
890 0.016889 0.041319 4500
891 0.024889 0.041301 4500
892 0.012444 0.041269 4500
893 0.020889 0.041246 4500
894 0.020444 0.041223 4500
895 0.016889 0.041195 4500
896 0.020444 0.041172 4500
897 0.020444 0.041149 4500
898 0.026222 0.041133 4500
899 0.016889 0.041106 4500
900 0.021333 0.041084 4500
901 0.008000 0.041047 4500
902 0.024000 0.041028 4500
903 0.025333 0.041011 4500
904 0.017778 0.040985 4500
905 0.018667 0.040961 4500
906 0.018222 0.040935 4500
907 0.018222 0.040910 4500
908 0.012444 0.040879 4500
909 0.021333 0.040858 4500
910 0.017333 0.040832 4500
911 0.021333 0.040810 4500
912 0.021778 0.040790 4500
913 0.023111 0.040770 4500
914 0.022222 0.040750 4500
915 0.015111 0.040722 4500
916 0.019111 0.040698 4500
917 0.014222 0.040670 4500
918 0.016000 0.040643 4500
919 0.018222 0.040618 4500
920 0.023111 0.040599 4500
921 0.016889 0.040574 4500
922 0.019556 0.040551 4500
923 0.010667 0.040519 4500
924 0.015556 0.040492 4500
925 0.019111 0.040468 4500
926 0.016889 0.040443 4500
927 0.017333 0.040418 4500
928 0.022222 0.040399 4500
929 0.028000 0.040385 4500
930 0.022667 0.040366 4500
931 0.018667 0.040343 4500
932 0.026222 0.040328 4500
933 0.016000 0.040302 4500
934 0.018222 0.040278 4500
935 0.020889 0.040257 4500
936 0.023111 0.040239 4500
937 0.026222 0.040224 4500
938 0.015111 0.040197 4500
939 0.026222 0.040183 4500
940 0.016000 0.040157 4500
941 0.012444 0.040127 4500
942 0.025778 0.040112 4500
943 0.017333 0.040088 4500
944 0.015556 0.040062 4500
945 0.013778 0.040034 4500
946 0.022667 0.040016 4500
947 0.032000 0.040008 4500
948 0.023556 0.039990 4500
949 0.025778 0.039975 4500
950 0.022222 0.039957 4500
951 0.023556 0.039939 4500
952 0.015556 0.039914 4500
953 0.023556 0.039897 4500
954 0.018222 0.039874 4500
955 0.024444 0.039858 4500
956 0.017778 0.039835 4500
957 0.021333 0.039815 4500
958 0.018667 0.039793 4500
959 0.024444 0.039777 4500
960 0.012889 0.039749 4500
961 0.022667 0.039732 4500
962 0.021333 0.039712 4500
963 0.020889 0.039693 4500
964 0.022222 0.039675 4500
965 0.016889 0.039651 4500
966 0.025333 0.039636 4500
967 0.017333 0.039613 4500
968 0.017333 0.039590 4500
969 0.019111 0.039569 4500
970 0.013778 0.039543 4500
971 0.016889 0.039519 4500
972 0.016000 0.039495 4500
973 0.026667 0.039482 4500
974 0.015111 0.039457 4500
975 0.017333 0.039434 4500
976 0.016000 0.039410 4500
977 0.015556 0.039386 4500
978 0.024000 0.039370 4500
979 0.016889 0.039347 4500
980 0.018667 0.039326 4500
981 0.013333 0.039300 4500
982 0.020889 0.039281 4500
983 0.020889 0.039262 4500
984 0.017333 0.039240 4500
985 0.016444 0.039217 4500
986 0.013778 0.039191 4500
987 0.011111 0.039163 4500
988 0.011111 0.039134 4500
989 0.028889 0.039124 4500
990 0.015111 0.039100 4500
991 0.014222 0.039075 4500
992 0.026222 0.039062 4500
993 0.020889 0.039044 4500
994 0.020000 0.039024 4500
995 0.013778 0.038999 4500
996 0.016444 0.038976 4500
997 0.021333 0.038959 4500
998 0.018222 0.038938 4500
999 0.021333 0.038920 4500
