0 0.092444 0.092444 4500
1 0.041333 0.066889 4500
2 0.049778 0.061185 4500
3 0.043111 0.056667 4500
4 0.050667 0.055467 4500
5 0.043111 0.053407 4500
6 0.033333 0.050540 4500
7 0.037333 0.048889 4500
8 0.038667 0.047753 4500
9 0.038222 0.046800 4500
10 0.030667 0.045333 4500
11 0.036444 0.044593 4500
12 0.032444 0.043658 4500
13 0.037778 0.043238 4500
14 0.034667 0.042667 4500
15 0.028889 0.041806 4500
16 0.039556 0.041673 4500
17 0.032889 0.041185 4500
18 0.042667 0.041263 4500
19 0.032889 0.040844 4500
20 0.028889 0.040275 4500
21 0.030222 0.039818 4500
22 0.034222 0.039575 4500
23 0.036889 0.039463 4500
24 0.043556 0.039627 4500
25 0.032889 0.039368 4500
26 0.029333 0.038996 4500
27 0.029333 0.038651 4500
28 0.037333 0.038605 4500
29 0.033333 0.038430 4500
30 0.029333 0.038136 4500
31 0.031111 0.037917 4500
32 0.029778 0.037670 4500
33 0.036000 0.037621 4500
34 0.029333 0.037384 4500
35 0.037333 0.037383 4500
36 0.032889 0.037261 4500
37 0.029333 0.037053 4500
38 0.027111 0.036798 4500
39 0.028000 0.036578 4500
40 0.030667 0.036434 4500
41 0.029333 0.036265 4500
42 0.030667 0.036134 4500
43 0.031111 0.036020 4500
44 0.034222 0.035980 4500
45 0.020444 0.035643 4500
46 0.019556 0.035300 4500
47 0.019556 0.034972 4500
48 0.019111 0.034649 4500
49 0.021333 0.034382 4500
50 0.016889 0.034039 4500
51 0.018222 0.033735 4500
52 0.022667 0.033526 4500
53 0.024889 0.033366 4500
54 0.020444 0.033131 4500
55 0.023556 0.032960 4500
56 0.024889 0.032819 4500
57 0.023556 0.032659 4500
58 0.021778 0.032475 4500
59 0.026222 0.032370 4500
60 0.022222 0.032204 4500
61 0.025778 0.032100 4500
62 0.017778 0.031873 4500
63 0.020000 0.031688 4500
64 0.012000 0.031385 4500
65 0.027556 0.031327 4500
66 0.015556 0.031091 4500
67 0.013778 0.030837 4500
68 0.022222 0.030712 4500
69 0.023111 0.030603 4500
70 0.016000 0.030397 4500
71 0.012000 0.030142 4500
72 0.019111 0.029991 4500
73 0.014222 0.029778 4500
74 0.014667 0.029576 4500
75 0.019556 0.029444 4500
76 0.012444 0.029224 4500
77 0.012889 0.029014 4500
78 0.008889 0.028759 4500
79 0.009778 0.028522 4500
80 0.013778 0.028340 4500
81 0.013333 0.028157 4500
82 0.013333 0.027979 4500
83 0.014222 0.027815 4500
84 0.011111 0.027618 4500
85 0.012889 0.027447 4500
86 0.008444 0.027229 4500
87 0.016444 0.027106 4500
88 0.017333 0.026996 4500
89 0.004889 0.026751 4500
90 0.007111 0.026535 4500
91 0.007111 0.026324 4500
92 0.012000 0.026170 4500
93 0.007556 0.025972 4500
94 0.006667 0.025768 4500
95 0.012889 0.025634 4500
96 0.008889 0.025462 4500
97 0.004000 0.025243 4500
98 0.014222 0.025131 4500
99 0.008000 0.024960 4500
