0 1.000000 1.000000
1 -0.012000 0.494000
2 -0.012000 0.325333
3 -0.020000 0.239000
4 0.044000 0.200000
5 0.096000 0.182667
6 0.064000 0.165714
7 0.004000 0.145500
8 0.016000 0.131111
9 -0.140000 0.104000
10 -0.016000 0.093091
11 0.016000 0.086667
12 -0.032000 0.077538
13 0.004000 0.072286
14 0.012000 0.068267
15 0.064000 0.068000
16 0.056000 0.067294
17 0.060000 0.066889
18 0.000000 0.063368
19 -0.020000 0.059200
20 -0.032000 0.054857
21 0.024000 0.053455
22 -0.012000 0.050609
23 0.040000 0.050167
24 0.008000 0.048480
25 0.048000 0.048462
26 -0.036000 0.045333
27 0.016000 0.044286
28 0.028000 0.043724
29 -0.008000 0.042000
30 -0.024000 0.039871
31 -0.012000 0.038250
32 -0.028000 0.036242
33 0.076000 0.037412
34 0.044000 0.037600
35 -0.008000 0.036333
36 -0.024000 0.034703
37 -0.072000 0.031895
38 -0.064000 0.029436
39 0.020000 0.029200
40 0.004000 0.028585
41 -0.064000 0.026381
42 -0.004000 0.025674
43 -0.004000 0.025000
44 0.040000 0.025333
45 -0.048000 0.023739
46 -0.004000 0.023149
47 -0.036000 0.021917
48 -0.044000 0.020571
49 0.076000 0.021680
50 0.068000 0.022588
51 0.032000 0.022769
52 -0.076000 0.020906
53 -0.052000 0.019556
54 0.016000 0.019491
55 -0.044000 0.018357
56 0.008000 0.018175
57 -0.052000 0.016966
58 -0.004000 0.016610
59 -0.064000 0.015267
60 -0.004000 0.014951
61 0.040000 0.015355
62 -0.076000 0.013905
63 -0.076000 0.012500
64 -0.056000 0.011446
65 -0.032000 0.010788
66 -0.072000 0.009552
67 -0.056000 0.008588
68 -0.008000 0.008348
69 -0.004000 0.008171
70 -0.004000 0.008000
71 -0.040000 0.007333
72 0.020000 0.007507
73 0.044000 0.008000
74 -0.016000 0.007680
75 0.016000 0.007789
76 0.000000 0.007688
77 0.012000 0.007744
78 -0.068000 0.006785
79 -0.044000 0.006150
80 0.008000 0.006173
81 -0.008000 0.006000
82 -0.004000 0.005880
83 -0.024000 0.005524
84 -0.028000 0.005129
85 -0.104000 0.003860
86 0.004000 0.003862
87 -0.012000 0.003682
88 -0.088000 0.002652
89 0.012000 0.002756
90 0.024000 0.002989
91 0.028000 0.003261
92 -0.060000 0.002581
93 -0.072000 0.001787
94 -0.048000 0.001263
95 -0.052000 0.000708
96 -0.048000 0.000206
97 0.064000 0.000857
98 0.056000 0.001414
99 0.008000 0.001480
100 -0.004000 0.001426
101 0.008000 0.001490
102 -0.020000 0.001282
103 0.008000 0.001346
104 -0.040000 0.000952
105 0.016000 0.001094
106 -0.004000 0.001047
107 0.020000 0.001222
108 0.076000 0.001908
109 -0.020000 0.001709
110 -0.012000 0.001586
111 -0.060000 0.001036
112 -0.024000 0.000814
113 -0.092000 0.000000
114 0.016000 0.000139
115 0.036000 0.000448
116 0.000000 0.000444
117 -0.040000 0.000102
118 0.056000 0.000571
119 0.044000 0.000933
120 -0.028000 0.000694
121 0.004000 0.000721
122 0.056000 0.001171
123 -0.016000 0.001032
124 -0.112000 0.000128
125 0.032000 0.000381
126 0.056000 0.000819
127 0.040000 0.001125
128 0.016000 0.001240
129 -0.036000 0.000954
130 -0.004000 0.000916
131 -0.004000 0.000879
132 0.068000 0.001383
133 0.000000 0.001373
134 -0.004000 0.001333
135 0.032000 0.001559
136 0.064000 0.002015
137 -0.016000 0.001884
138 0.048000 0.002216
139 -0.072000 0.001686
140 0.048000 0.002014
141 -0.068000 0.001521
142 -0.016000 0.001399
143 -0.040000 0.001111
144 0.008000 0.001159
145 -0.068000 0.000685
146 0.052000 0.001034
147 -0.008000 0.000973
148 0.012000 0.001047
149 0.020000 0.001173
150 -0.068000 0.000715
151 0.040000 0.000974
152 -0.024000 0.000810
153 0.008000 0.000857
154 -0.072000 0.000387
155 0.036000 0.000615
156 -0.016000 0.000510
157 0.012000 0.000582
158 -0.028000 0.000403
159 -0.012000 0.000325
160 0.068000 0.000745
161 0.008000 0.000790
162 0.048000 0.001080
163 -0.024000 0.000927
164 -0.004000 0.000897
165 0.004000 0.000916
166 -0.008000 0.000862
167 -0.012000 0.000786
168 0.028000 0.000947
169 -0.052000 0.000635
170 0.000000 0.000632
171 0.028000 0.000791
172 -0.008000 0.000740
173 0.024000 0.000874
174 -0.052000 0.000571
175 -0.068000 0.000182
176 -0.060000 -0.000158
177 0.032000 0.000022
178 -0.008000 -0.000022
179 -0.100000 -0.000578
180 -0.032000 -0.000751
181 0.016000 -0.000659
182 0.008000 -0.000612
183 -0.024000 -0.000739
184 -0.052000 -0.001016
185 -0.048000 -0.001269
186 -0.072000 -0.001647
187 -0.036000 -0.001830
188 0.000000 -0.001820
189 -0.088000 -0.002274
190 -0.012000 -0.002325
191 -0.060000 -0.002625
192 -0.028000 -0.002756
193 0.016000 -0.002660
194 -0.004000 -0.002667
195 -0.032000 -0.002816
196 -0.056000 -0.003086
197 -0.056000 -0.003354
198 0.020000 -0.003236
199 0.056000 -0.002940
200 -0.048000 -0.003164
201 -0.028000 -0.003287
202 -0.016000 -0.003350
203 -0.004000 -0.003353
204 -0.040000 -0.003532
205 -0.032000 -0.003670
206 -0.072000 -0.004000
207 -0.044000 -0.004192
208 -0.040000 -0.004364
209 0.008000 -0.004305
210 0.048000 -0.004057
211 -0.044000 -0.004245
212 -0.024000 -0.004338
213 -0.064000 -0.004617
214 -0.040000 -0.004781
215 -0.036000 -0.004926
216 -0.036000 -0.005069
217 -0.060000 -0.005321
218 0.020000 -0.005205
219 -0.056000 -0.005436
220 -0.036000 -0.005575
221 -0.048000 -0.005766
222 0.036000 -0.005578
223 0.008000 -0.005518
224 0.000000 -0.005493
225 -0.072000 -0.005788
226 0.000000 -0.005762
227 0.024000 -0.005632
228 -0.064000 -0.005886
229 0.084000 -0.005496
230 -0.052000 -0.005697
231 0.064000 -0.005397
232 0.016000 -0.005305
233 -0.044000 -0.005470
234 -0.056000 -0.005685
235 0.004000 -0.005644
236 -0.028000 -0.005738
237 -0.016000 -0.005782
238 -0.076000 -0.006075
239 0.000000 -0.006050
240 -0.044000 -0.006207
241 0.032000 -0.006050
242 0.020000 -0.005942
243 -0.016000 -0.005984
244 0.108000 -0.005518
245 -0.012000 -0.005545
246 0.036000 -0.005377
247 0.036000 -0.005210
248 0.016000 -0.005124
249 -0.044000 -0.005280
250 0.052000 -0.005052
251 0.016000 -0.004968
252 0.020000 -0.004870
253 0.028000 -0.004740
254 0.024000 -0.004627
255 0.028000 -0.004500
256 -0.056000 -0.004700
257 0.008000 -0.004651
258 -0.020000 -0.004710
259 0.000000 -0.004692
260 0.016000 -0.004613
261 0.008000 -0.004565
262 -0.008000 -0.004578
263 0.048000 -0.004379
264 0.044000 -0.004196
265 -0.024000 -0.004271
266 0.052000 -0.004060
267 0.032000 -0.003925
268 0.024000 -0.003822
269 -0.032000 -0.003926
270 -0.064000 -0.004148
271 0.028000 -0.004029
272 0.020000 -0.003941
273 0.056000 -0.003723
274 -0.008000 -0.003738
275 -0.016000 -0.003783
276 0.032000 -0.003653
277 0.056000 -0.003439
278 0.048000 -0.003254
279 -0.004000 -0.003257
280 -0.092000 -0.003573
281 -0.080000 -0.003844
282 0.004000 -0.003816
283 0.076000 -0.003535
284 0.020000 -0.003453
285 0.024000 -0.003357
286 0.020000 -0.003275
287 0.000000 -0.003264
288 -0.044000 -0.003405
289 0.020000 -0.003324
290 -0.016000 -0.003368
291 -0.092000 -0.003671
292 -0.072000 -0.003904
293 -0.020000 -0.003959
294 -0.016000 -0.004000
295 -0.032000 -0.004095
296 -0.068000 -0.004310
297 -0.024000 -0.004376
298 -0.040000 -0.004495
299 0.048000 -0.004320
300 0.040000 -0.004173
301 -0.008000 -0.004185
302 -0.140000 -0.004634
303 -0.056000 -0.004803
304 -0.016000 -0.004839
305 -0.028000 -0.004915
306 -0.048000 -0.005055
307 -0.068000 -0.005260
308 -0.024000 -0.005320
309 -0.012000 -0.005342
310 0.008000 -0.005299
311 -0.028000 -0.005372
312 -0.056000 -0.005534
313 -0.056000 -0.005694
314 -0.020000 -0.005740
315 0.008000 -0.005696
316 -0.040000 -0.005804
317 -0.052000 -0.005950
318 -0.060000 -0.006119
319 0.032000 -0.006000
320 -0.020000 -0.006044
321 0.032000 -0.005925
322 0.012000 -0.005870
323 -0.040000 -0.005975
324 -0.048000 -0.006105
325 -0.012000 -0.006123
326 0.028000 -0.006018
327 -0.072000 -0.006220
328 -0.088000 -0.006468
329 -0.020000 -0.006509
330 -0.076000 -0.006719
331 -0.052000 -0.006855
332 0.032000 -0.006739
333 -0.028000 -0.006802
334 -0.068000 -0.006985
335 -0.040000 -0.007083
336 -0.036000 -0.007169
337 -0.008000 -0.007172
338 -0.076000 -0.007375
339 0.008000 -0.007329
340 0.076000 -0.007085
341 -0.008000 -0.007088
342 -0.032000 -0.007160
343 -0.020000 -0.007198
344 -0.008000 -0.007200
345 0.012000 -0.007145
346 0.000000 -0.007124
347 -0.004000 -0.007115
348 -0.008000 -0.007117
349 -0.088000 -0.007349
350 -0.012000 -0.007362
351 0.000000 -0.007341
352 -0.016000 -0.007365
353 -0.080000 -0.007571
354 -0.044000 -0.007673
355 -0.048000 -0.007787
356 -0.016000 -0.007810
357 -0.012000 -0.007821
358 -0.008000 -0.007822
359 -0.016000 -0.007844
360 -0.020000 -0.007878
361 0.016000 -0.007812
362 -0.012000 -0.007824
363 -0.012000 -0.007835
364 -0.056000 -0.007967
365 -0.068000 -0.008131
366 -0.008000 -0.008131
367 0.016000 -0.008065
368 -0.020000 -0.008098
369 0.084000 -0.007849
370 0.016000 -0.007784
371 0.036000 -0.007667
372 0.032000 -0.007560
373 0.028000 -0.007465
374 0.028000 -0.007371
375 -0.040000 -0.007457
376 -0.076000 -0.007639
377 0.028000 -0.007545
378 0.048000 -0.007398
379 -0.060000 -0.007537
380 0.060000 -0.007360
381 0.048000 -0.007215
382 -0.036000 -0.007290
383 0.052000 -0.007135
384 -0.004000 -0.007127
385 -0.008000 -0.007130
386 -0.040000 -0.007214
387 -0.052000 -0.007330
388 0.024000 -0.007249
389 -0.012000 -0.007262
390 -0.004000 -0.007253
391 -0.032000 -0.007316
392 0.012000 -0.007267
393 -0.004000 -0.007259
394 0.056000 -0.007099
395 0.040000 -0.006980
396 -0.036000 -0.007053
397 -0.020000 -0.007085
398 -0.028000 -0.007138
399 0.020000 -0.007070
400 0.040000 -0.006953
401 0.044000 -0.006826
402 0.076000 -0.006620
403 -0.008000 -0.006624
404 0.012000 -0.006578
405 0.020000 -0.006512
406 0.052000 -0.006369
407 -0.048000 -0.006471
408 -0.084000 -0.006660
409 -0.056000 -0.006780
410 0.020000 -0.006715
411 -0.024000 -0.006757
412 -0.024000 -0.006799
413 -0.052000 -0.006908
414 -0.072000 -0.007065
415 0.000000 -0.007048
416 0.084000 -0.006830
417 0.016000 -0.006775
418 -0.036000 -0.006845
419 -0.108000 -0.007086
420 -0.040000 -0.007164
421 0.036000 -0.007062
422 0.028000 -0.006979
423 -0.036000 -0.007047
424 -0.084000 -0.007228
425 -0.060000 -0.007352
426 0.032000 -0.007260
427 0.016000 -0.007206
428 -0.036000 -0.007273
429 -0.052000 -0.007377
430 -0.052000 -0.007480
431 -0.052000 -0.007583
432 -0.032000 -0.007640
433 -0.064000 -0.007770
434 0.004000 -0.007743
435 -0.020000 -0.007771
436 -0.112000 -0.008009
437 0.004000 -0.007982
438 -0.028000 -0.008027
439 -0.024000 -0.008064
440 -0.052000 -0.008163
441 -0.068000 -0.008299
442 -0.072000 -0.008442
443 -0.028000 -0.008486
444 -0.056000 -0.008593
445 -0.064000 -0.008717
446 -0.008000 -0.008716
447 -0.056000 -0.008821
448 -0.012000 -0.008829
449 -0.012000 -0.008836
450 -0.040000 -0.008905
451 -0.096000 -0.009097
452 -0.016000 -0.009113
453 -0.040000 -0.009181
454 0.012000 -0.009134
455 -0.084000 -0.009298
456 -0.040000 -0.009365
457 -0.052000 -0.009459
458 -0.012000 -0.009464
459 -0.032000 -0.009513
460 -0.048000 -0.009597
461 -0.008000 -0.009593
462 -0.048000 -0.009676
463 -0.028000 -0.009716
464 -0.028000 -0.009755
465 0.024000 -0.009682
466 -0.068000 -0.009807
467 -0.012000 -0.009812
468 -0.036000 -0.009868
469 -0.024000 -0.009898
470 -0.040000 -0.009962
471 -0.036000 -0.010017
472 -0.048000 -0.010097
473 -0.032000 -0.010143
474 0.000000 -0.010122
475 -0.028000 -0.010160
476 0.036000 -0.010063
477 -0.012000 -0.010067
478 0.024000 -0.009996
479 -0.024000 -0.010025
480 0.000000 -0.010004
481 -0.032000 -0.010050
482 0.008000 -0.010012
483 -0.016000 -0.010025
484 0.012000 -0.009979
485 0.016000 -0.009926
486 0.032000 -0.009840
487 -0.024000 -0.009869
488 0.032000 -0.009783
489 -0.024000 -0.009812
490 -0.024000 -0.009841
491 -0.012000 -0.009846
492 -0.064000 -0.009955
493 -0.016000 -0.009968
494 -0.056000 -0.010061
495 0.052000 -0.009935
496 -0.004000 -0.009924
497 0.036000 -0.009831
498 0.032000 -0.009747
499 0.044000 -0.009640
