0 0.098222 0.098222 4500
1 0.064000 0.081111 4500
2 0.077778 0.080000 4500
3 0.068889 0.077222 4500
4 0.076444 0.077067 4500
5 0.068889 0.075704 4500
6 0.064000 0.074032 4500
7 0.068444 0.073333 4500
8 0.070222 0.072988 4500
9 0.067556 0.072444 4500
10 0.064000 0.071677 4500
11 0.064889 0.071111 4500
12 0.064000 0.070564 4500
13 0.065778 0.070222 4500
14 0.071556 0.070311 4500
15 0.066222 0.070056 4500
16 0.072000 0.070170 4500
17 0.072000 0.070272 4500
18 0.068889 0.070199 4500
19 0.064889 0.069933 4500
20 0.069333 0.069905 4500
21 0.068889 0.069859 4500
22 0.067111 0.069739 4500
23 0.066222 0.069593 4500
24 0.069333 0.069582 4500
25 0.066222 0.069453 4500
26 0.065778 0.069317 4500
27 0.066667 0.069222 4500
28 0.063556 0.069027 4500
29 0.073778 0.069185 4500
30 0.057333 0.068803 4500
31 0.060889 0.068556 4500
32 0.074222 0.068727 4500
33 0.070222 0.068771 4500
34 0.066222 0.068698 4500
35 0.068444 0.068691 4500
36 0.062222 0.068517 4500
37 0.061333 0.068327 4500
38 0.061333 0.068148 4500
39 0.071556 0.068233 4500
40 0.060444 0.068043 4500
41 0.060444 0.067862 4500
42 0.066667 0.067835 4500
43 0.064889 0.067768 4500
44 0.068000 0.067773 4500
45 0.060000 0.067604 4500
46 0.064444 0.067537 4500
47 0.065778 0.067500 4500
48 0.064444 0.067438 4500
49 0.064000 0.067369 4500
50 0.065778 0.067338 4500
51 0.061333 0.067222 4500
52 0.059111 0.067069 4500
53 0.063556 0.067004 4500
54 0.064000 0.066949 4500
55 0.070667 0.067016 4500
56 0.061333 0.066916 4500
57 0.064000 0.066866 4500
58 0.067111 0.066870 4500
59 0.064444 0.066830 4500
60 0.066222 0.066820 4500
61 0.064889 0.066789 4500
62 0.071111 0.066857 4500
63 0.060444 0.066757 4500
64 0.059556 0.066646 4500
65 0.066222 0.066640 4500
66 0.064444 0.066607 4500
67 0.059556 0.066503 4500
68 0.062222 0.066441 4500
69 0.051111 0.066222 4500
70 0.056889 0.066091 4500
71 0.058222 0.065981 4500
72 0.066222 0.065985 4500
73 0.060000 0.065904 4500
74 0.059111 0.065813 4500
75 0.061333 0.065754 4500
76 0.058667 0.065662 4500
77 0.048000 0.065436 4500
78 0.059111 0.065356 4500
79 0.057333 0.065256 4500
80 0.061778 0.065213 4500
81 0.057333 0.065117 4500
82 0.056889 0.065017 4500
83 0.053778 0.064884 4500
84 0.053333 0.064748 4500
85 0.055111 0.064636 4500
86 0.051111 0.064480 4500
87 0.057333 0.064399 4500
88 0.049778 0.064235 4500
89 0.056444 0.064148 4500
90 0.061778 0.064122 4500
91 0.052000 0.063990 4500
92 0.047556 0.063814 4500
93 0.057333 0.063745 4500
94 0.056889 0.063673 4500
95 0.051556 0.063546 4500
96 0.057333 0.063482 4500
97 0.057333 0.063420 4500
98 0.053333 0.063318 4500
99 0.060889 0.063293 4500
