0 0.094667 0.094667 4500
1 0.045778 0.070222 4500
2 0.056444 0.065630 4500
3 0.048889 0.061444 4500
4 0.053778 0.059911 4500
5 0.047556 0.057852 4500
6 0.045333 0.056063 4500
7 0.047111 0.054944 4500
8 0.041333 0.053432 4500
9 0.042222 0.052311 4500
10 0.041333 0.051313 4500
11 0.040889 0.050444 4500
12 0.048000 0.050256 4500
13 0.048889 0.050159 4500
14 0.045333 0.049837 4500
15 0.041333 0.049306 4500
16 0.050222 0.049359 4500
17 0.050667 0.049432 4500
18 0.045778 0.049240 4500
19 0.041778 0.048867 4500
20 0.040000 0.048444 4500
21 0.046222 0.048343 4500
22 0.052444 0.048522 4500
23 0.046222 0.048426 4500
24 0.045333 0.048302 4500
25 0.045778 0.048205 4500
26 0.049778 0.048263 4500
27 0.043556 0.048095 4500
28 0.044889 0.047985 4500
29 0.046667 0.047941 4500
30 0.047556 0.047928 4500
31 0.042222 0.047750 4500
32 0.045778 0.047690 4500
33 0.039556 0.047451 4500
34 0.033333 0.047048 4500
35 0.048889 0.047099 4500
36 0.048444 0.047135 4500
37 0.036889 0.046865 4500
38 0.037778 0.046632 4500
39 0.045778 0.046611 4500
40 0.044444 0.046558 4500
41 0.038667 0.046370 4500
42 0.032889 0.046057 4500
43 0.041333 0.045949 4500
44 0.052889 0.046104 4500
45 0.034667 0.045855 4500
46 0.033333 0.045589 4500
47 0.048000 0.045639 4500
48 0.035111 0.045424 4500
49 0.033333 0.045182 4500
50 0.041778 0.045115 4500
51 0.033778 0.044897 4500
52 0.029778 0.044612 4500
53 0.035111 0.044436 4500
54 0.032000 0.044210 4500
55 0.033778 0.044024 4500
56 0.035111 0.043867 4500
57 0.037333 0.043755 4500
58 0.039111 0.043676 4500
59 0.040889 0.043630 4500
60 0.036444 0.043512 4500
61 0.032444 0.043333 4500
62 0.033333 0.043175 4500
63 0.032444 0.043007 4500
64 0.019556 0.042646 4500
65 0.037333 0.042566 4500
66 0.035556 0.042461 4500
67 0.033333 0.042327 4500
68 0.034222 0.042209 4500
69 0.021778 0.041917 4500
70 0.023111 0.041653 4500
71 0.035111 0.041562 4500
72 0.030222 0.041406 4500
73 0.025778 0.041195 4500
74 0.026667 0.041001 4500
75 0.024000 0.040778 4500
76 0.024444 0.040566 4500
77 0.020000 0.040302 4500
78 0.027556 0.040141 4500
79 0.029333 0.040006 4500
80 0.030222 0.039885 4500
81 0.021778 0.039664 4500
82 0.031111 0.039561 4500
83 0.018222 0.039307 4500
84 0.034222 0.039247 4500
85 0.024889 0.039080 4500
86 0.021778 0.038881 4500
87 0.024000 0.038712 4500
88 0.021333 0.038517 4500
89 0.020000 0.038311 4500
90 0.017778 0.038085 4500
91 0.023556 0.037928 4500
92 0.016889 0.037701 4500
93 0.023111 0.037546 4500
94 0.013778 0.037296 4500
95 0.024444 0.037162 4500
96 0.026667 0.037054 4500
97 0.025333 0.036934 4500
98 0.016889 0.036732 4500
99 0.019111 0.036556 4500
