0 0.990000 0.000100 -0.000495 -0.016010
100 0.988960 -0.031787 -0.000546 -0.015873
200 0.987814 -0.063380 -0.000602 -0.015715
300 0.986550 -0.094634 -0.000663 -0.015533
400 0.985158 -0.125500 -0.000731 -0.015326
500 0.983623 -0.155925 -0.000805 -0.015091
600 0.981933 -0.185846 -0.000887 -0.014823
700 0.980071 -0.215198 -0.000977 -0.014520
800 0.978022 -0.243905 -0.001075 -0.014177
900 0.975768 -0.271885 -0.001182 -0.013791
1000 0.973289 -0.299047 -0.001300 -0.013358
1100 0.970564 -0.325293 -0.001428 -0.012874
1200 0.967570 -0.350516 -0.001569 -0.012334
1300 0.964282 -0.374601 -0.001722 -0.011734
1400 0.960676 -0.397423 -0.001889 -0.011070
1500 0.956721 -0.418850 -0.002070 -0.010338
1600 0.952388 -0.438742 -0.002267 -0.009534
1700 0.947645 -0.456954 -0.002481 -0.008656
1800 0.942458 -0.473334 -0.002712 -0.007702
1900 0.936791 -0.487729 -0.002961 -0.006670
2000 0.930607 -0.499984 -0.003229 -0.005561
2100 0.923868 -0.509946 -0.003517 -0.004377
2200 0.916533 -0.517470 -0.003825 -0.003123
2300 0.908560 -0.522419 -0.004154 -0.001803
2400 0.899910 -0.524672 -0.004504 -0.000428
2500 0.890539 -0.524128 -0.004874 0.000992
2600 0.880408 -0.520713 -0.005264 0.002441
2700 0.869477 -0.514385 -0.005674 0.003903
2800 0.857707 -0.505138 -0.006102 0.005356
2900 0.845065 -0.493012 -0.006546 0.006777
3000 0.831521 -0.478095 -0.007005 0.008142
3100 0.817048 -0.460526 -0.007474 0.009423
3200 0.801629 -0.440500 -0.007951 0.010594
3300 0.785252 -0.418264 -0.008432 0.011627
3400 0.767913 -0.394118 -0.008911 0.012498
3500 0.749621 -0.368409 -0.009384 0.013186
3600 0.730392 -0.341521 -0.009846 0.013672
3700 0.710258 -0.313869 -0.010290 0.013947
3800 0.689259 -0.285882 -0.010709 0.014005
3900 0.667450 -0.257989 -0.011098 0.013851
4000 0.644899 -0.230607 -0.011450 0.013495
4100 0.621684 -0.204123 -0.011760 0.012955
4200 0.597898 -0.178881 -0.012021 0.012256
4300 0.573641 -0.155171 -0.012229 0.011427
4400 0.549024 -0.133220 -0.012380 0.010501
4500 0.524164 -0.113187 -0.012471 0.009514
4600 0.499184 -0.095164 -0.012500 0.008497
4700 0.474206 -0.079177 -0.012467 0.007483
4800 0.449357 -0.065191 -0.012372 0.006500
4900 0.424757 -0.053123 -0.012217 0.005569
5000 0.400523 -0.042849 -0.012005 0.004709
5100 0.376766 -0.034218 -0.011741 0.003929
5200 0.353587 -0.027059 -0.011428 0.003238
5300 0.331075 -0.021195 -0.011073 0.002635
5400 0.309311 -0.016449 -0.010682 0.002120
5500 0.288360 -0.012652 -0.010260 0.001686
5600 0.268276 -0.009649 -0.009815 0.001326
5700 0.249101 -0.007299 -0.009352 0.001032
5800 0.230864 -0.005478 -0.008878 0.000795
5900 0.213583 -0.004081 -0.008398 0.000607
6000 0.197262 -0.003019 -0.007917 0.000459
6100 0.181900 -0.002218 -0.007441 0.000345
6200 0.167485 -0.001620 -0.006972 0.000257
6300 0.153997 -0.001176 -0.006514 0.000190
6400 0.141410 -0.000849 -0.006071 0.000139
6500 0.129694 -0.000610 -0.005644 0.000101
6600 0.118815 -0.000436 -0.005235 0.000074
6700 0.108734 -0.000311 -0.004846 0.000053
6800 0.099412 -0.000220 -0.004476 0.000038
6900 0.090807 -0.000155 -0.004128 0.000027
7000 0.082879 -0.000109 -0.003800 0.000019
7100 0.075585 -0.000077 -0.003494 0.000014
7200 0.068885 -0.000054 -0.003207 0.000010
7300 0.062738 -0.000037 -0.002940 0.000007
7400 0.057107 -0.000026 -0.002692 0.000005
7500 0.051952 -0.000018 -0.002463 0.000003
7600 0.047240 -0.000013 -0.002250 0.000002
7700 0.042936 -0.000009 -0.002055 0.000002
7800 0.039007 -0.000006 -0.001874 0.000001
7900 0.035425 -0.000004 -0.001709 0.000001
8000 0.032161 -0.000003 -0.001556 0.000001
8100 0.029189 -0.000002 -0.001417 0.000000
8200 0.026483 -0.000001 -0.001289 0.000000
8300 0.024022 -0.000001 -0.001172 0.000000
8400 0.021785 -0.000001 -0.001066 0.000000
8500 0.019752 -0.000000 -0.000968 0.000000
8600 0.017905 -0.000000 -0.000879 0.000000
8700 0.016228 -0.000000 -0.000798 0.000000
8800 0.014706 -0.000000 -0.000724 0.000000
8900 0.013324 -0.000000 -0.000657 0.000000
9000 0.012071 -0.000000 -0.000596 0.000000
9100 0.010935 -0.000000 -0.000541 0.000000
9200 0.009904 -0.000000 -0.000490 0.000000
9300 0.008969 -0.000000 -0.000444 0.000000
9400 0.008122 -0.000000 -0.000403 0.000000
9500 0.007355 -0.000000 -0.000365 0.000000
9600 0.006659 -0.000000 -0.000331 0.000000
9700 0.006029 -0.000000 -0.000300 0.000000
9800 0.005458 -0.000000 -0.000271 0.000000
9900 0.004941 -0.000000 -0.000246 0.000000
#interruption
0 0.990000 0.200100 -0.000495 -0.016410
100 0.988960 0.167374 -0.000546 -0.016312
200 0.987814 0.134860 -0.000602 -0.016198
300 0.986550 0.102593 -0.000663 -0.016064
400 0.985158 0.070616 -0.000731 -0.015909
500 0.983623 0.038972 -0.000805 -0.015729
600 0.981933 0.007714 -0.000887 -0.015522
700 0.980071 -0.023102 -0.000977 -0.015285
800 0.978022 -0.053410 -0.001075 -0.015014
900 0.975768 -0.083140 -0.001182 -0.014706
1000 0.973289 -0.112213 -0.001300 -0.014357
1100 0.970564 -0.140543 -0.001428 -0.013962
1200 0.967570 -0.168036 -0.001569 -0.013518
1300 0.964282 -0.194588 -0.001722 -0.013020
1400 0.960676 -0.220088 -0.001889 -0.012465
1500 0.956721 -0.244417 -0.002070 -0.011848
1600 0.952388 -0.267448 -0.002267 -0.011165
1700 0.947645 -0.289047 -0.002481 -0.010414
1800 0.942458 -0.309074 -0.002712 -0.009592
1900 0.936791 -0.327384 -0.002961 -0.008697
2000 0.930607 -0.343831 -0.003229 -0.007728
2100 0.923868 -0.358269 -0.003517 -0.006687
2200 0.916533 -0.370553 -0.003825 -0.005575
2300 0.908560 -0.380548 -0.004154 -0.004398
2400 0.899910 -0.388128 -0.004504 -0.003161
2500 0.890539 -0.393184 -0.004874 -0.001875
2600 0.880408 -0.395628 -0.005264 -0.000551
2700 0.869477 -0.395398 -0.005674 0.000796
2800 0.857707 -0.392466 -0.006102 0.002149
2900 0.845065 -0.386839 -0.006546 0.003487
3000 0.831521 -0.378568 -0.007005 0.004788
3100 0.817048 -0.367751 -0.007474 0.006029
3200 0.801629 -0.354535 -0.007951 0.007183
3300 0.785252 -0.339113 -0.008432 0.008228
3400 0.767913 -0.321732 -0.008911 0.009138
3500 0.749621 -0.302680 -0.009384 0.009894
3600 0.730392 -0.282284 -0.009846 0.010478
3700 0.710258 -0.260901 -0.010290 0.010877
3800 0.689259 -0.238908 -0.010709 0.011086
3900 0.667450 -0.216686 -0.011098 0.011104
4000 0.644899 -0.194612 -0.011450 0.010939
4100 0.621684 -0.173040 -0.011760 0.010603
4200 0.597898 -0.152292 -0.012021 0.010117
4300 0.573641 -0.132643 -0.012229 0.009506
4400 0.549024 -0.114320 -0.012380 0.008797
4500 0.524164 -0.097487 -0.012471 0.008019
4600 0.499184 -0.082252 -0.012500 0.007204
4700 0.474206 -0.068662 -0.012467 0.006378
4800 0.449357 -0.056715 -0.012372 0.005566
4900 0.424757 -0.046357 -0.012217 0.004791
5000 0.400523 -0.037501 -0.012005 0.004067
5100 0.376766 -0.030031 -0.011741 0.003407
5200 0.353587 -0.023812 -0.011428 0.002818
5300 0.331075 -0.018700 -0.011073 0.002301
5400 0.309311 -0.014548 -0.010682 0.001857
5500 0.288360 -0.011217 -0.010260 0.001481
5600 0.268276 -0.008574 -0.009815 0.001168
5700 0.249101 -0.006500 -0.009352 0.000912
5800 0.230864 -0.004889 -0.008878 0.000705
5900 0.213583 -0.003650 -0.008398 0.000539
6000 0.197262 -0.002705 -0.007917 0.000409
6100 0.181900 -0.001992 -0.007441 0.000308
6200 0.167485 -0.001457 -0.006972 0.000230
6300 0.153997 -0.001060 -0.006514 0.000170
6400 0.141410 -0.000767 -0.006071 0.000125
6500 0.129694 -0.000552 -0.005644 0.000091
6600 0.118815 -0.000395 -0.005235 0.000066
6700 0.108734 -0.000282 -0.004846 0.000048
6800 0.099412 -0.000200 -0.004476 0.000034
6900 0.090807 -0.000141 -0.004128 0.000025
7000 0.082879 -0.000100 -0.003800 0.000017
7100 0.075585 -0.000070 -0.003494 0.000012
7200 0.068885 -0.000049 -0.003207 0.000009
7300 0.062738 -0.000034 -0.002940 0.000006
7400 0.057107 -0.000024 -0.002692 0.000004
7500 0.051952 -0.000017 -0.002463 0.000003
7600 0.047240 -0.000011 -0.002250 0.000002
7700 0.042936 -0.000008 -0.002055 0.000001
7800 0.039007 -0.000005 -0.001874 0.000001
7900 0.035425 -0.000004 -0.001709 0.000001
8000 0.032161 -0.000003 -0.001556 0.000000
8100 0.029189 -0.000002 -0.001417 0.000000
8200 0.026483 -0.000001 -0.001289 0.000000
8300 0.024022 -0.000001 -0.001172 0.000000
8400 0.021785 -0.000001 -0.001066 0.000000
8500 0.019752 -0.000000 -0.000968 0.000000
8600 0.017905 -0.000000 -0.000879 0.000000
8700 0.016228 -0.000000 -0.000798 0.000000
8800 0.014706 -0.000000 -0.000724 0.000000
8900 0.013324 -0.000000 -0.000657 0.000000
9000 0.012071 -0.000000 -0.000596 0.000000
9100 0.010935 -0.000000 -0.000541 0.000000
9200 0.009904 -0.000000 -0.000490 0.000000
9300 0.008969 -0.000000 -0.000444 0.000000
9400 0.008122 -0.000000 -0.000403 0.000000
9500 0.007355 -0.000000 -0.000365 0.000000
9600 0.006659 -0.000000 -0.000331 0.000000
9700 0.006029 -0.000000 -0.000300 0.000000
9800 0.005458 -0.000000 -0.000271 0.000000
9900 0.004941 -0.000000 -0.000246 0.000000
#interruption
0 0.990000 0.400100 -0.000495 -0.016810
100 0.988960 0.366535 -0.000546 -0.016752
200 0.987814 0.333099 -0.000602 -0.016681
300 0.986550 0.299820 -0.000663 -0.016594
400 0.985158 0.266731 -0.000731 -0.016491
500 0.983623 0.233868 -0.000805 -0.016367
600 0.981933 0.201274 -0.000887 -0.016222
700 0.980071 0.168995 -0.000977 -0.016051
800 0.978022 0.137085 -0.001075 -0.015852
900 0.975768 0.105605 -0.001182 -0.015621
1000 0.973289 0.074621 -0.001300 -0.015355
1100 0.970564 0.044207 -0.001428 -0.015049
1200 0.967570 0.014445 -0.001569 -0.014701
1300 0.964282 -0.014574 -0.001722 -0.014306
1400 0.960676 -0.042753 -0.001889 -0.013859
1500 0.956721 -0.069985 -0.002070 -0.013358
1600 0.952388 -0.096154 -0.002267 -0.012796
1700 0.947645 -0.121140 -0.002481 -0.012173
1800 0.942458 -0.144814 -0.002712 -0.011483
1900 0.936791 -0.167039 -0.002961 -0.010724
2000 0.930607 -0.187679 -0.003229 -0.009895
2100 0.923868 -0.206591 -0.003517 -0.008996
2200 0.916533 -0.223636 -0.003825 -0.008028
2300 0.908560 -0.238677 -0.004154 -0.006992
2400 0.899910 -0.251584 -0.004504 -0.005894
2500 0.890539 -0.262240 -0.004874 -0.004741
2600 0.880408 -0.270543 -0.005264 -0.003543
2700 0.869477 -0.276412 -0.005674 -0.002310
2800 0.857707 -0.279794 -0.006102 -0.001057
2900 0.845065 -0.280665 -0.006546 0.000197
3000 0.831521 -0.279041 -0.007005 0.001435
3100 0.817048 -0.274976 -0.007474 0.002634
3200 0.801629 -0.268569 -0.007951 0.003773
3300 0.785252 -0.259963 -0.008432 0.004828
3400 0.767913 -0.249346 -0.008911 0.005778
3500 0.749621 -0.236951 -0.009384 0.006603
3600 0.730392 -0.223046 -0.009846 0.007284
3700 0.710258 -0.207932 -0.010290 0.007808
3800 0.689259 -0.191933 -0.010709 0.008167
3900 0.667450 -0.175384 -0.011098 0.008357
4000 0.644899 -0.158618 -0.011450 0.008382
4100 0.621684 -0.141958 -0.011760 0.008251
4200 0.597898 -0.125702 -0.012021 0.007979
4300 0.573641 -0.110116 -0.012229 0.007585
4400 0.549024 -0.095419 -0.012380 0.007092
4500 0.524164 -0.081786 -0.012471 0.006525
4600 0.499184 -0.069339 -0.012500 0.005910
4700 0.474206 -0.058148 -0.012467 0.005272
4800 0.449357 -0.048238 -0.012372 0.004633
4900 0.424757 -0.039591 -0.012217 0.004012
5000 0.400523 -0.032154 -0.012005 0.003426
5100 0.376766 -0.025845 -0.011741 0.002886
5200 0.353587 -0.020565 -0.011428 0.002398
5300 0.331075 -0.016205 -0.011073 0.001968
5400 0.309311 -0.012648 -0.010682 0.001595
5500 0.288360 -0.009782 -0.010260 0.001277
5600 0.268276 -0.007500 -0.009815 0.001011
5700 0.249101 -0.005701 -0.009352 0.000792
5800 0.230864 -0.004300 -0.008878 0.000614
5900 0.213583 -0.003218 -0.008398 0.000472
6000 0.197262 -0.002391 -0.007917 0.000359
6100 0.181900 -0.001765 -0.007441 0.000271
6200 0.167485 -0.001294 -0.006972 0.000202
6300 0.153997 -0.000944 -0.006514 0.000150
6400 0.141410 -0.000684 -0.006071 0.000111
6500 0.129694 -0.000493 -0.005644 0.000081
6600 0.118815 -0.000354 -0.005235 0.000059
6700 0.108734 -0.000253 -0.004846 0.000043
6800 0.099412 -0.000180 -0.004476 0.000031
6900 0.090807 -0.000127 -0.004128 0.000022
7000 0.082879 -0.000090 -0.003800 0.000016
7100 0.075585 -0.000063 -0.003494 0.000011
7200 0.068885 -0.000044 -0.003207 0.000008
7300 0.062738 -0.000031 -0.002940 0.000006
7400 0.057107 -0.000022 -0.002692 0.000004
7500 0.051952 -0.000015 -0.002463 0.000003
7600 0.047240 -0.000010 -0.002250 0.000002
7700 0.042936 -0.000007 -0.002055 0.000001
7800 0.039007 -0.000005 -0.001874 0.000001
7900 0.035425 -0.000003 -0.001709 0.000001
8000 0.032161 -0.000002 -0.001556 0.000000
8100 0.029189 -0.000002 -0.001417 0.000000
8200 0.026483 -0.000001 -0.001289 0.000000
8300 0.024022 -0.000001 -0.001172 0.000000
8400 0.021785 -0.000001 -0.001066 0.000000
8500 0.019752 -0.000000 -0.000968 0.000000
8600 0.017905 -0.000000 -0.000879 0.000000
8700 0.016228 -0.000000 -0.000798 0.000000
8800 0.014706 -0.000000 -0.000724 0.000000
8900 0.013324 -0.000000 -0.000657 0.000000
9000 0.012071 -0.000000 -0.000596 0.000000
9100 0.010935 -0.000000 -0.000541 0.000000
9200 0.009904 -0.000000 -0.000490 0.000000
9300 0.008969 -0.000000 -0.000444 0.000000
9400 0.008122 -0.000000 -0.000403 0.000000
9500 0.007355 -0.000000 -0.000365 0.000000
9600 0.006659 -0.000000 -0.000331 0.000000
9700 0.006029 -0.000000 -0.000300 0.000000
9800 0.005458 -0.000000 -0.000271 0.000000
9900 0.004941 -0.000000 -0.000246 0.000000
#interruption
0 0.990000 0.600100 -0.000495 -0.017210
100 0.988960 0.565696 -0.000546 -0.017192
200 0.987814 0.531339 -0.000602 -0.017164
300 0.986550 0.497047 -0.000663 -0.017125
400 0.985158 0.462847 -0.000731 -0.017073
500 0.983623 0.428764 -0.000805 -0.017006
600 0.981933 0.394834 -0.000887 -0.016921
700 0.980071 0.361091 -0.000977 -0.016816
800 0.978022 0.327581 -0.001075 -0.016689
900 0.975768 0.294350 -0.001182 -0.016536
1000 0.973289 0.261455 -0.001300 -0.016353
1100 0.970564 0.228957 -0.001428 -0.016137
1200 0.967570 0.196926 -0.001569 -0.015885
1300 0.964282 0.165439 -0.001722 -0.015592
1400 0.960676 0.134582 -0.001889 -0.015254
1500 0.956721 0.104448 -0.002070 -0.014867
1600 0.952388 0.075139 -0.002267 -0.014428
1700 0.947645 0.046766 -0.002481 -0.013931
1800 0.942458 0.019447 -0.002712 -0.013373
1900 0.936791 -0.006694 -0.002961 -0.012751
2000 0.930607 -0.031526 -0.003229 -0.012063
2100 0.923868 -0.054914 -0.003517 -0.011306
2200 0.916533 -0.076719 -0.003825 -0.010480
2300 0.908560 -0.096806 -0.004154 -0.009587
2400 0.899910 -0.115041 -0.004504 -0.008628
2500 0.890539 -0.131296 -0.004874 -0.007608
2600 0.880408 -0.145458 -0.005264 -0.006534
2700 0.869477 -0.157426 -0.005674 -0.005416
2800 0.857707 -0.167122 -0.006102 -0.004264
2900 0.845065 -0.174492 -0.006546 -0.003093
3000 0.831521 -0.179515 -0.007005 -0.001919
3100 0.817048 -0.182201 -0.007474 -0.000761
3200 0.801629 -0.182604 -0.007951 0.000362
3300 0.785252 -0.180812 -0.008432 0.001429
3400 0.767913 -0.176960 -0.008911 0.002418
3500 0.749621 -0.171222 -0.009384 0.003311
3600 0.730392 -0.163808 -0.009846 0.004090
3700 0.710258 -0.154964 -0.010290 0.004738
3800 0.689259 -0.144959 -0.010709 0.005247
3900 0.667450 -0.134081 -0.011098 0.005610
4000 0.644899 -0.122623 -0.011450 0.005826
4100 0.621684 -0.110875 -0.011760 0.005900
4200 0.597898 -0.099113 -0.012021 0.005841
4300 0.573641 -0.087588 -0.012229 0.005664
4400 0.549024 -0.076519 -0.012380 0.005387
4500 0.524164 -0.066086 -0.012471 0.005031
4600 0.499184 -0.056426 -0.012500 0.004617
4700 0.474206 -0.047634 -0.012467 0.004166
4800 0.449357 -0.039762 -0.012372 0.003699
4900 0.424757 -0.032826 -0.012217 0.003234
5000 0.400523 -0.026806 -0.012005 0.002785
5100 0.376766 -0.021658 -0.011741 0.002364
5200 0.353587 -0.017319 -0.011428 0.001978
5300 0.331075 -0.013710 -0.011073 0.001634
5400 0.309311 -0.010748 -0.010682 0.001332
5500 0.288360 -0.008347 -0.010260 0.001073
5600 0.268276 -0.006425 -0.009815 0.000854
5700 0.249101 -0.004903 -0.009352 0.000672
5800 0.230864 -0.003711 -0.008878 0.000523
5900 0.213583 -0.002787 -0.008398 0.000404
6000 0.197262 -0.002078 -0.007917 0.000308
6100 0.181900 -0.001538 -0.007441 0.000233
6200 0.167485 -0.001131 -0.006972 0.000175
6300 0.153997 -0.000827 -0.006514 0.000131
6400 0.141410 -0.000601 -0.006071 0.000097
6500 0.129694 -0.000435 -0.005644 0.000071
6600 0.118815 -0.000313 -0.005235 0.000052
6700 0.108734 -0.000224 -0.004846 0.000038
6800 0.099412 -0.000160 -0.004476 0.000027
6900 0.090807 -0.000113 -0.004128 0.000019
7000 0.082879 -0.000080 -0.003800 0.000014
7100 0.075585 -0.000057 -0.003494 0.000010
7200 0.068885 -0.000040 -0.003207 0.000007
7300 0.062738 -0.000028 -0.002940 0.000005
7400 0.057107 -0.000019 -0.002692 0.000003
7500 0.051952 -0.000014 -0.002463 0.000002
7600 0.047240 -0.000009 -0.002250 0.000002
7700 0.042936 -0.000007 -0.002055 0.000001
7800 0.039007 -0.000005 -0.001874 0.000001
7900 0.035425 -0.000003 -0.001709 0.000001
8000 0.032161 -0.000002 -0.001556 0.000000
8100 0.029189 -0.000001 -0.001417 0.000000
8200 0.026483 -0.000001 -0.001289 0.000000
8300 0.024022 -0.000001 -0.001172 0.000000
8400 0.021785 -0.000000 -0.001066 0.000000
8500 0.019752 -0.000000 -0.000968 0.000000
8600 0.017905 -0.000000 -0.000879 0.000000
8700 0.016228 -0.000000 -0.000798 0.000000
8800 0.014706 -0.000000 -0.000724 0.000000
8900 0.013324 -0.000000 -0.000657 0.000000
9000 0.012071 -0.000000 -0.000596 0.000000
9100 0.010935 -0.000000 -0.000541 0.000000
9200 0.009904 -0.000000 -0.000490 0.000000
9300 0.008969 -0.000000 -0.000444 0.000000
9400 0.008122 -0.000000 -0.000403 0.000000
9500 0.007355 -0.000000 -0.000365 0.000000
9600 0.006659 -0.000000 -0.000331 0.000000
9700 0.006029 -0.000000 -0.000300 0.000000
9800 0.005458 -0.000000 -0.000271 0.000000
9900 0.004941 -0.000000 -0.000246 0.000000
#interruption
0 0.990000 0.800100 -0.000495 -0.017610
100 0.988960 0.764858 -0.000546 -0.017632
200 0.987814 0.729578 -0.000602 -0.017647
300 0.986550 0.694274 -0.000663 -0.017655
400 0.985158 0.658962 -0.000731 -0.017655
500 0.983623 0.623661 -0.000805 -0.017644
600 0.981933 0.588394 -0.000887 -0.017621
700 0.980071 0.553188 -0.000977 -0.017582
800 0.978022 0.518076 -0.001075 -0.017526
900 0.975768 0.483095 -0.001182 -0.017450
1000 0.973289 0.448288 -0.001300 -0.017351
1100 0.970564 0.413707 -0.001428 -0.017225
1200 0.967570 0.379407 -0.001569 -0.017068
1300 0.964282 0.345452 -0.001722 -0.016878
1400 0.960676 0.311917 -0.001889 -0.016649
1500 0.956721 0.278880 -0.002070 -0.016377
1600 0.952388 0.246433 -0.002267 -0.016059
1700 0.947645 0.214673 -0.002481 -0.015689
1800 0.942458 0.183707 -0.002712 -0.015263
1900 0.936791 0.153650 -0.002961 -0.014778
2000 0.930607 0.124626 -0.003229 -0.014230
2100 0.923868 0.096764 -0.003517 -0.013615
2200 0.916533 0.070197 -0.003825 -0.012933
2300 0.908560 0.045064 -0.004154 -0.012181
2400 0.899910 0.021503 -0.004504 -0.011361
2500 0.890539 -0.000353 -0.004874 -0.010475
2600 0.880408 -0.020373 -0.005264 -0.009526
2700 0.869477 -0.038440 -0.005674 -0.008522
2800 0.857707 -0.054449 -0.006102 -0.007470
2900 0.845065 -0.068319 -0.006546 -0.006383
3000 0.831521 -0.079988 -0.007005 -0.005273
3100 0.817048 -0.089427 -0.007474 -0.004155
3200 0.801629 -0.096638 -0.007951 -0.003048
3300 0.785252 -0.101661 -0.008432 -0.001971
3400 0.767913 -0.104574 -0.008911 -0.000942
3500 0.749621 -0.105493 -0.009384 0.000020
3600 0.730392 -0.104570 -0.009846 0.000895
3700 0.710258 -0.101996 -0.010290 0.001669
3800 0.689259 -0.097985 -0.010709 0.002328
3900 0.667450 -0.092778 -0.011098 0.002863
4000 0.644899 -0.086628 -0.011450 0.003270
4100 0.621684 -0.079793 -0.011760 0.003548
4200 0.597898 -0.072524 -0.012021 0.003703
4300 0.573641 -0.065061 -0.012229 0.003743
4400 0.549024 -0.057619 -0.012380 0.003683
4500 0.524164 -0.050385 -0.012471 0.003537
4600 0.499184 -0.043513 -0.012500 0.003324
4700 0.474206 -0.037119 -0.012467 0.003061
4800 0.449357 -0.031286 -0.012372 0.002766
4900 0.424757 -0.026060 -0.012217 0.002456
5000 0.400523 -0.021458 -0.012005 0.002144
5100 0.376766 -0.017472 -0.011741 0.001842
5200 0.353587 -0.014072 -0.011428 0.001559
5300 0.331075 -0.011215 -0.011073 0.001300
5400 0.309311 -0.008848 -0.010682 0.001070
5500 0.288360 -0.006912 -0.010260 0.000869
5600 0.268276 -0.005350 -0.009815 0.000697
5700 0.249101 -0.004104 -0.009352 0.000552
5800 0.230864 -0.003122 -0.008878 0.000433
5900 0.213583 -0.002356 -0.008398 0.000336
6000 0.197262 -0.001764 -0.007917 0.000258
6100 0.181900 -0.001312 -0.007441 0.000196
6200 0.167485 -0.000969 -0.006972 0.000148
6300 0.153997 -0.000711 -0.006514 0.000111
6400 0.141410 -0.000519 -0.006071 0.000082
6500 0.129694 -0.000376 -0.005644 0.000061
6600 0.118815 -0.000272 -0.005235 0.000045
6700 0.108734 -0.000195 -0.004846 0.000032
6800 0.099412 -0.000139 -0.004476 0.000023
6900 0.090807 -0.000099 -0.004128 0.000017
7000 0.082879 -0.000070 -0.003800 0.000012
7100 0.075585 -0.000050 -0.003494 0.000009
7200 0.068885 -0.000035 -0.003207 0.000006
7300 0.062738 -0.000025 -0.002940 0.000004
7400 0.057107 -0.000017 -0.002692 0.000003
7500 0.051952 -0.000012 -0.002463 0.000002
7600 0.047240 -0.000008 -0.002250 0.000002
7700 0.042936 -0.000006 -0.002055 0.000001
7800 0.039007 -0.000004 -0.001874 0.000001
7900 0.035425 -0.000003 -0.001709 0.000001
8000 0.032161 -0.000002 -0.001556 0.000000
8100 0.029189 -0.000001 -0.001417 0.000000
8200 0.026483 -0.000001 -0.001289 0.000000
8300 0.024022 -0.000001 -0.001172 0.000000
8400 0.021785 -0.000000 -0.001066 0.000000
8500 0.019752 -0.000000 -0.000968 0.000000
8600 0.017905 -0.000000 -0.000879 0.000000
8700 0.016228 -0.000000 -0.000798 0.000000
8800 0.014706 -0.000000 -0.000724 0.000000
8900 0.013324 -0.000000 -0.000657 0.000000
9000 0.012071 -0.000000 -0.000596 0.000000
9100 0.010935 -0.000000 -0.000541 0.000000
9200 0.009904 -0.000000 -0.000490 0.000000
9300 0.008969 -0.000000 -0.000444 0.000000
9400 0.008122 -0.000000 -0.000403 0.000000
9500 0.007355 -0.000000 -0.000365 0.000000
9600 0.006659 -0.000000 -0.000331 0.000000
9700 0.006029 -0.000000 -0.000300 0.000000
9800 0.005458 -0.000000 -0.000271 0.000000
9900 0.004941 -0.000000 -0.000246 0.000000
#interruption
0 0.990000 1.000100 -0.000495 -0.018010
100 0.988960 0.964019 -0.000546 -0.018071
200 0.987814 0.927818 -0.000602 -0.018130
300 0.986550 0.891501 -0.000663 -0.018186
400 0.985158 0.855078 -0.000731 -0.018237
500 0.983623 0.818557 -0.000805 -0.018283
600 0.981933 0.781954 -0.000887 -0.018320
700 0.980071 0.745284 -0.000977 -0.018348
800 0.978022 0.708571 -0.001075 -0.018364
900 0.975768 0.671840 -0.001182 -0.018365
1000 0.973289 0.635122 -0.001300 -0.018349
1100 0.970564 0.598457 -0.001428 -0.018312
1200 0.967570 0.561887 -0.001569 -0.018252
1300 0.964282 0.525466 -0.001722 -0.018164
1400 0.960676 0.489252 -0.001889 -0.018044
1500 0.956721 0.453313 -0.002070 -0.017887
1600 0.952388 0.417727 -0.002267 -0.017690
1700 0.947645 0.382579 -0.002481 -0.017447
1800 0.942458 0.347967 -0.002712 -0.017154
1900 0.936791 0.313995 -0.002961 -0.016805
2000 0.930607 0.280779 -0.003229 -0.016397
2100 0.923868 0.248441 -0.003517 -0.015925
2200 0.916533 0.217114 -0.003825 -0.015385
2300 0.908560 0.186935 -0.004154 -0.014776
2400 0.899910 0.158046 -0.004504 -0.014094
2500 0.890539 0.130591 -0.004874 -0.013341
2600 0.880408 0.104712 -0.005264 -0.012518
2700 0.869477 0.080547 -0.005674 -0.011628
2800 0.857707 0.058223 -0.006102 -0.010677
2900 0.845065 0.037855 -0.006546 -0.009673
3000 0.831521 0.019539 -0.007005 -0.008626
3100 0.817048 0.003348 -0.007474 -0.007550
3200 0.801629 -0.010673 -0.007951 -0.006459
3300 0.785252 -0.022511 -0.008432 -0.005370
3400 0.767913 -0.032188 -0.008911 -0.004301
3500 0.749621 -0.039764 -0.009384 -0.003272
3600 0.730392 -0.045333 -0.009846 -0.002299
3700 0.710258 -0.049027 -0.010290 -0.001400
3800 0.689259 -0.051011 -0.010709 -0.000591
3900 0.667450 -0.051476 -0.011098 0.000116
4000 0.644899 -0.050634 -0.011450 0.000713
4100 0.621684 -0.048710 -0.011760 0.001196
4200 0.597898 -0.045935 -0.012021 0.001564
4300 0.573641 -0.042533 -0.012229 0.001822
4400 0.549024 -0.038719 -0.012380 0.001978
4500 0.524164 -0.034684 -0.012471 0.002043
4600 0.499184 -0.030600 -0.012500 0.002030
4700 0.474206 -0.026605 -0.012467 0.001955
4800 0.449357 -0.022810 -0.012372 0.001832
4900 0.424757 -0.019294 -0.012217 0.001677
5000 0.400523 -0.016110 -0.012005 0.001503
5100 0.376766 -0.013285 -0.011741 0.001320
5200 0.353587 -0.010825 -0.011428 0.001139
5300 0.331075 -0.008720 -0.011073 0.000966
5400 0.309311 -0.006947 -0.010682 0.000807
5500 0.288360 -0.005477 -0.010260 0.000664
5600 0.268276 -0.004275 -0.009815 0.000539
5700 0.249101 -0.003306 -0.009352 0.000432
5800 0.230864 -0.002533 -0.008878 0.000342
5900 0.213583 -0.001924 -0.008398 0.000268
6000 0.197262 -0.001450 -0.007917 0.000208
6100 0.181900 -0.001085 -0.007441 0.000159
6200 0.167485 -0.000806 -0.006972 0.000121
6300 0.153997 -0.000594 -0.006514 0.000091
6400 0.141410 -0.000436 -0.006071 0.000068
6500 0.129694 -0.000318 -0.005644 0.000051
6600 0.118815 -0.000230 -0.005235 0.000037
6700 0.108734 -0.000166 -0.004846 0.000027
6800 0.099412 -0.000119 -0.004476 0.000020
6900 0.090807 -0.000085 -0.004128 0.000014
7000 0.082879 -0.000061 -0.003800 0.000010
7100 0.075585 -0.000043 -0.003494 0.000007
7200 0.068885 -0.000030 -0.003207 0.000005
7300 0.062738 -0.000021 -0.002940 0.000004
7400 0.057107 -0.000015 -0.002692 0.000003
7500 0.051952 -0.000011 -0.002463 0.000002
7600 0.047240 -0.000007 -0.002250 0.000001
7700 0.042936 -0.000005 -0.002055 0.000001
7800 0.039007 -0.000004 -0.001874 0.000001
7900 0.035425 -0.000002 -0.001709 0.000000
8000 0.032161 -0.000002 -0.001556 0.000000
8100 0.029189 -0.000001 -0.001417 0.000000
8200 0.026483 -0.000001 -0.001289 0.000000
8300 0.024022 -0.000001 -0.001172 0.000000
8400 0.021785 -0.000000 -0.001066 0.000000
8500 0.019752 -0.000000 -0.000968 0.000000
8600 0.017905 -0.000000 -0.000879 0.000000
8700 0.016228 -0.000000 -0.000798 0.000000
8800 0.014706 -0.000000 -0.000724 0.000000
8900 0.013324 -0.000000 -0.000657 0.000000
9000 0.012071 -0.000000 -0.000596 0.000000
9100 0.010935 -0.000000 -0.000541 0.000000
9200 0.009904 -0.000000 -0.000490 0.000000
9300 0.008969 -0.000000 -0.000444 0.000000
9400 0.008122 -0.000000 -0.000403 0.000000
9500 0.007355 -0.000000 -0.000365 0.000000
9600 0.006659 -0.000000 -0.000331 0.000000
9700 0.006029 -0.000000 -0.000300 0.000000
9800 0.005458 -0.000000 -0.000271 0.000000
9900 0.004941 -0.000000 -0.000246 0.000000
#interruption
0 0.990000 1.200100 -0.000495 -0.018410
100 0.988960 1.163180 -0.000546 -0.018511
200 0.987814 1.126057 -0.000602 -0.018613
300 0.986550 1.088728 -0.000663 -0.018717
400 0.985158 1.051193 -0.000731 -0.018819
500 0.983623 1.013453 -0.000805 -0.018921
600 0.981933 0.975514 -0.000887 -0.019019
700 0.980071 0.937381 -0.000977 -0.019113
800 0.978022 0.899066 -0.001075 -0.019201
900 0.975768 0.860584 -0.001182 -0.019280
1000 0.973289 0.821956 -0.001300 -0.019347
1100 0.970564 0.783207 -0.001428 -0.019400
1200 0.967570 0.744368 -0.001569 -0.019436
1300 0.964282 0.705479 -0.001722 -0.019450
1400 0.960676 0.666587 -0.001889 -0.019438
1500 0.956721 0.627745 -0.002070 -0.019397
1600 0.952388 0.589020 -0.002267 -0.019321
1700 0.947645 0.550486 -0.002481 -0.019205
1800 0.942458 0.512227 -0.002712 -0.019044
1900 0.936791 0.474340 -0.002961 -0.018832
2000 0.930607 0.436931 -0.003229 -0.018564
2100 0.923868 0.400119 -0.003517 -0.018234
2200 0.916533 0.364031 -0.003825 -0.017838
2300 0.908560 0.328806 -0.004154 -0.017370
2400 0.899910 0.294590 -0.004504 -0.016828
2500 0.890539 0.261535 -0.004874 -0.016208
2600 0.880408 0.229797 -0.005264 -0.015510
2700 0.869477 0.199533 -0.005674 -0.014734
2800 0.857707 0.170895 -0.006102 -0.013883
2900 0.845065 0.144028 -0.006546 -0.012963
3000 0.831521 0.119066 -0.007005 -0.011980
3100 0.817048 0.096123 -0.007474 -0.010945
3200 0.801629 0.075293 -0.007951 -0.009870
3300 0.785252 0.056640 -0.008432 -0.008770
3400 0.767913 0.040198 -0.008911 -0.007661
3500 0.749621 0.025965 -0.009384 -0.006563
3600 0.730392 0.013905 -0.009846 -0.005493
3700 0.710258 0.003941 -0.010290 -0.004470
3800 0.689259 -0.004037 -0.010709 -0.003511
3900 0.667450 -0.010173 -0.011098 -0.002631
4000 0.644899 -0.014639 -0.011450 -0.001843
4100 0.621684 -0.017628 -0.011760 -0.001156
4200 0.597898 -0.019346 -0.012021 -0.000574
4300 0.573641 -0.020006 -0.012229 -0.000099
4400 0.549024 -0.019818 -0.012380 0.000273
4500 0.524164 -0.018984 -0.012471 0.000549
4600 0.499184 -0.017687 -0.012500 0.000737
4700 0.474206 -0.016091 -0.012467 0.000849
4800 0.449357 -0.014333 -0.012372 0.000899
4900 0.424757 -0.012528 -0.012217 0.000899
5000 0.400523 -0.010762 -0.012005 0.000861
5100 0.376766 -0.009099 -0.011741 0.000798
5200 0.353587 -0.007578 -0.011428 0.000719
5300 0.331075 -0.006225 -0.011073 0.000633
5400 0.309311 -0.005047 -0.010682 0.000545
5500 0.288360 -0.004042 -0.010260 0.000460
5600 0.268276 -0.003201 -0.009815 0.000382
5700 0.249101 -0.002507 -0.009352 0.000312
5800 0.230864 -0.001944 -0.008878 0.000252
5900 0.213583 -0.001493 -0.008398 0.000200
6000 0.197262 -0.001137 -0.007917 0.000157
6100 0.181900 -0.000858 -0.007441 0.000122
6200 0.167485 -0.000643 -0.006972 0.000094
6300 0.153997 -0.000478 -0.006514 0.000072
6400 0.141410 -0.000353 -0.006071 0.000054
6500 0.129694 -0.000259 -0.005644 0.000040
6600 0.118815 -0.000189 -0.005235 0.000030
6700 0.108734 -0.000137 -0.004846 0.000022
6800 0.099412 -0.000099 -0.004476 0.000016
6900 0.090807 -0.000071 -0.004128 0.000012
7000 0.082879 -0.000051 -0.003800 0.000009
7100 0.075585 -0.000036 -0.003494 0.000006
7200 0.068885 -0.000026 -0.003207 0.000004
7300 0.062738 -0.000018 -0.002940 0.000003
7400 0.057107 -0.000013 -0.002692 0.000002
7500 0.051952 -0.000009 -0.002463 0.000002
7600 0.047240 -0.000006 -0.002250 0.000001
7700 0.042936 -0.000004 -0.002055 0.000001
7800 0.039007 -0.000003 -0.001874 0.000001
7900 0.035425 -0.000002 -0.001709 0.000000
8000 0.032161 -0.000002 -0.001556 0.000000
8100 0.029189 -0.000001 -0.001417 0.000000
8200 0.026483 -0.000001 -0.001289 0.000000
8300 0.024022 -0.000001 -0.001172 0.000000
8400 0.021785 -0.000000 -0.001066 0.000000
8500 0.019752 -0.000000 -0.000968 0.000000
8600 0.017905 -0.000000 -0.000879 0.000000
8700 0.016228 -0.000000 -0.000798 0.000000
8800 0.014706 -0.000000 -0.000724 0.000000
8900 0.013324 -0.000000 -0.000657 0.000000
9000 0.012071 -0.000000 -0.000596 0.000000
9100 0.010935 -0.000000 -0.000541 0.000000
9200 0.009904 -0.000000 -0.000490 0.000000
9300 0.008969 -0.000000 -0.000444 0.000000
9400 0.008122 -0.000000 -0.000403 0.000000
9500 0.007355 -0.000000 -0.000365 0.000000
9600 0.006659 -0.000000 -0.000331 0.000000
9700 0.006029 -0.000000 -0.000300 0.000000
9800 0.005458 -0.000000 -0.000271 0.000000
9900 0.004941 -0.000000 -0.000246 0.000000
#interruption
0 0.990000 1.400100 -0.000495 -0.018810
100 0.988960 1.362341 -0.000546 -0.018951
200 0.987814 1.324296 -0.000602 -0.019097
300 0.986550 1.285955 -0.000663 -0.019247
400 0.985158 1.247309 -0.000731 -0.019402
500 0.983623 1.208350 -0.000805 -0.019559
600 0.981933 1.169074 -0.000887 -0.019719
700 0.980071 1.129477 -0.000977 -0.019879
800 0.978022 1.089561 -0.001075 -0.020038
900 0.975768 1.049329 -0.001182 -0.020194
1000 0.973289 1.008790 -0.001300 -0.020345
1100 0.970564 0.967957 -0.001428 -0.020488
1200 0.967570 0.926849 -0.001569 -0.020619
1300 0.964282 0.885493 -0.001722 -0.020736
1400 0.960676 0.843921 -0.001889 -0.020833
1500 0.956721 0.802178 -0.002070 -0.020907
1600 0.952388 0.760314 -0.002267 -0.020952
1700 0.947645 0.718393 -0.002481 -0.020963
1800 0.942458 0.676487 -0.002712 -0.020934
1900 0.936791 0.634685 -0.002961 -0.020859
2000 0.930607 0.593084 -0.003229 -0.020731
2100 0.923868 0.551796 -0.003517 -0.020544
2200 0.916533 0.510948 -0.003825 -0.020290
2300 0.908560 0.470677 -0.004154 -0.019965
2400 0.899910 0.431134 -0.004504 -0.019561
2500 0.890539 0.392479 -0.004874 -0.019075
2600 0.880408 0.354882 -0.005264 -0.018502
2700 0.869477 0.318519 -0.005674 -0.017840
2800 0.857707 0.283567 -0.006102 -0.017090
2900 0.845065 0.250202 -0.006546 -0.016253
3000 0.831521 0.218593 -0.007005 -0.015334
3100 0.817048 0.188898 -0.007474 -0.014339
3200 0.801629 0.161258 -0.007951 -0.013280
3300 0.785252 0.135790 -0.008432 -0.012169
3400 0.767913 0.112584 -0.008911 -0.011021
3500 0.749621 0.091694 -0.009384 -0.009854
3600 0.730392 0.073143 -0.009846 -0.008687
3700 0.710258 0.056910 -0.010290 -0.007539
3800 0.689259 0.042937 -0.010709 -0.006430
3900 0.667450 0.031129 -0.011098 -0.005378
4000 0.644899 0.021356 -0.011450 -0.004399
4100 0.621684 0.013455 -0.011760 -0.003508
4200 0.597898 0.007244 -0.012021 -0.002712
4300 0.573641 0.002522 -0.012229 -0.002020
4400 0.549024 -0.000918 -0.012380 -0.001432
4500 0.524164 -0.003283 -0.012471 -0.000946
4600 0.499184 -0.004774 -0.012500 -0.000557
4700 0.474206 -0.005576 -0.012467 -0.000256
4800 0.449357 -0.005857 -0.012372 -0.000034
4900 0.424757 -0.005763 -0.012217 0.000120
5000 0.400523 -0.005415 -0.012005 0.000220
5100 0.376766 -0.004912 -0.011741 0.000276
5200 0.353587 -0.004332 -0.011428 0.000299
5300 0.331075 -0.003730 -0.011073 0.000299
5400 0.309311 -0.003147 -0.010682 0.000282
5500 0.288360 -0.002607 -0.010260 0.000256
5600 0.268276 -0.002126 -0.009815 0.000225
5700 0.249101 -0.001708 -0.009352 0.000192
5800 0.230864 -0.001355 -0.008878 0.000161
5900 0.213583 -0.001062 -0.008398 0.000132
6000 0.197262 -0.000823 -0.007917 0.000107
6100 0.181900 -0.000631 -0.007441 0.000085
6200 0.167485 -0.000480 -0.006972 0.000067
6300 0.153997 -0.000362 -0.006514 0.000052
6400 0.141410 -0.000270 -0.006071 0.000040
6500 0.129694 -0.000201 -0.005644 0.000030
6600 0.118815 -0.000148 -0.005235 0.000023
6700 0.108734 -0.000108 -0.004846 0.000017
6800 0.099412 -0.000079 -0.004476 0.000013
6900 0.090807 -0.000057 -0.004128 0.000009
7000 0.082879 -0.000041 -0.003800 0.000007
7100 0.075585 -0.000030 -0.003494 0.000005
7200 0.068885 -0.000021 -0.003207 0.000004
7300 0.062738 -0.000015 -0.002940 0.000003
7400 0.057107 -0.000011 -0.002692 0.000002
7500 0.051952 -0.000008 -0.002463 0.000001
7600 0.047240 -0.000005 -0.002250 0.000001
7700 0.042936 -0.000004 -0.002055 0.000001
7800 0.039007 -0.000003 -0.001874 0.000000
7900 0.035425 -0.000002 -0.001709 0.000000
8000 0.032161 -0.000001 -0.001556 0.000000
8100 0.029189 -0.000001 -0.001417 0.000000
8200 0.026483 -0.000001 -0.001289 0.000000
8300 0.024022 -0.000000 -0.001172 0.000000
8400 0.021785 -0.000000 -0.001066 0.000000
8500 0.019752 -0.000000 -0.000968 0.000000
8600 0.017905 -0.000000 -0.000879 0.000000
8700 0.016228 -0.000000 -0.000798 0.000000
8800 0.014706 -0.000000 -0.000724 0.000000
8900 0.013324 -0.000000 -0.000657 0.000000
9000 0.012071 -0.000000 -0.000596 0.000000
9100 0.010935 -0.000000 -0.000541 0.000000
9200 0.009904 -0.000000 -0.000490 0.000000
9300 0.008969 -0.000000 -0.000444 0.000000
9400 0.008122 -0.000000 -0.000403 0.000000
9500 0.007355 -0.000000 -0.000365 0.000000
9600 0.006659 -0.000000 -0.000331 0.000000
9700 0.006029 -0.000000 -0.000300 0.000000
9800 0.005458 -0.000000 -0.000271 0.000000
9900 0.004941 -0.000000 -0.000246 0.000000
#interruption
0 0.990000 1.600100 -0.000495 -0.019210
100 0.988960 1.561503 -0.000546 -0.019390
200 0.987814 1.522536 -0.000602 -0.019580
300 0.986550 1.483182 -0.000663 -0.019778
400 0.985158 1.443424 -0.000731 -0.019984
500 0.983623 1.403246 -0.000805 -0.020198
600 0.981933 1.362633 -0.000887 -0.020418
700 0.980071 1.321574 -0.000977 -0.020645
800 0.978022 1.280056 -0.001075 -0.020876
900 0.975768 1.238074 -0.001182 -0.021109
1000 0.973289 1.195624 -0.001300 -0.021343
1100 0.970564 1.152707 -0.001428 -0.021575
1200 0.967570 1.109330 -0.001569 -0.021803
1300 0.964282 1.065506 -0.001722 -0.022022
1400 0.960676 1.021256 -0.001889 -0.022228
1500 0.956721 0.976610 -0.002070 -0.022417
1600 0.952388 0.931608 -0.002267 -0.022583
1700 0.947645 0.886299 -0.002481 -0.022721
1800 0.942458 0.840748 -0.002712 -0.022825
1900 0.936791 0.795029 -0.002961 -0.022886
2000 0.930607 0.749236 -0.003229 -0.022898
2100 0.923868 0.703474 -0.003517 -0.022853
2200 0.916533 0.657865 -0.003825 -0.022743
2300 0.908560 0.612548 -0.004154 -0.022559
2400 0.899910 0.567677 -0.004504 -0.022294
2500 0.890539 0.523423 -0.004874 -0.021941
2600 0.880408 0.479967 -0.005264 -0.021494
2700 0.869477 0.437505 -0.005674 -0.020946
2800 0.857707 0.396239 -0.006102 -0.020296
2900 0.845065 0.356375 -0.006546 -0.019543
3000 0.831521 0.318120 -0.007005 -0.018687
3100 0.817048 0.281673 -0.007474 -0.017734
3200 0.801629 0.247224 -0.007951 -0.016691
3300 0.785252 0.214941 -0.008432 -0.015569
3400 0.767913 0.184970 -0.008911 -0.014381
3500 0.749621 0.157424 -0.009384 -0.013146
3600 0.730392 0.132380 -0.009846 -0.011881
3700 0.710258 0.109878 -0.010290 -0.010609
3800 0.689259 0.089911 -0.010709 -0.009349
3900 0.667450 0.072432 -0.011098 -0.008125
4000 0.644899 0.057350 -0.011450 -0.006956
4100 0.621684 0.044537 -0.011760 -0.005859
4200 0.597898 0.033833 -0.012021 -0.004851
4300 0.573641 0.025049 -0.012229 -0.003941
4400 0.549024 0.017982 -0.012380 -0.003136
4500 0.524164 0.012417 -0.012471 -0.002440
4600 0.499184 0.008139 -0.012500 -0.001850
4700 0.474206 0.004938 -0.012467 -0.001362
4800 0.449357 0.002619 -0.012372 -0.000968
4900 0.424757 0.001003 -0.012217 -0.000658
5000 0.400523 -0.000067 -0.012005 -0.000421
5100 0.376766 -0.000726 -0.011741 -0.000245
5200 0.353587 -0.001085 -0.011428 -0.000120
5300 0.331075 -0.001235 -0.011073 -0.000035
5400 0.309311 -0.001247 -0.010682 0.000020
5500 0.288360 -0.001173 -0.010260 0.000052
5600 0.268276 -0.001051 -0.009815 0.000068
5700 0.249101 -0.000910 -0.009352 0.000072
5800 0.230864 -0.000766 -0.008878 0.000070
5900 0.213583 -0.000631 -0.008398 0.000064
6000 0.197262 -0.000509 -0.007917 0.000057
6100 0.181900 -0.000405 -0.007441 0.000048
6200 0.167485 -0.000317 -0.006972 0.000040
6300 0.153997 -0.000245 -0.006514 0.000032
6400 0.141410 -0.000188 -0.006071 0.000026
6500 0.129694 -0.000142 -0.005644 0.000020
6600 0.118815 -0.000107 -0.005235 0.000015
6700 0.108734 -0.000080 -0.004846 0.000012
6800 0.099412 -0.000059 -0.004476 0.000009
6900 0.090807 -0.000043 -0.004128 0.000007
7000 0.082879 -0.000032 -0.003800 0.000005
7100 0.075585 -0.000023 -0.003494 0.000004
7200 0.068885 -0.000017 -0.003207 0.000003
7300 0.062738 -0.000012 -0.002940 0.000002
7400 0.057107 -0.000009 -0.002692 0.000001
7500 0.051952 -0.000006 -0.002463 0.000001
7600 0.047240 -0.000004 -0.002250 0.000001
7700 0.042936 -0.000003 -0.002055 0.000001
7800 0.039007 -0.000002 -0.001874 0.000000
7900 0.035425 -0.000002 -0.001709 0.000000
8000 0.032161 -0.000001 -0.001556 0.000000
8100 0.029189 -0.000001 -0.001417 0.000000
8200 0.026483 -0.000001 -0.001289 0.000000
8300 0.024022 -0.000000 -0.001172 0.000000
8400 0.021785 -0.000000 -0.001066 0.000000
8500 0.019752 -0.000000 -0.000968 0.000000
8600 0.017905 -0.000000 -0.000879 0.000000
8700 0.016228 -0.000000 -0.000798 0.000000
8800 0.014706 -0.000000 -0.000724 0.000000
8900 0.013324 -0.000000 -0.000657 0.000000
9000 0.012071 -0.000000 -0.000596 0.000000
9100 0.010935 -0.000000 -0.000541 0.000000
9200 0.009904 -0.000000 -0.000490 0.000000
9300 0.008969 -0.000000 -0.000444 0.000000
9400 0.008122 -0.000000 -0.000403 0.000000
9500 0.007355 -0.000000 -0.000365 0.000000
9600 0.006659 -0.000000 -0.000331 0.000000
9700 0.006029 -0.000000 -0.000300 0.000000
9800 0.005458 -0.000000 -0.000271 0.000000
9900 0.004941 -0.000000 -0.000246 0.000000
#interruption
0 0.990000 1.800100 -0.000495 -0.019610
100 0.988960 1.760664 -0.000546 -0.019830
200 0.987814 1.720775 -0.000602 -0.020063
300 0.986550 1.680409 -0.000663 -0.020308
400 0.985158 1.639540 -0.000731 -0.020566
500 0.983623 1.598142 -0.000805 -0.020836
600 0.981933 1.556193 -0.000887 -0.021118
700 0.980071 1.513670 -0.000977 -0.021410
800 0.978022 1.470551 -0.001075 -0.021713
900 0.975768 1.426819 -0.001182 -0.022024
1000 0.973289 1.382458 -0.001300 -0.022341
1100 0.970564 1.337457 -0.001428 -0.022663
1200 0.967570 1.291810 -0.001569 -0.022986
1300 0.964282 1.245519 -0.001722 -0.023307
1400 0.960676 1.198591 -0.001889 -0.023622
1500 0.956721 1.151043 -0.002070 -0.023927
1600 0.952388 1.102901 -0.002267 -0.024214
1700 0.947645 1.054206 -0.002481 -0.024480
1800 0.942458 1.005008 -0.002712 -0.024715
1900 0.936791 0.955374 -0.002961 -0.024913
2000 0.930607 0.905388 -0.003229 -0.025066
2100 0.923868 0.855151 -0.003517 -0.025163
2200 0.916533 0.804781 -0.003825 -0.025195
2300 0.908560 0.754419 -0.004154 -0.025154
2400 0.899910 0.704221 -0.004504 -0.025028
2500 0.890539 0.654367 -0.004874 -0.024808
2600 0.880408 0.605052 -0.005264 -0.024485
2700 0.869477 0.556491 -0.005674 -0.024052
2800 0.857707 0.508911 -0.006102 -0.023503
2900 0.845065 0.462548 -0.006546 -0.022833
3000 0.831521 0.417647 -0.007005 -0.022041
3100 0.817048 0.374448 -0.007474 -0.021129
3200 0.801629 0.333189 -0.007951 -0.020101
3300 0.785252 0.294092 -0.008432 -0.018968
3400 0.767913 0.257356 -0.008911 -0.017741
3500 0.749621 0.223153 -0.009384 -0.016437
3600 0.730392 0.191618 -0.009846 -0.015076
3700 0.710258 0.162847 -0.010290 -0.013678
3800 0.689259 0.136885 -0.010709 -0.012269
3900 0.667450 0.113735 -0.011098 -0.010872
4000 0.644899 0.093345 -0.011450 -0.009512
4100 0.621684 0.075620 -0.011760 -0.008211
4200 0.597898 0.060422 -0.012021 -0.006989
4300 0.573641 0.047577 -0.012229 -0.005862
4400 0.549024 0.036883 -0.012380 -0.004841
4500 0.524164 0.028118 -0.012471 -0.003934
4600 0.499184 0.021052 -0.012500 -0.003144
4700 0.474206 0.015453 -0.012467 -0.002468
4800 0.449357 0.011095 -0.012372 -0.001901
4900 0.424757 0.007769 -0.012217 -0.001436
5000 0.400523 0.005281 -0.012005 -0.001062
5100 0.376766 0.003461 -0.011741 -0.000767
5200 0.353587 0.002162 -0.011428 -0.000540
5300 0.331075 0.001260 -0.011073 -0.000369
5400 0.309311 0.000654 -0.010682 -0.000243
5500 0.288360 0.000262 -0.010260 -0.000153
5600 0.268276 0.000023 -0.009815 -0.000090
5700 0.249101 -0.000111 -0.009352 -0.000047
5800 0.230864 -0.000177 -0.008878 -0.000020
5900 0.213583 -0.000199 -0.008398 -0.000003
6000 0.197262 -0.000196 -0.007917 0.000006
6100 0.181900 -0.000178 -0.007441 0.000011
6200 0.167485 -0.000154 -0.006972 0.000013
6300 0.153997 -0.000129 -0.006514 0.000012
6400 0.141410 -0.000105 -0.006071 0.000011
6500 0.129694 -0.000084 -0.005644 0.000010
6600 0.118815 -0.000066 -0.005235 0.000008
6700 0.108734 -0.000051 -0.004846 0.000007
6800 0.099412 -0.000039 -0.004476 0.000005
6900 0.090807 -0.000029 -0.004128 0.000004
7000 0.082879 -0.000022 -0.003800 0.000003
7100 0.075585 -0.000016 -0.003494 0.000002
7200 0.068885 -0.000012 -0.003207 0.000002
7300 0.062738 -0.000009 -0.002940 0.000001
7400 0.057107 -0.000006 -0.002692 0.000001
7500 0.051952 -0.000005 -0.002463 0.000001
7600 0.047240 -0.000003 -0.002250 0.000001
7700 0.042936 -0.000002 -0.002055 0.000000
7800 0.039007 -0.000002 -0.001874 0.000000
7900 0.035425 -0.000001 -0.001709 0.000000
8000 0.032161 -0.000001 -0.001556 0.000000
8100 0.029189 -0.000001 -0.001417 0.000000
8200 0.026483 -0.000000 -0.001289 0.000000
8300 0.024022 -0.000000 -0.001172 0.000000
8400 0.021785 -0.000000 -0.001066 0.000000
8500 0.019752 -0.000000 -0.000968 0.000000
8600 0.017905 -0.000000 -0.000879 0.000000
8700 0.016228 -0.000000 -0.000798 0.000000
8800 0.014706 -0.000000 -0.000724 0.000000
8900 0.013324 -0.000000 -0.000657 0.000000
9000 0.012071 -0.000000 -0.000596 0.000000
9100 0.010935 -0.000000 -0.000541 0.000000
9200 0.009904 -0.000000 -0.000490 0.000000
9300 0.008969 -0.000000 -0.000444 0.000000
9400 0.008122 -0.000000 -0.000403 0.000000
9500 0.007355 -0.000000 -0.000365 0.000000
9600 0.006659 -0.000000 -0.000331 0.000000
9700 0.006029 -0.000000 -0.000300 0.000000
9800 0.005458 -0.000000 -0.000271 0.000000
9900 0.004941 -0.000000 -0.000246 0.000000
#interruption
