0.840336 0.972091 0.102455
0.847458 0.970598 0.109704
0.854701 0.969066 0.122982
0.862069 0.967291 0.132588
0.869565 0.965544 0.146944
0.877193 0.963750 0.154015
0.884956 0.961775 0.164054
0.892857 0.959592 0.182234
0.900901 0.957075 0.205906
0.909091 0.954264 0.244735
0.917431 0.951599 0.263638
0.925926 0.948465 0.295780
0.934579 0.945168 0.352000
0.943396 0.941831 0.376197
0.952381 0.937996 0.409748
0.961538 0.933748 0.468055
0.970874 0.929109 0.500757
0.980392 0.924008 0.563774
0.990099 0.917773 0.738326
1.000000 0.911652 0.773046
1.010101 0.905302 0.938854
1.020408 0.897553 1.081681
1.030928 0.888621 1.376646
1.041667 0.877951 1.607347
1.052632 0.867765 1.995883
1.063830 0.852935 3.207642
1.075269 0.838015 3.896951
1.086957 0.813904 6.460305
1.098901 0.767007 64.679392
1.111111 0.691765 162.012276
1.123596 0.577436 306.388381
1.136364 0.348945 475.077944
1.149425 0.094164 488.935984
1.162791 0.045928 384.835689
1.176471 0.032606 262.541224
1.190476 0.007767 192.790406
1.204819 -0.007430 132.903987
1.219512 0.006806 102.903202
1.234568 0.007209 76.101967
1.250000 0.005957 60.954943
1.265823 0.008664 51.329901
1.282051 -0.000502 42.325366
1.298701 -0.001901 34.438779
1.315789 0.003670 30.254205
1.333333 0.005569 27.805640
