0.840336 0.971840 0.108864
0.847458 0.970476 0.118925
0.854701 0.968707 0.132699
0.862069 0.967213 0.135909
0.869565 0.965209 0.151990
0.877193 0.963129 0.171260
0.884956 0.960951 0.183897
0.892857 0.958584 0.196877
0.900901 0.956180 0.208614
0.909091 0.953478 0.223515
0.917431 0.950653 0.258123
0.925926 0.947722 0.275917
0.934579 0.944331 0.305220
0.943396 0.940404 0.361337
0.952381 0.936627 0.385830
0.961538 0.932424 0.446088
0.970874 0.927707 0.474635
0.980392 0.922489 0.563163
0.990099 0.916547 0.638245
1.000000 0.909938 0.791037
1.010101 0.902927 1.003878
1.020408 0.895576 1.189453
1.030928 0.886496 1.429934
1.041667 0.877151 1.726838
1.052632 0.865820 2.215137
1.063830 0.852533 2.828420
1.075269 0.826220 15.704589
1.086957 0.804967 28.967297
1.098901 0.741189 74.611017
1.111111 0.621493 172.876357
1.123596 0.543962 212.432240
1.136364 0.333238 315.060414
1.149425 0.187707 317.291267
1.162791 0.032889 270.011173
1.176471 0.026733 216.844876
1.190476 0.017233 163.463382
1.204819 -0.006369 129.989894
1.219512 0.018091 95.772903
1.234568 0.001213 74.245839
1.250000 -0.007656 61.467329
1.265823 0.004231 50.644421
1.282051 0.011111 42.143716
1.298701 0.010593 39.253203
1.315789 0.003031 31.098727
1.333333 0.001002 27.262843
1.351351 0.011458 24.125021
1.369863 -0.000769 21.148730
1.388889 0.000918 18.242251
1.408451 0.008993 18.157506
1.428571 0.003189 15.938808
