0.847458 0.970507 0.122746
0.862069 0.967166 0.138324
0.877193 0.963284 0.162304
0.892857 0.959025 0.193230
0.909091 0.953954 0.234481
0.925926 0.947854 0.274799
0.943396 0.940985 0.333126
0.961538 0.932694 0.441464
0.980392 0.923085 0.569746
1.000000 0.911135 0.727898
1.020408 0.896659 1.104331
1.041667 0.877224 1.522383
1.063830 0.852553 2.806025
1.086957 0.815862 5.073386
1.111111 0.755601 20.434102
1.136364 -0.141402 931.384061
1.162791 0.153758 433.392424
1.190476 0.006874 210.645721
1.219512 0.006387 107.689689
1.250000 0.005702 59.980191
1.282051 -0.000294 42.349655
1.315789 0.005968 31.249188
1.351351 -0.000110 24.951736
1.388889 0.004927 18.783068
1.428571 0.004469 15.017588
