0.840336 0.972370 0.102993
0.847458 0.970825 0.109858
0.854701 0.969055 0.135833
0.862069 0.967395 0.146636
0.869565 0.965530 0.154428
0.877193 0.963380 0.166750
0.884956 0.960955 0.198385
0.892857 0.958900 0.215436
0.900901 0.956475 0.221600
0.909091 0.953930 0.251082
0.917431 0.951620 0.273830
0.925926 0.948745 0.298020
0.934579 0.945475 0.306600
0.943396 0.941790 0.341518
0.952381 0.937700 0.376544
0.961538 0.933135 0.439879
0.970874 0.928460 0.528151
0.980392 0.922700 0.636704
0.990099 0.917680 0.630527
1.000000 0.910080 0.802477
1.010101 0.902250 0.996435
1.020408 0.894740 1.240313
1.030928 0.888020 1.540892
1.041667 0.875000 2.907980
1.052632 0.863720 3.339685
1.063830 0.847165 6.920935
1.075269 0.824505 10.650652
1.086957 0.787110 24.192779
1.098901 0.763020 28.561212
1.111111 0.693910 49.366625
1.123596 0.597005 80.646402
1.136364 0.509985 100.276050
1.149425 0.413215 113.217756
1.162791 0.296150 121.229211
1.176471 0.189115 122.970277
1.190476 0.103440 112.494647
1.204819 0.030695 94.232737
1.219512 0.002440 83.704559
1.234568 0.018085 68.636883
1.250000 0.014635 52.680077
1.265823 0.023890 48.076787
1.282051 0.005500 39.616920
1.298701 -0.005790 34.544090
1.315789 0.014165 32.300871
1.333333 0.015740 26.414381
1.351351 0.000070 22.401998
1.369863 -0.001855 22.449574
1.388889 0.009455 18.215711
1.408451 0.004835 16.788859
1.428571 -0.001760 15.915821
