0 1
0 20
0 19
0 380
1 2
1 21
1 0
1 381
2 3
2 22
2 1
2 382
3 4
3 23
3 2
3 383
4 5
4 24
4 3
4 384
5 6
5 25
5 4
5 385
6 7
6 26
6 5
6 386
7 8
7 27
7 6
7 387
8 9
8 28
8 7
8 388
9 10
9 29
9 8
9 389
10 11
10 30
10 9
10 390
11 12
11 31
11 10
11 391
12 13
12 32
12 11
12 392
13 14
13 33
13 12
13 393
14 15
14 34
14 13
14 394
15 16
15 35
15 14
15 395
16 17
16 36
16 15
16 396
17 18
17 37
17 16
17 397
18 19
18 38
18 17
18 398
19 0
19 39
19 18
19 399
20 21
20 40
20 39
20 0
21 22
21 41
21 20
21 1
22 23
22 42
22 21
22 2
23 24
23 43
23 22
23 3
24 25
24 44
24 23
24 4
25 26
25 45
25 24
25 5
26 27
26 46
26 25
26 6
27 28
27 47
27 26
27 7
28 29
28 48
28 27
28 8
29 30
29 49
29 28
29 9
30 31
30 50
30 29
30 10
31 32
31 51
31 30
31 11
32 33
32 52
32 31
32 12
33 34
33 53
33 32
33 13
34 35
34 54
34 33
34 14
35 36
35 55
35 34
35 15
36 37
36 56
36 35
36 16
37 38
37 57
37 36
37 17
38 39
38 58
38 37
38 18
39 20
39 59
39 38
39 19
40 41
40 60
40 59
40 20
41 42
41 61
41 40
41 21
42 43
42 62
42 41
42 22
43 44
43 63
43 42
43 23
44 45
44 64
44 43
44 24
45 46
45 65
45 44
45 25
46 47
46 66
46 45
46 26
47 48
47 67
47 46
47 27
48 49
48 68
48 47
48 28
49 50
49 69
49 48
49 29
50 51
50 70
50 49
50 30
51 52
51 71
51 50
51 31
52 53
52 72
52 51
52 32
53 54
53 73
53 52
53 33
54 55
54 74
54 53
54 34
55 56
55 75
55 54
55 35
56 57
56 76
56 55
56 36
57 58
57 77
57 56
57 37
58 59
58 78
58 57
58 38
59 40
59 79
59 58
59 39
60 61
60 80
60 79
60 40
61 62
61 81
61 60
61 41
62 63
62 82
62 61
62 42
63 64
63 83
63 62
63 43
64 65
64 84
64 63
64 44
65 66
65 85
65 64
65 45
66 67
66 86
66 65
66 46
67 68
67 87
67 66
67 47
68 69
68 88
68 67
68 48
69 70
69 89
69 68
69 49
70 71
70 90
70 69
70 50
71 72
71 91
71 70
71 51
72 73
72 92
72 71
72 52
73 74
73 93
73 72
73 53
74 75
74 94
74 73
74 54
75 76
75 95
75 74
75 55
76 77
76 96
76 75
76 56
77 78
77 97
77 76
77 57
78 79
78 98
78 77
78 58
79 60
79 99
79 78
79 59
80 81
80 100
80 99
80 60
81 82
81 101
81 80
81 61
82 83
82 102
82 81
82 62
83 84
83 103
83 82
83 63
84 85
84 104
84 83
84 64
85 86
85 105
85 84
85 65
86 87
86 106
86 85
86 66
87 88
87 107
87 86
87 67
88 89
88 108
88 87
88 68
89 90
89 109
89 88
89 69
90 91
90 110
90 89
90 70
91 92
91 111
91 90
91 71
92 93
92 112
92 91
92 72
93 94
93 113
93 92
93 73
94 95
94 114
94 93
94 74
95 96
95 115
95 94
95 75
96 97
96 116
96 95
96 76
97 98
97 117
97 96
97 77
98 99
98 118
98 97
98 78
99 80
99 119
99 98
99 79
100 101
100 120
100 119
100 80
101 102
101 121
101 100
101 81
102 103
102 122
102 101
102 82
103 104
103 123
103 102
103 83
104 105
104 124
104 103
104 84
105 106
105 125
105 104
105 85
106 107
106 126
106 105
106 86
107 108
107 127
107 106
107 87
108 109
108 128
108 107
108 88
109 110
109 129
109 108
109 89
110 111
110 130
110 109
110 90
111 112
111 131
111 110
111 91
112 113
112 132
112 111
112 92
113 114
113 133
113 112
113 93
114 115
114 134
114 113
114 94
115 116
115 135
115 114
115 95
116 117
116 136
116 115
116 96
117 118
117 137
117 116
117 97
118 119
118 138
118 117
118 98
119 100
119 139
119 118
119 99
120 121
120 140
120 139
120 100
121 122
121 141
121 120
121 101
122 123
122 142
122 121
122 102
123 124
123 143
123 122
123 103
124 125
124 144
124 123
124 104
125 126
125 145
125 124
125 105
126 127
126 146
126 125
126 106
127 128
127 147
127 126
127 107
128 129
128 148
128 127
128 108
129 130
129 149
129 128
129 109
130 131
130 150
130 129
130 110
131 132
131 151
131 130
131 111
132 133
132 152
132 131
132 112
133 134
133 153
133 132
133 113
134 135
134 154
134 133
134 114
135 136
135 155
135 134
135 115
136 137
136 156
136 135
136 116
137 138
137 157
137 136
137 117
138 139
138 158
138 137
138 118
139 120
139 159
139 138
139 119
140 141
140 160
140 159
140 120
141 142
141 161
141 140
141 121
142 143
142 162
142 141
142 122
143 144
143 163
143 142
143 123
144 145
144 164
144 143
144 124
145 146
145 165
145 144
145 125
146 147
146 166
146 145
146 126
147 148
147 167
147 146
147 127
148 149
148 168
148 147
148 128
149 150
149 169
149 148
149 129
150 151
150 170
150 149
150 130
151 152
151 171
151 150
151 131
152 153
152 172
152 151
152 132
153 154
153 173
153 152
153 133
154 155
154 174
154 153
154 134
155 156
155 175
155 154
155 135
156 157
156 176
156 155
156 136
157 158
157 177
157 156
157 137
158 159
158 178
158 157
158 138
159 140
159 179
159 158
159 139
160 161
160 180
160 179
160 140
161 162
161 181
161 160
161 141
162 163
162 182
162 161
162 142
163 164
163 183
163 162
163 143
164 165
164 184
164 163
164 144
165 166
165 185
165 164
165 145
166 167
166 186
166 165
166 146
167 168
167 187
167 166
167 147
168 169
168 188
168 167
168 148
169 170
169 189
169 168
169 149
170 171
170 190
170 169
170 150
171 172
171 191
171 170
171 151
172 173
172 192
172 171
172 152
173 174
173 193
173 172
173 153
174 175
174 194
174 173
174 154
175 176
175 195
175 174
175 155
176 177
176 196
176 175
176 156
177 178
177 197
177 176
177 157
178 179
178 198
178 177
178 158
179 160
179 199
179 178
179 159
180 181
180 200
180 199
180 160
181 182
181 201
181 180
181 161
182 183
182 202
182 181
182 162
183 184
183 203
183 182
183 163
184 185
184 204
184 183
184 164
185 186
185 205
185 184
185 165
186 187
186 206
186 185
186 166
187 188
187 207
187 186
187 167
188 189
188 208
188 187
188 168
189 190
189 209
189 188
189 169
190 191
190 210
190 189
190 170
191 192
191 211
191 190
191 171
192 193
192 212
192 191
192 172
193 194
193 213
193 192
193 173
194 195
194 214
194 193
194 174
195 196
195 215
195 194
195 175
196 197
196 216
196 195
196 176
197 198
197 217
197 196
197 177
198 199
198 218
198 197
198 178
199 180
199 219
199 198
199 179
200 201
200 220
200 219
200 180
201 202
201 221
201 200
201 181
202 203
202 222
202 201
202 182
203 204
203 223
203 202
203 183
204 205
204 224
204 203
204 184
205 206
205 225
205 204
205 185
206 207
206 226
206 205
206 186
207 208
207 227
207 206
207 187
208 209
208 228
208 207
208 188
209 210
209 229
209 208
209 189
210 211
210 230
210 209
210 190
211 212
211 231
211 210
211 191
212 213
212 232
212 211
212 192
213 214
213 233
213 212
213 193
214 215
214 234
214 213
214 194
215 216
215 235
215 214
215 195
216 217
216 236
216 215
216 196
217 218
217 237
217 216
217 197
218 219
218 238
218 217
218 198
219 200
219 239
219 218
219 199
220 221
220 240
220 239
220 200
221 222
221 241
221 220
221 201
222 223
222 242
222 221
222 202
223 224
223 243
223 222
223 203
224 225
224 244
224 223
224 204
225 226
225 245
225 224
225 205
226 227
226 246
226 225
226 206
227 228
227 247
227 226
227 207
228 229
228 248
228 227
228 208
229 230
229 249
229 228
229 209
230 231
230 250
230 229
230 210
231 232
231 251
231 230
231 211
232 233
232 252
232 231
232 212
233 234
233 253
233 232
233 213
234 235
234 254
234 233
234 214
235 236
235 255
235 234
235 215
236 237
236 256
236 235
236 216
237 238
237 257
237 236
237 217
238 239
238 258
238 237
238 218
239 220
239 259
239 238
239 219
240 241
240 260
240 259
240 220
241 242
241 261
241 240
241 221
242 243
242 262
242 241
242 222
243 244
243 263
243 242
243 223
244 245
244 264
244 243
244 224
245 246
245 265
245 244
245 225
246 247
246 266
246 245
246 226
247 248
247 267
247 246
247 227
248 249
248 268
248 247
248 228
249 250
249 269
249 248
249 229
250 251
250 270
250 249
250 230
251 252
251 271
251 250
251 231
252 253
252 272
252 251
252 232
253 254
253 273
253 252
253 233
254 255
254 274
254 253
254 234
255 256
255 275
255 254
255 235
256 257
256 276
256 255
256 236
257 258
257 277
257 256
257 237
258 259
258 278
258 257
258 238
259 240
259 279
259 258
259 239
260 261
260 280
260 279
260 240
261 262
261 281
261 260
261 241
262 263
262 282
262 261
262 242
263 264
263 283
263 262
263 243
264 265
264 284
264 263
264 244
265 266
265 285
265 264
265 245
266 267
266 286
266 265
266 246
267 268
267 287
267 266
267 247
268 269
268 288
268 267
268 248
269 270
269 289
269 268
269 249
270 271
270 290
270 269
270 250
271 272
271 291
271 270
271 251
272 273
272 292
272 271
272 252
273 274
273 293
273 272
273 253
274 275
274 294
274 273
274 254
275 276
275 295
275 274
275 255
276 277
276 296
276 275
276 256
277 278
277 297
277 276
277 257
278 279
278 298
278 277
278 258
279 260
279 299
279 278
279 259
280 281
280 300
280 299
280 260
281 282
281 301
281 280
281 261
282 283
282 302
282 281
282 262
283 284
283 303
283 282
283 263
284 285
284 304
284 283
284 264
285 286
285 305
285 284
285 265
286 287
286 306
286 285
286 266
287 288
287 307
287 286
287 267
288 289
288 308
288 287
288 268
289 290
289 309
289 288
289 269
290 291
290 310
290 289
290 270
291 292
291 311
291 290
291 271
292 293
292 312
292 291
292 272
293 294
293 313
293 292
293 273
294 295
294 314
294 293
294 274
295 296
295 315
295 294
295 275
296 297
296 316
296 295
296 276
297 298
297 317
297 296
297 277
298 299
298 318
298 297
298 278
299 280
299 319
299 298
299 279
300 301
300 320
300 319
300 280
301 302
301 321
301 300
301 281
302 303
302 322
302 301
302 282
303 304
303 323
303 302
303 283
304 305
304 324
304 303
304 284
305 306
305 325
305 304
305 285
306 307
306 326
306 305
306 286
307 308
307 327
307 306
307 287
308 309
308 328
308 307
308 288
309 310
309 329
309 308
309 289
310 311
310 330
310 309
310 290
311 312
311 331
311 310
311 291
312 313
312 332
312 311
312 292
313 314
313 333
313 312
313 293
314 315
314 334
314 313
314 294
315 316
315 335
315 314
315 295
316 317
316 336
316 315
316 296
317 318
317 337
317 316
317 297
318 319
318 338
318 317
318 298
319 300
319 339
319 318
319 299
320 321
320 340
320 339
320 300
321 322
321 341
321 320
321 301
322 323
322 342
322 321
322 302
323 324
323 343
323 322
323 303
324 325
324 344
324 323
324 304
325 326
325 345
325 324
325 305
326 327
326 346
326 325
326 306
327 328
327 347
327 326
327 307
328 329
328 348
328 327
328 308
329 330
329 349
329 328
329 309
330 331
330 350
330 329
330 310
331 332
331 351
331 330
331 311
332 333
332 352
332 331
332 312
333 334
333 353
333 332
333 313
334 335
334 354
334 333
334 314
335 336
335 355
335 334
335 315
336 337
336 356
336 335
336 316
337 338
337 357
337 336
337 317
338 339
338 358
338 337
338 318
339 320
339 359
339 338
339 319
340 341
340 360
340 359
340 320
341 342
341 361
341 340
341 321
342 343
342 362
342 341
342 322
343 344
343 363
343 342
343 323
344 345
344 364
344 343
344 324
345 346
345 365
345 344
345 325
346 347
346 366
346 345
346 326
347 348
347 367
347 346
347 327
348 349
348 368
348 347
348 328
349 350
349 369
349 348
349 329
350 351
350 370
350 349
350 330
351 352
351 371
351 350
351 331
352 353
352 372
352 351
352 332
353 354
353 373
353 352
353 333
354 355
354 374
354 353
354 334
355 356
355 375
355 354
355 335
356 357
356 376
356 355
356 336
357 358
357 377
357 356
357 337
358 359
358 378
358 357
358 338
359 340
359 379
359 358
359 339
360 361
360 380
360 379
360 340
361 362
361 381
361 360
361 341
362 363
362 382
362 361
362 342
363 364
363 383
363 362
363 343
364 365
364 384
364 363
364 344
365 366
365 385
365 364
365 345
366 367
366 386
366 365
366 346
367 368
367 387
367 366
367 347
368 369
368 388
368 367
368 348
369 370
369 389
369 368
369 349
370 371
370 390
370 369
370 350
371 372
371 391
371 370
371 351
372 373
372 392
372 371
372 352
373 374
373 393
373 372
373 353
374 375
374 394
374 373
374 354
375 376
375 395
375 374
375 355
376 377
376 396
376 375
376 356
377 378
377 397
377 376
377 357
378 379
378 398
378 377
378 358
379 360
379 399
379 378
379 359
380 381
380 0
380 399
380 360
381 382
381 1
381 380
381 361
382 383
382 2
382 381
382 362
383 384
383 3
383 382
383 363
384 385
384 4
384 383
384 364
385 386
385 5
385 384
385 365
386 387
386 6
386 385
386 366
387 388
387 7
387 386
387 367
388 389
388 8
388 387
388 368
389 390
389 9
389 388
389 369
390 391
390 10
390 389
390 370
391 392
391 11
391 390
391 371
392 393
392 12
392 391
392 372
393 394
393 13
393 392
393 373
394 395
394 14
394 393
394 374
395 396
395 15
395 394
395 375
396 397
396 16
396 395
396 376
397 398
397 17
397 396
397 377
398 399
398 18
398 397
398 378
399 380
399 19
399 398
399 379
