0 1
0 40
0 39
0 1560
1 2
1 41
1 0
1 1561
2 3
2 42
2 1
2 1562
3 4
3 43
3 2
3 1563
4 5
4 44
4 3
4 1564
5 6
5 45
5 4
5 1565
6 7
6 46
6 5
6 1566
7 8
7 47
7 6
7 1567
8 9
8 48
8 7
8 1568
9 10
9 49
9 8
9 1569
10 11
10 50
10 9
10 1570
11 12
11 51
11 10
11 1571
12 13
12 52
12 11
12 1572
13 14
13 53
13 12
13 1573
14 15
14 54
14 13
14 1574
15 16
15 55
15 14
15 1575
16 17
16 56
16 15
16 1576
17 18
17 57
17 16
17 1577
18 19
18 58
18 17
18 1578
19 20
19 59
19 18
19 1579
20 21
20 60
20 19
20 1580
21 22
21 61
21 20
21 1581
22 23
22 62
22 21
22 1582
23 24
23 63
23 22
23 1583
24 25
24 64
24 23
24 1584
25 26
25 65
25 24
25 1585
26 27
26 66
26 25
26 1586
27 28
27 67
27 26
27 1587
28 29
28 68
28 27
28 1588
29 30
29 69
29 28
29 1589
30 31
30 70
30 29
30 1590
31 32
31 71
31 30
31 1591
32 33
32 72
32 31
32 1592
33 34
33 73
33 32
33 1593
34 35
34 74
34 33
34 1594
35 36
35 75
35 34
35 1595
36 37
36 76
36 35
36 1596
37 38
37 77
37 36
37 1597
38 39
38 78
38 37
38 1598
39 0
39 79
39 38
39 1599
40 41
40 80
40 79
40 0
41 42
41 81
41 40
41 1
42 43
42 82
42 41
42 2
43 44
43 83
43 42
43 3
44 45
44 84
44 43
44 4
45 46
45 85
45 44
45 5
46 47
46 86
46 45
46 6
47 48
47 87
47 46
47 7
48 49
48 88
48 47
48 8
49 50
49 89
49 48
49 9
50 51
50 90
50 49
50 10
51 52
51 91
51 50
51 11
52 53
52 92
52 51
52 12
53 54
53 93
53 52
53 13
54 55
54 94
54 53
54 14
55 56
55 95
55 54
55 15
56 57
56 96
56 55
56 16
57 58
57 97
57 56
57 17
58 59
58 98
58 57
58 18
59 60
59 99
59 58
59 19
60 61
60 100
60 59
60 20
61 62
61 101
61 60
61 21
62 63
62 102
62 61
62 22
63 64
63 103
63 62
63 23
64 65
64 104
64 63
64 24
65 66
65 105
65 64
65 25
66 67
66 106
66 65
66 26
67 68
67 107
67 66
67 27
68 69
68 108
68 67
68 28
69 70
69 109
69 68
69 29
70 71
70 110
70 69
70 30
71 72
71 111
71 70
71 31
72 73
72 112
72 71
72 32
73 74
73 113
73 72
73 33
74 75
74 114
74 73
74 34
75 76
75 115
75 74
75 35
76 77
76 116
76 75
76 36
77 78
77 117
77 76
77 37
78 79
78 118
78 77
78 38
79 40
79 119
79 78
79 39
80 81
80 120
80 119
80 40
81 82
81 121
81 80
81 41
82 83
82 122
82 81
82 42
83 84
83 123
83 82
83 43
84 85
84 124
84 83
84 44
85 86
85 125
85 84
85 45
86 87
86 126
86 85
86 46
87 88
87 127
87 86
87 47
88 89
88 128
88 87
88 48
89 90
89 129
89 88
89 49
90 91
90 130
90 89
90 50
91 92
91 131
91 90
91 51
92 93
92 132
92 91
92 52
93 94
93 133
93 92
93 53
94 95
94 134
94 93
94 54
95 96
95 135
95 94
95 55
96 97
96 136
96 95
96 56
97 98
97 137
97 96
97 57
98 99
98 138
98 97
98 58
99 100
99 139
99 98
99 59
100 101
100 140
100 99
100 60
101 102
101 141
101 100
101 61
102 103
102 142
102 101
102 62
103 104
103 143
103 102
103 63
104 105
104 144
104 103
104 64
105 106
105 145
105 104
105 65
106 107
106 146
106 105
106 66
107 108
107 147
107 106
107 67
108 109
108 148
108 107
108 68
109 110
109 149
109 108
109 69
110 111
110 150
110 109
110 70
111 112
111 151
111 110
111 71
112 113
112 152
112 111
112 72
113 114
113 153
113 112
113 73
114 115
114 154
114 113
114 74
115 116
115 155
115 114
115 75
116 117
116 156
116 115
116 76
117 118
117 157
117 116
117 77
118 119
118 158
118 117
118 78
119 80
119 159
119 118
119 79
120 121
120 160
120 159
120 80
121 122
121 161
121 120
121 81
122 123
122 162
122 121
122 82
123 124
123 163
123 122
123 83
124 125
124 164
124 123
124 84
125 126
125 165
125 124
125 85
126 127
126 166
126 125
126 86
127 128
127 167
127 126
127 87
128 129
128 168
128 127
128 88
129 130
129 169
129 128
129 89
130 131
130 170
130 129
130 90
131 132
131 171
131 130
131 91
132 133
132 172
132 131
132 92
133 134
133 173
133 132
133 93
134 135
134 174
134 133
134 94
135 136
135 175
135 134
135 95
136 137
136 176
136 135
136 96
137 138
137 177
137 136
137 97
138 139
138 178
138 137
138 98
139 140
139 179
139 138
139 99
140 141
140 180
140 139
140 100
141 142
141 181
141 140
141 101
142 143
142 182
142 141
142 102
143 144
143 183
143 142
143 103
144 145
144 184
144 143
144 104
145 146
145 185
145 144
145 105
146 147
146 186
146 145
146 106
147 148
147 187
147 146
147 107
148 149
148 188
148 147
148 108
149 150
149 189
149 148
149 109
150 151
150 190
150 149
150 110
151 152
151 191
151 150
151 111
152 153
152 192
152 151
152 112
153 154
153 193
153 152
153 113
154 155
154 194
154 153
154 114
155 156
155 195
155 154
155 115
156 157
156 196
156 155
156 116
157 158
157 197
157 156
157 117
158 159
158 198
158 157
158 118
159 120
159 199
159 158
159 119
160 161
160 200
160 199
160 120
161 162
161 201
161 160
161 121
162 163
162 202
162 161
162 122
163 164
163 203
163 162
163 123
164 165
164 204
164 163
164 124
165 166
165 205
165 164
165 125
166 167
166 206
166 165
166 126
167 168
167 207
167 166
167 127
168 169
168 208
168 167
168 128
169 170
169 209
169 168
169 129
170 171
170 210
170 169
170 130
171 172
171 211
171 170
171 131
172 173
172 212
172 171
172 132
173 174
173 213
173 172
173 133
174 175
174 214
174 173
174 134
175 176
175 215
175 174
175 135
176 177
176 216
176 175
176 136
177 178
177 217
177 176
177 137
178 179
178 218
178 177
178 138
179 180
179 219
179 178
179 139
180 181
180 220
180 179
180 140
181 182
181 221
181 180
181 141
182 183
182 222
182 181
182 142
183 184
183 223
183 182
183 143
184 185
184 224
184 183
184 144
185 186
185 225
185 184
185 145
186 187
186 226
186 185
186 146
187 188
187 227
187 186
187 147
188 189
188 228
188 187
188 148
189 190
189 229
189 188
189 149
190 191
190 230
190 189
190 150
191 192
191 231
191 190
191 151
192 193
192 232
192 191
192 152
193 194
193 233
193 192
193 153
194 195
194 234
194 193
194 154
195 196
195 235
195 194
195 155
196 197
196 236
196 195
196 156
197 198
197 237
197 196
197 157
198 199
198 238
198 197
198 158
199 160
199 239
199 198
199 159
200 201
200 240
200 239
200 160
201 202
201 241
201 200
201 161
202 203
202 242
202 201
202 162
203 204
203 243
203 202
203 163
204 205
204 244
204 203
204 164
205 206
205 245
205 204
205 165
206 207
206 246
206 205
206 166
207 208
207 247
207 206
207 167
208 209
208 248
208 207
208 168
209 210
209 249
209 208
209 169
210 211
210 250
210 209
210 170
211 212
211 251
211 210
211 171
212 213
212 252
212 211
212 172
213 214
213 253
213 212
213 173
214 215
214 254
214 213
214 174
215 216
215 255
215 214
215 175
216 217
216 256
216 215
216 176
217 218
217 257
217 216
217 177
218 219
218 258
218 217
218 178
219 220
219 259
219 218
219 179
220 221
220 260
220 219
220 180
221 222
221 261
221 220
221 181
222 223
222 262
222 221
222 182
223 224
223 263
223 222
223 183
224 225
224 264
224 223
224 184
225 226
225 265
225 224
225 185
226 227
226 266
226 225
226 186
227 228
227 267
227 226
227 187
228 229
228 268
228 227
228 188
229 230
229 269
229 228
229 189
230 231
230 270
230 229
230 190
231 232
231 271
231 230
231 191
232 233
232 272
232 231
232 192
233 234
233 273
233 232
233 193
234 235
234 274
234 233
234 194
235 236
235 275
235 234
235 195
236 237
236 276
236 235
236 196
237 238
237 277
237 236
237 197
238 239
238 278
238 237
238 198
239 200
239 279
239 238
239 199
240 241
240 280
240 279
240 200
241 242
241 281
241 240
241 201
242 243
242 282
242 241
242 202
243 244
243 283
243 242
243 203
244 245
244 284
244 243
244 204
245 246
245 285
245 244
245 205
246 247
246 286
246 245
246 206
247 248
247 287
247 246
247 207
248 249
248 288
248 247
248 208
249 250
249 289
249 248
249 209
250 251
250 290
250 249
250 210
251 252
251 291
251 250
251 211
252 253
252 292
252 251
252 212
253 254
253 293
253 252
253 213
254 255
254 294
254 253
254 214
255 256
255 295
255 254
255 215
256 257
256 296
256 255
256 216
257 258
257 297
257 256
257 217
258 259
258 298
258 257
258 218
259 260
259 299
259 258
259 219
260 261
260 300
260 259
260 220
261 262
261 301
261 260
261 221
262 263
262 302
262 261
262 222
263 264
263 303
263 262
263 223
264 265
264 304
264 263
264 224
265 266
265 305
265 264
265 225
266 267
266 306
266 265
266 226
267 268
267 307
267 266
267 227
268 269
268 308
268 267
268 228
269 270
269 309
269 268
269 229
270 271
270 310
270 269
270 230
271 272
271 311
271 270
271 231
272 273
272 312
272 271
272 232
273 274
273 313
273 272
273 233
274 275
274 314
274 273
274 234
275 276
275 315
275 274
275 235
276 277
276 316
276 275
276 236
277 278
277 317
277 276
277 237
278 279
278 318
278 277
278 238
279 240
279 319
279 278
279 239
280 281
280 320
280 319
280 240
281 282
281 321
281 280
281 241
282 283
282 322
282 281
282 242
283 284
283 323
283 282
283 243
284 285
284 324
284 283
284 244
285 286
285 325
285 284
285 245
286 287
286 326
286 285
286 246
287 288
287 327
287 286
287 247
288 289
288 328
288 287
288 248
289 290
289 329
289 288
289 249
290 291
290 330
290 289
290 250
291 292
291 331
291 290
291 251
292 293
292 332
292 291
292 252
293 294
293 333
293 292
293 253
294 295
294 334
294 293
294 254
295 296
295 335
295 294
295 255
296 297
296 336
296 295
296 256
297 298
297 337
297 296
297 257
298 299
298 338
298 297
298 258
299 300
299 339
299 298
299 259
300 301
300 340
300 299
300 260
301 302
301 341
301 300
301 261
302 303
302 342
302 301
302 262
303 304
303 343
303 302
303 263
304 305
304 344
304 303
304 264
305 306
305 345
305 304
305 265
306 307
306 346
306 305
306 266
307 308
307 347
307 306
307 267
308 309
308 348
308 307
308 268
309 310
309 349
309 308
309 269
310 311
310 350
310 309
310 270
311 312
311 351
311 310
311 271
312 313
312 352
312 311
312 272
313 314
313 353
313 312
313 273
314 315
314 354
314 313
314 274
315 316
315 355
315 314
315 275
316 317
316 356
316 315
316 276
317 318
317 357
317 316
317 277
318 319
318 358
318 317
318 278
319 280
319 359
319 318
319 279
320 321
320 360
320 359
320 280
321 322
321 361
321 320
321 281
322 323
322 362
322 321
322 282
323 324
323 363
323 322
323 283
324 325
324 364
324 323
324 284
325 326
325 365
325 324
325 285
326 327
326 366
326 325
326 286
327 328
327 367
327 326
327 287
328 329
328 368
328 327
328 288
329 330
329 369
329 328
329 289
330 331
330 370
330 329
330 290
331 332
331 371
331 330
331 291
332 333
332 372
332 331
332 292
333 334
333 373
333 332
333 293
334 335
334 374
334 333
334 294
335 336
335 375
335 334
335 295
336 337
336 376
336 335
336 296
337 338
337 377
337 336
337 297
338 339
338 378
338 337
338 298
339 340
339 379
339 338
339 299
340 341
340 380
340 339
340 300
341 342
341 381
341 340
341 301
342 343
342 382
342 341
342 302
343 344
343 383
343 342
343 303
344 345
344 384
344 343
344 304
345 346
345 385
345 344
345 305
346 347
346 386
346 345
346 306
347 348
347 387
347 346
347 307
348 349
348 388
348 347
348 308
349 350
349 389
349 348
349 309
350 351
350 390
350 349
350 310
351 352
351 391
351 350
351 311
352 353
352 392
352 351
352 312
353 354
353 393
353 352
353 313
354 355
354 394
354 353
354 314
355 356
355 395
355 354
355 315
356 357
356 396
356 355
356 316
357 358
357 397
357 356
357 317
358 359
358 398
358 357
358 318
359 320
359 399
359 358
359 319
360 361
360 400
360 399
360 320
361 362
361 401
361 360
361 321
362 363
362 402
362 361
362 322
363 364
363 403
363 362
363 323
364 365
364 404
364 363
364 324
365 366
365 405
365 364
365 325
366 367
366 406
366 365
366 326
367 368
367 407
367 366
367 327
368 369
368 408
368 367
368 328
369 370
369 409
369 368
369 329
370 371
370 410
370 369
370 330
371 372
371 411
371 370
371 331
372 373
372 412
372 371
372 332
373 374
373 413
373 372
373 333
374 375
374 414
374 373
374 334
375 376
375 415
375 374
375 335
376 377
376 416
376 375
376 336
377 378
377 417
377 376
377 337
378 379
378 418
378 377
378 338
379 380
379 419
379 378
379 339
380 381
380 420
380 379
380 340
381 382
381 421
381 380
381 341
382 383
382 422
382 381
382 342
383 384
383 423
383 382
383 343
384 385
384 424
384 383
384 344
385 386
385 425
385 384
385 345
386 387
386 426
386 385
386 346
387 388
387 427
387 386
387 347
388 389
388 428
388 387
388 348
389 390
389 429
389 388
389 349
390 391
390 430
390 389
390 350
391 392
391 431
391 390
391 351
392 393
392 432
392 391
392 352
393 394
393 433
393 392
393 353
394 395
394 434
394 393
394 354
395 396
395 435
395 394
395 355
396 397
396 436
396 395
396 356
397 398
397 437
397 396
397 357
398 399
398 438
398 397
398 358
399 360
399 439
399 398
399 359
400 401
400 440
400 439
400 360
401 402
401 441
401 400
401 361
402 403
402 442
402 401
402 362
403 404
403 443
403 402
403 363
404 405
404 444
404 403
404 364
405 406
405 445
405 404
405 365
406 407
406 446
406 405
406 366
407 408
407 447
407 406
407 367
408 409
408 448
408 407
408 368
409 410
409 449
409 408
409 369
410 411
410 450
410 409
410 370
411 412
411 451
411 410
411 371
412 413
412 452
412 411
412 372
413 414
413 453
413 412
413 373
414 415
414 454
414 413
414 374
415 416
415 455
415 414
415 375
416 417
416 456
416 415
416 376
417 418
417 457
417 416
417 377
418 419
418 458
418 417
418 378
419 420
419 459
419 418
419 379
420 421
420 460
420 419
420 380
421 422
421 461
421 420
421 381
422 423
422 462
422 421
422 382
423 424
423 463
423 422
423 383
424 425
424 464
424 423
424 384
425 426
425 465
425 424
425 385
426 427
426 466
426 425
426 386
427 428
427 467
427 426
427 387
428 429
428 468
428 427
428 388
429 430
429 469
429 428
429 389
430 431
430 470
430 429
430 390
431 432
431 471
431 430
431 391
432 433
432 472
432 431
432 392
433 434
433 473
433 432
433 393
434 435
434 474
434 433
434 394
435 436
435 475
435 434
435 395
436 437
436 476
436 435
436 396
437 438
437 477
437 436
437 397
438 439
438 478
438 437
438 398
439 400
439 479
439 438
439 399
440 441
440 480
440 479
440 400
441 442
441 481
441 440
441 401
442 443
442 482
442 441
442 402
443 444
443 483
443 442
443 403
444 445
444 484
444 443
444 404
445 446
445 485
445 444
445 405
446 447
446 486
446 445
446 406
447 448
447 487
447 446
447 407
448 449
448 488
448 447
448 408
449 450
449 489
449 448
449 409
450 451
450 490
450 449
450 410
451 452
451 491
451 450
451 411
452 453
452 492
452 451
452 412
453 454
453 493
453 452
453 413
454 455
454 494
454 453
454 414
455 456
455 495
455 454
455 415
456 457
456 496
456 455
456 416
457 458
457 497
457 456
457 417
458 459
458 498
458 457
458 418
459 460
459 499
459 458
459 419
460 461
460 500
460 459
460 420
461 462
461 501
461 460
461 421
462 463
462 502
462 461
462 422
463 464
463 503
463 462
463 423
464 465
464 504
464 463
464 424
465 466
465 505
465 464
465 425
466 467
466 506
466 465
466 426
467 468
467 507
467 466
467 427
468 469
468 508
468 467
468 428
469 470
469 509
469 468
469 429
470 471
470 510
470 469
470 430
471 472
471 511
471 470
471 431
472 473
472 512
472 471
472 432
473 474
473 513
473 472
473 433
474 475
474 514
474 473
474 434
475 476
475 515
475 474
475 435
476 477
476 516
476 475
476 436
477 478
477 517
477 476
477 437
478 479
478 518
478 477
478 438
479 440
479 519
479 478
479 439
480 481
480 520
480 519
480 440
481 482
481 521
481 480
481 441
482 483
482 522
482 481
482 442
483 484
483 523
483 482
483 443
484 485
484 524
484 483
484 444
485 486
485 525
485 484
485 445
486 487
486 526
486 485
486 446
487 488
487 527
487 486
487 447
488 489
488 528
488 487
488 448
489 490
489 529
489 488
489 449
490 491
490 530
490 489
490 450
491 492
491 531
491 490
491 451
492 493
492 532
492 491
492 452
493 494
493 533
493 492
493 453
494 495
494 534
494 493
494 454
495 496
495 535
495 494
495 455
496 497
496 536
496 495
496 456
497 498
497 537
497 496
497 457
498 499
498 538
498 497
498 458
499 500
499 539
499 498
499 459
500 501
500 540
500 499
500 460
501 502
501 541
501 500
501 461
502 503
502 542
502 501
502 462
503 504
503 543
503 502
503 463
504 505
504 544
504 503
504 464
505 506
505 545
505 504
505 465
506 507
506 546
506 505
506 466
507 508
507 547
507 506
507 467
508 509
508 548
508 507
508 468
509 510
509 549
509 508
509 469
510 511
510 550
510 509
510 470
511 512
511 551
511 510
511 471
512 513
512 552
512 511
512 472
513 514
513 553
513 512
513 473
514 515
514 554
514 513
514 474
515 516
515 555
515 514
515 475
516 517
516 556
516 515
516 476
517 518
517 557
517 516
517 477
518 519
518 558
518 517
518 478
519 480
519 559
519 518
519 479
520 521
520 560
520 559
520 480
521 522
521 561
521 520
521 481
522 523
522 562
522 521
522 482
523 524
523 563
523 522
523 483
524 525
524 564
524 523
524 484
525 526
525 565
525 524
525 485
526 527
526 566
526 525
526 486
527 528
527 567
527 526
527 487
528 529
528 568
528 527
528 488
529 530
529 569
529 528
529 489
530 531
530 570
530 529
530 490
531 532
531 571
531 530
531 491
532 533
532 572
532 531
532 492
533 534
533 573
533 532
533 493
534 535
534 574
534 533
534 494
535 536
535 575
535 534
535 495
536 537
536 576
536 535
536 496
537 538
537 577
537 536
537 497
538 539
538 578
538 537
538 498
539 540
539 579
539 538
539 499
540 541
540 580
540 539
540 500
541 542
541 581
541 540
541 501
542 543
542 582
542 541
542 502
543 544
543 583
543 542
543 503
544 545
544 584
544 543
544 504
545 546
545 585
545 544
545 505
546 547
546 586
546 545
546 506
547 548
547 587
547 546
547 507
548 549
548 588
548 547
548 508
549 550
549 589
549 548
549 509
550 551
550 590
550 549
550 510
551 552
551 591
551 550
551 511
552 553
552 592
552 551
552 512
553 554
553 593
553 552
553 513
554 555
554 594
554 553
554 514
555 556
555 595
555 554
555 515
556 557
556 596
556 555
556 516
557 558
557 597
557 556
557 517
558 559
558 598
558 557
558 518
559 520
559 599
559 558
559 519
560 561
560 600
560 599
560 520
561 562
561 601
561 560
561 521
562 563
562 602
562 561
562 522
563 564
563 603
563 562
563 523
564 565
564 604
564 563
564 524
565 566
565 605
565 564
565 525
566 567
566 606
566 565
566 526
567 568
567 607
567 566
567 527
568 569
568 608
568 567
568 528
569 570
569 609
569 568
569 529
570 571
570 610
570 569
570 530
571 572
571 611
571 570
571 531
572 573
572 612
572 571
572 532
573 574
573 613
573 572
573 533
574 575
574 614
574 573
574 534
575 576
575 615
575 574
575 535
576 577
576 616
576 575
576 536
577 578
577 617
577 576
577 537
578 579
578 618
578 577
578 538
579 580
579 619
579 578
579 539
580 581
580 620
580 579
580 540
581 582
581 621
581 580
581 541
582 583
582 622
582 581
582 542
583 584
583 623
583 582
583 543
584 585
584 624
584 583
584 544
585 586
585 625
585 584
585 545
586 587
586 626
586 585
586 546
587 588
587 627
587 586
587 547
588 589
588 628
588 587
588 548
589 590
589 629
589 588
589 549
590 591
590 630
590 589
590 550
591 592
591 631
591 590
591 551
592 593
592 632
592 591
592 552
593 594
593 633
593 592
593 553
594 595
594 634
594 593
594 554
595 596
595 635
595 594
595 555
596 597
596 636
596 595
596 556
597 598
597 637
597 596
597 557
598 599
598 638
598 597
598 558
599 560
599 639
599 598
599 559
600 601
600 640
600 639
600 560
601 602
601 641
601 600
601 561
602 603
602 642
602 601
602 562
603 604
603 643
603 602
603 563
604 605
604 644
604 603
604 564
605 606
605 645
605 604
605 565
606 607
606 646
606 605
606 566
607 608
607 647
607 606
607 567
608 609
608 648
608 607
608 568
609 610
609 649
609 608
609 569
610 611
610 650
610 609
610 570
611 612
611 651
611 610
611 571
612 613
612 652
612 611
612 572
613 614
613 653
613 612
613 573
614 615
614 654
614 613
614 574
615 616
615 655
615 614
615 575
616 617
616 656
616 615
616 576
617 618
617 657
617 616
617 577
618 619
618 658
618 617
618 578
619 620
619 659
619 618
619 579
620 621
620 660
620 619
620 580
621 622
621 661
621 620
621 581
622 623
622 662
622 621
622 582
623 624
623 663
623 622
623 583
624 625
624 664
624 623
624 584
625 626
625 665
625 624
625 585
626 627
626 666
626 625
626 586
627 628
627 667
627 626
627 587
628 629
628 668
628 627
628 588
629 630
629 669
629 628
629 589
630 631
630 670
630 629
630 590
631 632
631 671
631 630
631 591
632 633
632 672
632 631
632 592
633 634
633 673
633 632
633 593
634 635
634 674
634 633
634 594
635 636
635 675
635 634
635 595
636 637
636 676
636 635
636 596
637 638
637 677
637 636
637 597
638 639
638 678
638 637
638 598
639 600
639 679
639 638
639 599
640 641
640 680
640 679
640 600
641 642
641 681
641 640
641 601
642 643
642 682
642 641
642 602
643 644
643 683
643 642
643 603
644 645
644 684
644 643
644 604
645 646
645 685
645 644
645 605
646 647
646 686
646 645
646 606
647 648
647 687
647 646
647 607
648 649
648 688
648 647
648 608
649 650
649 689
649 648
649 609
650 651
650 690
650 649
650 610
651 652
651 691
651 650
651 611
652 653
652 692
652 651
652 612
653 654
653 693
653 652
653 613
654 655
654 694
654 653
654 614
655 656
655 695
655 654
655 615
656 657
656 696
656 655
656 616
657 658
657 697
657 656
657 617
658 659
658 698
658 657
658 618
659 660
659 699
659 658
659 619
660 661
660 700
660 659
660 620
661 662
661 701
661 660
661 621
662 663
662 702
662 661
662 622
663 664
663 703
663 662
663 623
664 665
664 704
664 663
664 624
665 666
665 705
665 664
665 625
666 667
666 706
666 665
666 626
667 668
667 707
667 666
667 627
668 669
668 708
668 667
668 628
669 670
669 709
669 668
669 629
670 671
670 710
670 669
670 630
671 672
671 711
671 670
671 631
672 673
672 712
672 671
672 632
673 674
673 713
673 672
673 633
674 675
674 714
674 673
674 634
675 676
675 715
675 674
675 635
676 677
676 716
676 675
676 636
677 678
677 717
677 676
677 637
678 679
678 718
678 677
678 638
679 640
679 719
679 678
679 639
680 681
680 720
680 719
680 640
681 682
681 721
681 680
681 641
682 683
682 722
682 681
682 642
683 684
683 723
683 682
683 643
684 685
684 724
684 683
684 644
685 686
685 725
685 684
685 645
686 687
686 726
686 685
686 646
687 688
687 727
687 686
687 647
688 689
688 728
688 687
688 648
689 690
689 729
689 688
689 649
690 691
690 730
690 689
690 650
691 692
691 731
691 690
691 651
692 693
692 732
692 691
692 652
693 694
693 733
693 692
693 653
694 695
694 734
694 693
694 654
695 696
695 735
695 694
695 655
696 697
696 736
696 695
696 656
697 698
697 737
697 696
697 657
698 699
698 738
698 697
698 658
699 700
699 739
699 698
699 659
700 701
700 740
700 699
700 660
701 702
701 741
701 700
701 661
702 703
702 742
702 701
702 662
703 704
703 743
703 702
703 663
704 705
704 744
704 703
704 664
705 706
705 745
705 704
705 665
706 707
706 746
706 705
706 666
707 708
707 747
707 706
707 667
708 709
708 748
708 707
708 668
709 710
709 749
709 708
709 669
710 711
710 750
710 709
710 670
711 712
711 751
711 710
711 671
712 713
712 752
712 711
712 672
713 714
713 753
713 712
713 673
714 715
714 754
714 713
714 674
715 716
715 755
715 714
715 675
716 717
716 756
716 715
716 676
717 718
717 757
717 716
717 677
718 719
718 758
718 717
718 678
719 680
719 759
719 718
719 679
720 721
720 760
720 759
720 680
721 722
721 761
721 720
721 681
722 723
722 762
722 721
722 682
723 724
723 763
723 722
723 683
724 725
724 764
724 723
724 684
725 726
725 765
725 724
725 685
726 727
726 766
726 725
726 686
727 728
727 767
727 726
727 687
728 729
728 768
728 727
728 688
729 730
729 769
729 728
729 689
730 731
730 770
730 729
730 690
731 732
731 771
731 730
731 691
732 733
732 772
732 731
732 692
733 734
733 773
733 732
733 693
734 735
734 774
734 733
734 694
735 736
735 775
735 734
735 695
736 737
736 776
736 735
736 696
737 738
737 777
737 736
737 697
738 739
738 778
738 737
738 698
739 740
739 779
739 738
739 699
740 741
740 780
740 739
740 700
741 742
741 781
741 740
741 701
742 743
742 782
742 741
742 702
743 744
743 783
743 742
743 703
744 745
744 784
744 743
744 704
745 746
745 785
745 744
745 705
746 747
746 786
746 745
746 706
747 748
747 787
747 746
747 707
748 749
748 788
748 747
748 708
749 750
749 789
749 748
749 709
750 751
750 790
750 749
750 710
751 752
751 791
751 750
751 711
752 753
752 792
752 751
752 712
753 754
753 793
753 752
753 713
754 755
754 794
754 753
754 714
755 756
755 795
755 754
755 715
756 757
756 796
756 755
756 716
757 758
757 797
757 756
757 717
758 759
758 798
758 757
758 718
759 720
759 799
759 758
759 719
760 761
760 800
760 799
760 720
761 762
761 801
761 760
761 721
762 763
762 802
762 761
762 722
763 764
763 803
763 762
763 723
764 765
764 804
764 763
764 724
765 766
765 805
765 764
765 725
766 767
766 806
766 765
766 726
767 768
767 807
767 766
767 727
768 769
768 808
768 767
768 728
769 770
769 809
769 768
769 729
770 771
770 810
770 769
770 730
771 772
771 811
771 770
771 731
772 773
772 812
772 771
772 732
773 774
773 813
773 772
773 733
774 775
774 814
774 773
774 734
775 776
775 815
775 774
775 735
776 777
776 816
776 775
776 736
777 778
777 817
777 776
777 737
778 779
778 818
778 777
778 738
779 780
779 819
779 778
779 739
780 781
780 820
780 779
780 740
781 782
781 821
781 780
781 741
782 783
782 822
782 781
782 742
783 784
783 823
783 782
783 743
784 785
784 824
784 783
784 744
785 786
785 825
785 784
785 745
786 787
786 826
786 785
786 746
787 788
787 827
787 786
787 747
788 789
788 828
788 787
788 748
789 790
789 829
789 788
789 749
790 791
790 830
790 789
790 750
791 792
791 831
791 790
791 751
792 793
792 832
792 791
792 752
793 794
793 833
793 792
793 753
794 795
794 834
794 793
794 754
795 796
795 835
795 794
795 755
796 797
796 836
796 795
796 756
797 798
797 837
797 796
797 757
798 799
798 838
798 797
798 758
799 760
799 839
799 798
799 759
800 801
800 840
800 839
800 760
801 802
801 841
801 800
801 761
802 803
802 842
802 801
802 762
803 804
803 843
803 802
803 763
804 805
804 844
804 803
804 764
805 806
805 845
805 804
805 765
806 807
806 846
806 805
806 766
807 808
807 847
807 806
807 767
808 809
808 848
808 807
808 768
809 810
809 849
809 808
809 769
810 811
810 850
810 809
810 770
811 812
811 851
811 810
811 771
812 813
812 852
812 811
812 772
813 814
813 853
813 812
813 773
814 815
814 854
814 813
814 774
815 816
815 855
815 814
815 775
816 817
816 856
816 815
816 776
817 818
817 857
817 816
817 777
818 819
818 858
818 817
818 778
819 820
819 859
819 818
819 779
820 821
820 860
820 819
820 780
821 822
821 861
821 820
821 781
822 823
822 862
822 821
822 782
823 824
823 863
823 822
823 783
824 825
824 864
824 823
824 784
825 826
825 865
825 824
825 785
826 827
826 866
826 825
826 786
827 828
827 867
827 826
827 787
828 829
828 868
828 827
828 788
829 830
829 869
829 828
829 789
830 831
830 870
830 829
830 790
831 832
831 871
831 830
831 791
832 833
832 872
832 831
832 792
833 834
833 873
833 832
833 793
834 835
834 874
834 833
834 794
835 836
835 875
835 834
835 795
836 837
836 876
836 835
836 796
837 838
837 877
837 836
837 797
838 839
838 878
838 837
838 798
839 800
839 879
839 838
839 799
840 841
840 880
840 879
840 800
841 842
841 881
841 840
841 801
842 843
842 882
842 841
842 802
843 844
843 883
843 842
843 803
844 845
844 884
844 843
844 804
845 846
845 885
845 844
845 805
846 847
846 886
846 845
846 806
847 848
847 887
847 846
847 807
848 849
848 888
848 847
848 808
849 850
849 889
849 848
849 809
850 851
850 890
850 849
850 810
851 852
851 891
851 850
851 811
852 853
852 892
852 851
852 812
853 854
853 893
853 852
853 813
854 855
854 894
854 853
854 814
855 856
855 895
855 854
855 815
856 857
856 896
856 855
856 816
857 858
857 897
857 856
857 817
858 859
858 898
858 857
858 818
859 860
859 899
859 858
859 819
860 861
860 900
860 859
860 820
861 862
861 901
861 860
861 821
862 863
862 902
862 861
862 822
863 864
863 903
863 862
863 823
864 865
864 904
864 863
864 824
865 866
865 905
865 864
865 825
866 867
866 906
866 865
866 826
867 868
867 907
867 866
867 827
868 869
868 908
868 867
868 828
869 870
869 909
869 868
869 829
870 871
870 910
870 869
870 830
871 872
871 911
871 870
871 831
872 873
872 912
872 871
872 832
873 874
873 913
873 872
873 833
874 875
874 914
874 873
874 834
875 876
875 915
875 874
875 835
876 877
876 916
876 875
876 836
877 878
877 917
877 876
877 837
878 879
878 918
878 877
878 838
879 840
879 919
879 878
879 839
880 881
880 920
880 919
880 840
881 882
881 921
881 880
881 841
882 883
882 922
882 881
882 842
883 884
883 923
883 882
883 843
884 885
884 924
884 883
884 844
885 886
885 925
885 884
885 845
886 887
886 926
886 885
886 846
887 888
887 927
887 886
887 847
888 889
888 928
888 887
888 848
889 890
889 929
889 888
889 849
890 891
890 930
890 889
890 850
891 892
891 931
891 890
891 851
892 893
892 932
892 891
892 852
893 894
893 933
893 892
893 853
894 895
894 934
894 893
894 854
895 896
895 935
895 894
895 855
896 897
896 936
896 895
896 856
897 898
897 937
897 896
897 857
898 899
898 938
898 897
898 858
899 900
899 939
899 898
899 859
900 901
900 940
900 899
900 860
901 902
901 941
901 900
901 861
902 903
902 942
902 901
902 862
903 904
903 943
903 902
903 863
904 905
904 944
904 903
904 864
905 906
905 945
905 904
905 865
906 907
906 946
906 905
906 866
907 908
907 947
907 906
907 867
908 909
908 948
908 907
908 868
909 910
909 949
909 908
909 869
910 911
910 950
910 909
910 870
911 912
911 951
911 910
911 871
912 913
912 952
912 911
912 872
913 914
913 953
913 912
913 873
914 915
914 954
914 913
914 874
915 916
915 955
915 914
915 875
916 917
916 956
916 915
916 876
917 918
917 957
917 916
917 877
918 919
918 958
918 917
918 878
919 880
919 959
919 918
919 879
920 921
920 960
920 959
920 880
921 922
921 961
921 920
921 881
922 923
922 962
922 921
922 882
923 924
923 963
923 922
923 883
924 925
924 964
924 923
924 884
925 926
925 965
925 924
925 885
926 927
926 966
926 925
926 886
927 928
927 967
927 926
927 887
928 929
928 968
928 927
928 888
929 930
929 969
929 928
929 889
930 931
930 970
930 929
930 890
931 932
931 971
931 930
931 891
932 933
932 972
932 931
932 892
933 934
933 973
933 932
933 893
934 935
934 974
934 933
934 894
935 936
935 975
935 934
935 895
936 937
936 976
936 935
936 896
937 938
937 977
937 936
937 897
938 939
938 978
938 937
938 898
939 940
939 979
939 938
939 899
940 941
940 980
940 939
940 900
941 942
941 981
941 940
941 901
942 943
942 982
942 941
942 902
943 944
943 983
943 942
943 903
944 945
944 984
944 943
944 904
945 946
945 985
945 944
945 905
946 947
946 986
946 945
946 906
947 948
947 987
947 946
947 907
948 949
948 988
948 947
948 908
949 950
949 989
949 948
949 909
950 951
950 990
950 949
950 910
951 952
951 991
951 950
951 911
952 953
952 992
952 951
952 912
953 954
953 993
953 952
953 913
954 955
954 994
954 953
954 914
955 956
955 995
955 954
955 915
956 957
956 996
956 955
956 916
957 958
957 997
957 956
957 917
958 959
958 998
958 957
958 918
959 920
959 999
959 958
959 919
960 961
960 1000
960 999
960 920
961 962
961 1001
961 960
961 921
962 963
962 1002
962 961
962 922
963 964
963 1003
963 962
963 923
964 965
964 1004
964 963
964 924
965 966
965 1005
965 964
965 925
966 967
966 1006
966 965
966 926
967 968
967 1007
967 966
967 927
968 969
968 1008
968 967
968 928
969 970
969 1009
969 968
969 929
970 971
970 1010
970 969
970 930
971 972
971 1011
971 970
971 931
972 973
972 1012
972 971
972 932
973 974
973 1013
973 972
973 933
974 975
974 1014
974 973
974 934
975 976
975 1015
975 974
975 935
976 977
976 1016
976 975
976 936
977 978
977 1017
977 976
977 937
978 979
978 1018
978 977
978 938
979 980
979 1019
979 978
979 939
980 981
980 1020
980 979
980 940
981 982
981 1021
981 980
981 941
982 983
982 1022
982 981
982 942
983 984
983 1023
983 982
983 943
984 985
984 1024
984 983
984 944
985 986
985 1025
985 984
985 945
986 987
986 1026
986 985
986 946
987 988
987 1027
987 986
987 947
988 989
988 1028
988 987
988 948
989 990
989 1029
989 988
989 949
990 991
990 1030
990 989
990 950
991 992
991 1031
991 990
991 951
992 993
992 1032
992 991
992 952
993 994
993 1033
993 992
993 953
994 995
994 1034
994 993
994 954
995 996
995 1035
995 994
995 955
996 997
996 1036
996 995
996 956
997 998
997 1037
997 996
997 957
998 999
998 1038
998 997
998 958
999 960
999 1039
999 998
999 959
1000 1001
1000 1040
1000 1039
1000 960
1001 1002
1001 1041
1001 1000
1001 961
1002 1003
1002 1042
1002 1001
1002 962
1003 1004
1003 1043
1003 1002
1003 963
1004 1005
1004 1044
1004 1003
1004 964
1005 1006
1005 1045
1005 1004
1005 965
1006 1007
1006 1046
1006 1005
1006 966
1007 1008
1007 1047
1007 1006
1007 967
1008 1009
1008 1048
1008 1007
1008 968
1009 1010
1009 1049
1009 1008
1009 969
1010 1011
1010 1050
1010 1009
1010 970
1011 1012
1011 1051
1011 1010
1011 971
1012 1013
1012 1052
1012 1011
1012 972
1013 1014
1013 1053
1013 1012
1013 973
1014 1015
1014 1054
1014 1013
1014 974
1015 1016
1015 1055
1015 1014
1015 975
1016 1017
1016 1056
1016 1015
1016 976
1017 1018
1017 1057
1017 1016
1017 977
1018 1019
1018 1058
1018 1017
1018 978
1019 1020
1019 1059
1019 1018
1019 979
1020 1021
1020 1060
1020 1019
1020 980
1021 1022
1021 1061
1021 1020
1021 981
1022 1023
1022 1062
1022 1021
1022 982
1023 1024
1023 1063
1023 1022
1023 983
1024 1025
1024 1064
1024 1023
1024 984
1025 1026
1025 1065
1025 1024
1025 985
1026 1027
1026 1066
1026 1025
1026 986
1027 1028
1027 1067
1027 1026
1027 987
1028 1029
1028 1068
1028 1027
1028 988
1029 1030
1029 1069
1029 1028
1029 989
1030 1031
1030 1070
1030 1029
1030 990
1031 1032
1031 1071
1031 1030
1031 991
1032 1033
1032 1072
1032 1031
1032 992
1033 1034
1033 1073
1033 1032
1033 993
1034 1035
1034 1074
1034 1033
1034 994
1035 1036
1035 1075
1035 1034
1035 995
1036 1037
1036 1076
1036 1035
1036 996
1037 1038
1037 1077
1037 1036
1037 997
1038 1039
1038 1078
1038 1037
1038 998
1039 1000
1039 1079
1039 1038
1039 999
1040 1041
1040 1080
1040 1079
1040 1000
1041 1042
1041 1081
1041 1040
1041 1001
1042 1043
1042 1082
1042 1041
1042 1002
1043 1044
1043 1083
1043 1042
1043 1003
1044 1045
1044 1084
1044 1043
1044 1004
1045 1046
1045 1085
1045 1044
1045 1005
1046 1047
1046 1086
1046 1045
1046 1006
1047 1048
1047 1087
1047 1046
1047 1007
1048 1049
1048 1088
1048 1047
1048 1008
1049 1050
1049 1089
1049 1048
1049 1009
1050 1051
1050 1090
1050 1049
1050 1010
1051 1052
1051 1091
1051 1050
1051 1011
1052 1053
1052 1092
1052 1051
1052 1012
1053 1054
1053 1093
1053 1052
1053 1013
1054 1055
1054 1094
1054 1053
1054 1014
1055 1056
1055 1095
1055 1054
1055 1015
1056 1057
1056 1096
1056 1055
1056 1016
1057 1058
1057 1097
1057 1056
1057 1017
1058 1059
1058 1098
1058 1057
1058 1018
1059 1060
1059 1099
1059 1058
1059 1019
1060 1061
1060 1100
1060 1059
1060 1020
1061 1062
1061 1101
1061 1060
1061 1021
1062 1063
1062 1102
1062 1061
1062 1022
1063 1064
1063 1103
1063 1062
1063 1023
1064 1065
1064 1104
1064 1063
1064 1024
1065 1066
1065 1105
1065 1064
1065 1025
1066 1067
1066 1106
1066 1065
1066 1026
1067 1068
1067 1107
1067 1066
1067 1027
1068 1069
1068 1108
1068 1067
1068 1028
1069 1070
1069 1109
1069 1068
1069 1029
1070 1071
1070 1110
1070 1069
1070 1030
1071 1072
1071 1111
1071 1070
1071 1031
1072 1073
1072 1112
1072 1071
1072 1032
1073 1074
1073 1113
1073 1072
1073 1033
1074 1075
1074 1114
1074 1073
1074 1034
1075 1076
1075 1115
1075 1074
1075 1035
1076 1077
1076 1116
1076 1075
1076 1036
1077 1078
1077 1117
1077 1076
1077 1037
1078 1079
1078 1118
1078 1077
1078 1038
1079 1040
1079 1119
1079 1078
1079 1039
1080 1081
1080 1120
1080 1119
1080 1040
1081 1082
1081 1121
1081 1080
1081 1041
1082 1083
1082 1122
1082 1081
1082 1042
1083 1084
1083 1123
1083 1082
1083 1043
1084 1085
1084 1124
1084 1083
1084 1044
1085 1086
1085 1125
1085 1084
1085 1045
1086 1087
1086 1126
1086 1085
1086 1046
1087 1088
1087 1127
1087 1086
1087 1047
1088 1089
1088 1128
1088 1087
1088 1048
1089 1090
1089 1129
1089 1088
1089 1049
1090 1091
1090 1130
1090 1089
1090 1050
1091 1092
1091 1131
1091 1090
1091 1051
1092 1093
1092 1132
1092 1091
1092 1052
1093 1094
1093 1133
1093 1092
1093 1053
1094 1095
1094 1134
1094 1093
1094 1054
1095 1096
1095 1135
1095 1094
1095 1055
1096 1097
1096 1136
1096 1095
1096 1056
1097 1098
1097 1137
1097 1096
1097 1057
1098 1099
1098 1138
1098 1097
1098 1058
1099 1100
1099 1139
1099 1098
1099 1059
1100 1101
1100 1140
1100 1099
1100 1060
1101 1102
1101 1141
1101 1100
1101 1061
1102 1103
1102 1142
1102 1101
1102 1062
1103 1104
1103 1143
1103 1102
1103 1063
1104 1105
1104 1144
1104 1103
1104 1064
1105 1106
1105 1145
1105 1104
1105 1065
1106 1107
1106 1146
1106 1105
1106 1066
1107 1108
1107 1147
1107 1106
1107 1067
1108 1109
1108 1148
1108 1107
1108 1068
1109 1110
1109 1149
1109 1108
1109 1069
1110 1111
1110 1150
1110 1109
1110 1070
1111 1112
1111 1151
1111 1110
1111 1071
1112 1113
1112 1152
1112 1111
1112 1072
1113 1114
1113 1153
1113 1112
1113 1073
1114 1115
1114 1154
1114 1113
1114 1074
1115 1116
1115 1155
1115 1114
1115 1075
1116 1117
1116 1156
1116 1115
1116 1076
1117 1118
1117 1157
1117 1116
1117 1077
1118 1119
1118 1158
1118 1117
1118 1078
1119 1080
1119 1159
1119 1118
1119 1079
1120 1121
1120 1160
1120 1159
1120 1080
1121 1122
1121 1161
1121 1120
1121 1081
1122 1123
1122 1162
1122 1121
1122 1082
1123 1124
1123 1163
1123 1122
1123 1083
1124 1125
1124 1164
1124 1123
1124 1084
1125 1126
1125 1165
1125 1124
1125 1085
1126 1127
1126 1166
1126 1125
1126 1086
1127 1128
1127 1167
1127 1126
1127 1087
1128 1129
1128 1168
1128 1127
1128 1088
1129 1130
1129 1169
1129 1128
1129 1089
1130 1131
1130 1170
1130 1129
1130 1090
1131 1132
1131 1171
1131 1130
1131 1091
1132 1133
1132 1172
1132 1131
1132 1092
1133 1134
1133 1173
1133 1132
1133 1093
1134 1135
1134 1174
1134 1133
1134 1094
1135 1136
1135 1175
1135 1134
1135 1095
1136 1137
1136 1176
1136 1135
1136 1096
1137 1138
1137 1177
1137 1136
1137 1097
1138 1139
1138 1178
1138 1137
1138 1098
1139 1140
1139 1179
1139 1138
1139 1099
1140 1141
1140 1180
1140 1139
1140 1100
1141 1142
1141 1181
1141 1140
1141 1101
1142 1143
1142 1182
1142 1141
1142 1102
1143 1144
1143 1183
1143 1142
1143 1103
1144 1145
1144 1184
1144 1143
1144 1104
1145 1146
1145 1185
1145 1144
1145 1105
1146 1147
1146 1186
1146 1145
1146 1106
1147 1148
1147 1187
1147 1146
1147 1107
1148 1149
1148 1188
1148 1147
1148 1108
1149 1150
1149 1189
1149 1148
1149 1109
1150 1151
1150 1190
1150 1149
1150 1110
1151 1152
1151 1191
1151 1150
1151 1111
1152 1153
1152 1192
1152 1151
1152 1112
1153 1154
1153 1193
1153 1152
1153 1113
1154 1155
1154 1194
1154 1153
1154 1114
1155 1156
1155 1195
1155 1154
1155 1115
1156 1157
1156 1196
1156 1155
1156 1116
1157 1158
1157 1197
1157 1156
1157 1117
1158 1159
1158 1198
1158 1157
1158 1118
1159 1120
1159 1199
1159 1158
1159 1119
1160 1161
1160 1200
1160 1199
1160 1120
1161 1162
1161 1201
1161 1160
1161 1121
1162 1163
1162 1202
1162 1161
1162 1122
1163 1164
1163 1203
1163 1162
1163 1123
1164 1165
1164 1204
1164 1163
1164 1124
1165 1166
1165 1205
1165 1164
1165 1125
1166 1167
1166 1206
1166 1165
1166 1126
1167 1168
1167 1207
1167 1166
1167 1127
1168 1169
1168 1208
1168 1167
1168 1128
1169 1170
1169 1209
1169 1168
1169 1129
1170 1171
1170 1210
1170 1169
1170 1130
1171 1172
1171 1211
1171 1170
1171 1131
1172 1173
1172 1212
1172 1171
1172 1132
1173 1174
1173 1213
1173 1172
1173 1133
1174 1175
1174 1214
1174 1173
1174 1134
1175 1176
1175 1215
1175 1174
1175 1135
1176 1177
1176 1216
1176 1175
1176 1136
1177 1178
1177 1217
1177 1176
1177 1137
1178 1179
1178 1218
1178 1177
1178 1138
1179 1180
1179 1219
1179 1178
1179 1139
1180 1181
1180 1220
1180 1179
1180 1140
1181 1182
1181 1221
1181 1180
1181 1141
1182 1183
1182 1222
1182 1181
1182 1142
1183 1184
1183 1223
1183 1182
1183 1143
1184 1185
1184 1224
1184 1183
1184 1144
1185 1186
1185 1225
1185 1184
1185 1145
1186 1187
1186 1226
1186 1185
1186 1146
1187 1188
1187 1227
1187 1186
1187 1147
1188 1189
1188 1228
1188 1187
1188 1148
1189 1190
1189 1229
1189 1188
1189 1149
1190 1191
1190 1230
1190 1189
1190 1150
1191 1192
1191 1231
1191 1190
1191 1151
1192 1193
1192 1232
1192 1191
1192 1152
1193 1194
1193 1233
1193 1192
1193 1153
1194 1195
1194 1234
1194 1193
1194 1154
1195 1196
1195 1235
1195 1194
1195 1155
1196 1197
1196 1236
1196 1195
1196 1156
1197 1198
1197 1237
1197 1196
1197 1157
1198 1199
1198 1238
1198 1197
1198 1158
1199 1160
1199 1239
1199 1198
1199 1159
1200 1201
1200 1240
1200 1239
1200 1160
1201 1202
1201 1241
1201 1200
1201 1161
1202 1203
1202 1242
1202 1201
1202 1162
1203 1204
1203 1243
1203 1202
1203 1163
1204 1205
1204 1244
1204 1203
1204 1164
1205 1206
1205 1245
1205 1204
1205 1165
1206 1207
1206 1246
1206 1205
1206 1166
1207 1208
1207 1247
1207 1206
1207 1167
1208 1209
1208 1248
1208 1207
1208 1168
1209 1210
1209 1249
1209 1208
1209 1169
1210 1211
1210 1250
1210 1209
1210 1170
1211 1212
1211 1251
1211 1210
1211 1171
1212 1213
1212 1252
1212 1211
1212 1172
1213 1214
1213 1253
1213 1212
1213 1173
1214 1215
1214 1254
1214 1213
1214 1174
1215 1216
1215 1255
1215 1214
1215 1175
1216 1217
1216 1256
1216 1215
1216 1176
1217 1218
1217 1257
1217 1216
1217 1177
1218 1219
1218 1258
1218 1217
1218 1178
1219 1220
1219 1259
1219 1218
1219 1179
1220 1221
1220 1260
1220 1219
1220 1180
1221 1222
1221 1261
1221 1220
1221 1181
1222 1223
1222 1262
1222 1221
1222 1182
1223 1224
1223 1263
1223 1222
1223 1183
1224 1225
1224 1264
1224 1223
1224 1184
1225 1226
1225 1265
1225 1224
1225 1185
1226 1227
1226 1266
1226 1225
1226 1186
1227 1228
1227 1267
1227 1226
1227 1187
1228 1229
1228 1268
1228 1227
1228 1188
1229 1230
1229 1269
1229 1228
1229 1189
1230 1231
1230 1270
1230 1229
1230 1190
1231 1232
1231 1271
1231 1230
1231 1191
1232 1233
1232 1272
1232 1231
1232 1192
1233 1234
1233 1273
1233 1232
1233 1193
1234 1235
1234 1274
1234 1233
1234 1194
1235 1236
1235 1275
1235 1234
1235 1195
1236 1237
1236 1276
1236 1235
1236 1196
1237 1238
1237 1277
1237 1236
1237 1197
1238 1239
1238 1278
1238 1237
1238 1198
1239 1200
1239 1279
1239 1238
1239 1199
1240 1241
1240 1280
1240 1279
1240 1200
1241 1242
1241 1281
1241 1240
1241 1201
1242 1243
1242 1282
1242 1241
1242 1202
1243 1244
1243 1283
1243 1242
1243 1203
1244 1245
1244 1284
1244 1243
1244 1204
1245 1246
1245 1285
1245 1244
1245 1205
1246 1247
1246 1286
1246 1245
1246 1206
1247 1248
1247 1287
1247 1246
1247 1207
1248 1249
1248 1288
1248 1247
1248 1208
1249 1250
1249 1289
1249 1248
1249 1209
1250 1251
1250 1290
1250 1249
1250 1210
1251 1252
1251 1291
1251 1250
1251 1211
1252 1253
1252 1292
1252 1251
1252 1212
1253 1254
1253 1293
1253 1252
1253 1213
1254 1255
1254 1294
1254 1253
1254 1214
1255 1256
1255 1295
1255 1254
1255 1215
1256 1257
1256 1296
1256 1255
1256 1216
1257 1258
1257 1297
1257 1256
1257 1217
1258 1259
1258 1298
1258 1257
1258 1218
1259 1260
1259 1299
1259 1258
1259 1219
1260 1261
1260 1300
1260 1259
1260 1220
1261 1262
1261 1301
1261 1260
1261 1221
1262 1263
1262 1302
1262 1261
1262 1222
1263 1264
1263 1303
1263 1262
1263 1223
1264 1265
1264 1304
1264 1263
1264 1224
1265 1266
1265 1305
1265 1264
1265 1225
1266 1267
1266 1306
1266 1265
1266 1226
1267 1268
1267 1307
1267 1266
1267 1227
1268 1269
1268 1308
1268 1267
1268 1228
1269 1270
1269 1309
1269 1268
1269 1229
1270 1271
1270 1310
1270 1269
1270 1230
1271 1272
1271 1311
1271 1270
1271 1231
1272 1273
1272 1312
1272 1271
1272 1232
1273 1274
1273 1313
1273 1272
1273 1233
1274 1275
1274 1314
1274 1273
1274 1234
1275 1276
1275 1315
1275 1274
1275 1235
1276 1277
1276 1316
1276 1275
1276 1236
1277 1278
1277 1317
1277 1276
1277 1237
1278 1279
1278 1318
1278 1277
1278 1238
1279 1240
1279 1319
1279 1278
1279 1239
1280 1281
1280 1320
1280 1319
1280 1240
1281 1282
1281 1321
1281 1280
1281 1241
1282 1283
1282 1322
1282 1281
1282 1242
1283 1284
1283 1323
1283 1282
1283 1243
1284 1285
1284 1324
1284 1283
1284 1244
1285 1286
1285 1325
1285 1284
1285 1245
1286 1287
1286 1326
1286 1285
1286 1246
1287 1288
1287 1327
1287 1286
1287 1247
1288 1289
1288 1328
1288 1287
1288 1248
1289 1290
1289 1329
1289 1288
1289 1249
1290 1291
1290 1330
1290 1289
1290 1250
1291 1292
1291 1331
1291 1290
1291 1251
1292 1293
1292 1332
1292 1291
1292 1252
1293 1294
1293 1333
1293 1292
1293 1253
1294 1295
1294 1334
1294 1293
1294 1254
1295 1296
1295 1335
1295 1294
1295 1255
1296 1297
1296 1336
1296 1295
1296 1256
1297 1298
1297 1337
1297 1296
1297 1257
1298 1299
1298 1338
1298 1297
1298 1258
1299 1300
1299 1339
1299 1298
1299 1259
1300 1301
1300 1340
1300 1299
1300 1260
1301 1302
1301 1341
1301 1300
1301 1261
1302 1303
1302 1342
1302 1301
1302 1262
1303 1304
1303 1343
1303 1302
1303 1263
1304 1305
1304 1344
1304 1303
1304 1264
1305 1306
1305 1345
1305 1304
1305 1265
1306 1307
1306 1346
1306 1305
1306 1266
1307 1308
1307 1347
1307 1306
1307 1267
1308 1309
1308 1348
1308 1307
1308 1268
1309 1310
1309 1349
1309 1308
1309 1269
1310 1311
1310 1350
1310 1309
1310 1270
1311 1312
1311 1351
1311 1310
1311 1271
1312 1313
1312 1352
1312 1311
1312 1272
1313 1314
1313 1353
1313 1312
1313 1273
1314 1315
1314 1354
1314 1313
1314 1274
1315 1316
1315 1355
1315 1314
1315 1275
1316 1317
1316 1356
1316 1315
1316 1276
1317 1318
1317 1357
1317 1316
1317 1277
1318 1319
1318 1358
1318 1317
1318 1278
1319 1280
1319 1359
1319 1318
1319 1279
1320 1321
1320 1360
1320 1359
1320 1280
1321 1322
1321 1361
1321 1320
1321 1281
1322 1323
1322 1362
1322 1321
1322 1282
1323 1324
1323 1363
1323 1322
1323 1283
1324 1325
1324 1364
1324 1323
1324 1284
1325 1326
1325 1365
1325 1324
1325 1285
1326 1327
1326 1366
1326 1325
1326 1286
1327 1328
1327 1367
1327 1326
1327 1287
1328 1329
1328 1368
1328 1327
1328 1288
1329 1330
1329 1369
1329 1328
1329 1289
1330 1331
1330 1370
1330 1329
1330 1290
1331 1332
1331 1371
1331 1330
1331 1291
1332 1333
1332 1372
1332 1331
1332 1292
1333 1334
1333 1373
1333 1332
1333 1293
1334 1335
1334 1374
1334 1333
1334 1294
1335 1336
1335 1375
1335 1334
1335 1295
1336 1337
1336 1376
1336 1335
1336 1296
1337 1338
1337 1377
1337 1336
1337 1297
1338 1339
1338 1378
1338 1337
1338 1298
1339 1340
1339 1379
1339 1338
1339 1299
1340 1341
1340 1380
1340 1339
1340 1300
1341 1342
1341 1381
1341 1340
1341 1301
1342 1343
1342 1382
1342 1341
1342 1302
1343 1344
1343 1383
1343 1342
1343 1303
1344 1345
1344 1384
1344 1343
1344 1304
1345 1346
1345 1385
1345 1344
1345 1305
1346 1347
1346 1386
1346 1345
1346 1306
1347 1348
1347 1387
1347 1346
1347 1307
1348 1349
1348 1388
1348 1347
1348 1308
1349 1350
1349 1389
1349 1348
1349 1309
1350 1351
1350 1390
1350 1349
1350 1310
1351 1352
1351 1391
1351 1350
1351 1311
1352 1353
1352 1392
1352 1351
1352 1312
1353 1354
1353 1393
1353 1352
1353 1313
1354 1355
1354 1394
1354 1353
1354 1314
1355 1356
1355 1395
1355 1354
1355 1315
1356 1357
1356 1396
1356 1355
1356 1316
1357 1358
1357 1397
1357 1356
1357 1317
1358 1359
1358 1398
1358 1357
1358 1318
1359 1320
1359 1399
1359 1358
1359 1319
1360 1361
1360 1400
1360 1399
1360 1320
1361 1362
1361 1401
1361 1360
1361 1321
1362 1363
1362 1402
1362 1361
1362 1322
1363 1364
1363 1403
1363 1362
1363 1323
1364 1365
1364 1404
1364 1363
1364 1324
1365 1366
1365 1405
1365 1364
1365 1325
1366 1367
1366 1406
1366 1365
1366 1326
1367 1368
1367 1407
1367 1366
1367 1327
1368 1369
1368 1408
1368 1367
1368 1328
1369 1370
1369 1409
1369 1368
1369 1329
1370 1371
1370 1410
1370 1369
1370 1330
1371 1372
1371 1411
1371 1370
1371 1331
1372 1373
1372 1412
1372 1371
1372 1332
1373 1374
1373 1413
1373 1372
1373 1333
1374 1375
1374 1414
1374 1373
1374 1334
1375 1376
1375 1415
1375 1374
1375 1335
1376 1377
1376 1416
1376 1375
1376 1336
1377 1378
1377 1417
1377 1376
1377 1337
1378 1379
1378 1418
1378 1377
1378 1338
1379 1380
1379 1419
1379 1378
1379 1339
1380 1381
1380 1420
1380 1379
1380 1340
1381 1382
1381 1421
1381 1380
1381 1341
1382 1383
1382 1422
1382 1381
1382 1342
1383 1384
1383 1423
1383 1382
1383 1343
1384 1385
1384 1424
1384 1383
1384 1344
1385 1386
1385 1425
1385 1384
1385 1345
1386 1387
1386 1426
1386 1385
1386 1346
1387 1388
1387 1427
1387 1386
1387 1347
1388 1389
1388 1428
1388 1387
1388 1348
1389 1390
1389 1429
1389 1388
1389 1349
1390 1391
1390 1430
1390 1389
1390 1350
1391 1392
1391 1431
1391 1390
1391 1351
1392 1393
1392 1432
1392 1391
1392 1352
1393 1394
1393 1433
1393 1392
1393 1353
1394 1395
1394 1434
1394 1393
1394 1354
1395 1396
1395 1435
1395 1394
1395 1355
1396 1397
1396 1436
1396 1395
1396 1356
1397 1398
1397 1437
1397 1396
1397 1357
1398 1399
1398 1438
1398 1397
1398 1358
1399 1360
1399 1439
1399 1398
1399 1359
1400 1401
1400 1440
1400 1439
1400 1360
1401 1402
1401 1441
1401 1400
1401 1361
1402 1403
1402 1442
1402 1401
1402 1362
1403 1404
1403 1443
1403 1402
1403 1363
1404 1405
1404 1444
1404 1403
1404 1364
1405 1406
1405 1445
1405 1404
1405 1365
1406 1407
1406 1446
1406 1405
1406 1366
1407 1408
1407 1447
1407 1406
1407 1367
1408 1409
1408 1448
1408 1407
1408 1368
1409 1410
1409 1449
1409 1408
1409 1369
1410 1411
1410 1450
1410 1409
1410 1370
1411 1412
1411 1451
1411 1410
1411 1371
1412 1413
1412 1452
1412 1411
1412 1372
1413 1414
1413 1453
1413 1412
1413 1373
1414 1415
1414 1454
1414 1413
1414 1374
1415 1416
1415 1455
1415 1414
1415 1375
1416 1417
1416 1456
1416 1415
1416 1376
1417 1418
1417 1457
1417 1416
1417 1377
1418 1419
1418 1458
1418 1417
1418 1378
1419 1420
1419 1459
1419 1418
1419 1379
1420 1421
1420 1460
1420 1419
1420 1380
1421 1422
1421 1461
1421 1420
1421 1381
1422 1423
1422 1462
1422 1421
1422 1382
1423 1424
1423 1463
1423 1422
1423 1383
1424 1425
1424 1464
1424 1423
1424 1384
1425 1426
1425 1465
1425 1424
1425 1385
1426 1427
1426 1466
1426 1425
1426 1386
1427 1428
1427 1467
1427 1426
1427 1387
1428 1429
1428 1468
1428 1427
1428 1388
1429 1430
1429 1469
1429 1428
1429 1389
1430 1431
1430 1470
1430 1429
1430 1390
1431 1432
1431 1471
1431 1430
1431 1391
1432 1433
1432 1472
1432 1431
1432 1392
1433 1434
1433 1473
1433 1432
1433 1393
1434 1435
1434 1474
1434 1433
1434 1394
1435 1436
1435 1475
1435 1434
1435 1395
1436 1437
1436 1476
1436 1435
1436 1396
1437 1438
1437 1477
1437 1436
1437 1397
1438 1439
1438 1478
1438 1437
1438 1398
1439 1400
1439 1479
1439 1438
1439 1399
1440 1441
1440 1480
1440 1479
1440 1400
1441 1442
1441 1481
1441 1440
1441 1401
1442 1443
1442 1482
1442 1441
1442 1402
1443 1444
1443 1483
1443 1442
1443 1403
1444 1445
1444 1484
1444 1443
1444 1404
1445 1446
1445 1485
1445 1444
1445 1405
1446 1447
1446 1486
1446 1445
1446 1406
1447 1448
1447 1487
1447 1446
1447 1407
1448 1449
1448 1488
1448 1447
1448 1408
1449 1450
1449 1489
1449 1448
1449 1409
1450 1451
1450 1490
1450 1449
1450 1410
1451 1452
1451 1491
1451 1450
1451 1411
1452 1453
1452 1492
1452 1451
1452 1412
1453 1454
1453 1493
1453 1452
1453 1413
1454 1455
1454 1494
1454 1453
1454 1414
1455 1456
1455 1495
1455 1454
1455 1415
1456 1457
1456 1496
1456 1455
1456 1416
1457 1458
1457 1497
1457 1456
1457 1417
1458 1459
1458 1498
1458 1457
1458 1418
1459 1460
1459 1499
1459 1458
1459 1419
1460 1461
1460 1500
1460 1459
1460 1420
1461 1462
1461 1501
1461 1460
1461 1421
1462 1463
1462 1502
1462 1461
1462 1422
1463 1464
1463 1503
1463 1462
1463 1423
1464 1465
1464 1504
1464 1463
1464 1424
1465 1466
1465 1505
1465 1464
1465 1425
1466 1467
1466 1506
1466 1465
1466 1426
1467 1468
1467 1507
1467 1466
1467 1427
1468 1469
1468 1508
1468 1467
1468 1428
1469 1470
1469 1509
1469 1468
1469 1429
1470 1471
1470 1510
1470 1469
1470 1430
1471 1472
1471 1511
1471 1470
1471 1431
1472 1473
1472 1512
1472 1471
1472 1432
1473 1474
1473 1513
1473 1472
1473 1433
1474 1475
1474 1514
1474 1473
1474 1434
1475 1476
1475 1515
1475 1474
1475 1435
1476 1477
1476 1516
1476 1475
1476 1436
1477 1478
1477 1517
1477 1476
1477 1437
1478 1479
1478 1518
1478 1477
1478 1438
1479 1440
1479 1519
1479 1478
1479 1439
1480 1481
1480 1520
1480 1519
1480 1440
1481 1482
1481 1521
1481 1480
1481 1441
1482 1483
1482 1522
1482 1481
1482 1442
1483 1484
1483 1523
1483 1482
1483 1443
1484 1485
1484 1524
1484 1483
1484 1444
1485 1486
1485 1525
1485 1484
1485 1445
1486 1487
1486 1526
1486 1485
1486 1446
1487 1488
1487 1527
1487 1486
1487 1447
1488 1489
1488 1528
1488 1487
1488 1448
1489 1490
1489 1529
1489 1488
1489 1449
1490 1491
1490 1530
1490 1489
1490 1450
1491 1492
1491 1531
1491 1490
1491 1451
1492 1493
1492 1532
1492 1491
1492 1452
1493 1494
1493 1533
1493 1492
1493 1453
1494 1495
1494 1534
1494 1493
1494 1454
1495 1496
1495 1535
1495 1494
1495 1455
1496 1497
1496 1536
1496 1495
1496 1456
1497 1498
1497 1537
1497 1496
1497 1457
1498 1499
1498 1538
1498 1497
1498 1458
1499 1500
1499 1539
1499 1498
1499 1459
1500 1501
1500 1540
1500 1499
1500 1460
1501 1502
1501 1541
1501 1500
1501 1461
1502 1503
1502 1542
1502 1501
1502 1462
1503 1504
1503 1543
1503 1502
1503 1463
1504 1505
1504 1544
1504 1503
1504 1464
1505 1506
1505 1545
1505 1504
1505 1465
1506 1507
1506 1546
1506 1505
1506 1466
1507 1508
1507 1547
1507 1506
1507 1467
1508 1509
1508 1548
1508 1507
1508 1468
1509 1510
1509 1549
1509 1508
1509 1469
1510 1511
1510 1550
1510 1509
1510 1470
1511 1512
1511 1551
1511 1510
1511 1471
1512 1513
1512 1552
1512 1511
1512 1472
1513 1514
1513 1553
1513 1512
1513 1473
1514 1515
1514 1554
1514 1513
1514 1474
1515 1516
1515 1555
1515 1514
1515 1475
1516 1517
1516 1556
1516 1515
1516 1476
1517 1518
1517 1557
1517 1516
1517 1477
1518 1519
1518 1558
1518 1517
1518 1478
1519 1480
1519 1559
1519 1518
1519 1479
1520 1521
1520 1560
1520 1559
1520 1480
1521 1522
1521 1561
1521 1520
1521 1481
1522 1523
1522 1562
1522 1521
1522 1482
1523 1524
1523 1563
1523 1522
1523 1483
1524 1525
1524 1564
1524 1523
1524 1484
1525 1526
1525 1565
1525 1524
1525 1485
1526 1527
1526 1566
1526 1525
1526 1486
1527 1528
1527 1567
1527 1526
1527 1487
1528 1529
1528 1568
1528 1527
1528 1488
1529 1530
1529 1569
1529 1528
1529 1489
1530 1531
1530 1570
1530 1529
1530 1490
1531 1532
1531 1571
1531 1530
1531 1491
1532 1533
1532 1572
1532 1531
1532 1492
1533 1534
1533 1573
1533 1532
1533 1493
1534 1535
1534 1574
1534 1533
1534 1494
1535 1536
1535 1575
1535 1534
1535 1495
1536 1537
1536 1576
1536 1535
1536 1496
1537 1538
1537 1577
1537 1536
1537 1497
1538 1539
1538 1578
1538 1537
1538 1498
1539 1540
1539 1579
1539 1538
1539 1499
1540 1541
1540 1580
1540 1539
1540 1500
1541 1542
1541 1581
1541 1540
1541 1501
1542 1543
1542 1582
1542 1541
1542 1502
1543 1544
1543 1583
1543 1542
1543 1503
1544 1545
1544 1584
1544 1543
1544 1504
1545 1546
1545 1585
1545 1544
1545 1505
1546 1547
1546 1586
1546 1545
1546 1506
1547 1548
1547 1587
1547 1546
1547 1507
1548 1549
1548 1588
1548 1547
1548 1508
1549 1550
1549 1589
1549 1548
1549 1509
1550 1551
1550 1590
1550 1549
1550 1510
1551 1552
1551 1591
1551 1550
1551 1511
1552 1553
1552 1592
1552 1551
1552 1512
1553 1554
1553 1593
1553 1552
1553 1513
1554 1555
1554 1594
1554 1553
1554 1514
1555 1556
1555 1595
1555 1554
1555 1515
1556 1557
1556 1596
1556 1555
1556 1516
1557 1558
1557 1597
1557 1556
1557 1517
1558 1559
1558 1598
1558 1557
1558 1518
1559 1520
1559 1599
1559 1558
1559 1519
1560 1561
1560 0
1560 1599
1560 1520
1561 1562
1561 1
1561 1560
1561 1521
1562 1563
1562 2
1562 1561
1562 1522
1563 1564
1563 3
1563 1562
1563 1523
1564 1565
1564 4
1564 1563
1564 1524
1565 1566
1565 5
1565 1564
1565 1525
1566 1567
1566 6
1566 1565
1566 1526
1567 1568
1567 7
1567 1566
1567 1527
1568 1569
1568 8
1568 1567
1568 1528
1569 1570
1569 9
1569 1568
1569 1529
1570 1571
1570 10
1570 1569
1570 1530
1571 1572
1571 11
1571 1570
1571 1531
1572 1573
1572 12
1572 1571
1572 1532
1573 1574
1573 13
1573 1572
1573 1533
1574 1575
1574 14
1574 1573
1574 1534
1575 1576
1575 15
1575 1574
1575 1535
1576 1577
1576 16
1576 1575
1576 1536
1577 1578
1577 17
1577 1576
1577 1537
1578 1579
1578 18
1578 1577
1578 1538
1579 1580
1579 19
1579 1578
1579 1539
1580 1581
1580 20
1580 1579
1580 1540
1581 1582
1581 21
1581 1580
1581 1541
1582 1583
1582 22
1582 1581
1582 1542
1583 1584
1583 23
1583 1582
1583 1543
1584 1585
1584 24
1584 1583
1584 1544
1585 1586
1585 25
1585 1584
1585 1545
1586 1587
1586 26
1586 1585
1586 1546
1587 1588
1587 27
1587 1586
1587 1547
1588 1589
1588 28
1588 1587
1588 1548
1589 1590
1589 29
1589 1588
1589 1549
1590 1591
1590 30
1590 1589
1590 1550
1591 1592
1591 31
1591 1590
1591 1551
1592 1593
1592 32
1592 1591
1592 1552
1593 1594
1593 33
1593 1592
1593 1553
1594 1595
1594 34
1594 1593
1594 1554
1595 1596
1595 35
1595 1594
1595 1555
1596 1597
1596 36
1596 1595
1596 1556
1597 1598
1597 37
1597 1596
1597 1557
1598 1599
1598 38
1598 1597
1598 1558
1599 1560
1599 39
1599 1598
1599 1559
