0 1
0 30
0 29
0 870
1 2
1 31
1 0
1 871
2 3
2 32
2 1
2 872
3 4
3 33
3 2
3 873
4 5
4 34
4 3
4 874
5 6
5 35
5 4
5 875
6 7
6 36
6 5
6 876
7 8
7 37
7 6
7 877
8 9
8 38
8 7
8 878
9 10
9 39
9 8
9 879
10 11
10 40
10 9
10 880
11 12
11 41
11 10
11 881
12 13
12 42
12 11
12 882
13 14
13 43
13 12
13 883
14 15
14 44
14 13
14 884
15 16
15 45
15 14
15 885
16 17
16 46
16 15
16 886
17 18
17 47
17 16
17 887
18 19
18 48
18 17
18 888
19 20
19 49
19 18
19 889
20 21
20 50
20 19
20 890
21 22
21 51
21 20
21 891
22 23
22 52
22 21
22 892
23 24
23 53
23 22
23 893
24 25
24 54
24 23
24 894
25 26
25 55
25 24
25 895
26 27
26 56
26 25
26 896
27 28
27 57
27 26
27 897
28 29
28 58
28 27
28 898
29 0
29 59
29 28
29 899
30 31
30 60
30 59
30 0
31 32
31 61
31 30
31 1
32 33
32 62
32 31
32 2
33 34
33 63
33 32
33 3
34 35
34 64
34 33
34 4
35 36
35 65
35 34
35 5
36 37
36 66
36 35
36 6
37 38
37 67
37 36
37 7
38 39
38 68
38 37
38 8
39 40
39 69
39 38
39 9
40 41
40 70
40 39
40 10
41 42
41 71
41 40
41 11
42 43
42 72
42 41
42 12
43 44
43 73
43 42
43 13
44 45
44 74
44 43
44 14
45 46
45 75
45 44
45 15
46 47
46 76
46 45
46 16
47 48
47 77
47 46
47 17
48 49
48 78
48 47
48 18
49 50
49 79
49 48
49 19
50 51
50 80
50 49
50 20
51 52
51 81
51 50
51 21
52 53
52 82
52 51
52 22
53 54
53 83
53 52
53 23
54 55
54 84
54 53
54 24
55 56
55 85
55 54
55 25
56 57
56 86
56 55
56 26
57 58
57 87
57 56
57 27
58 59
58 88
58 57
58 28
59 30
59 89
59 58
59 29
60 61
60 90
60 89
60 30
61 62
61 91
61 60
61 31
62 63
62 92
62 61
62 32
63 64
63 93
63 62
63 33
64 65
64 94
64 63
64 34
65 66
65 95
65 64
65 35
66 67
66 96
66 65
66 36
67 68
67 97
67 66
67 37
68 69
68 98
68 67
68 38
69 70
69 99
69 68
69 39
70 71
70 100
70 69
70 40
71 72
71 101
71 70
71 41
72 73
72 102
72 71
72 42
73 74
73 103
73 72
73 43
74 75
74 104
74 73
74 44
75 76
75 105
75 74
75 45
76 77
76 106
76 75
76 46
77 78
77 107
77 76
77 47
78 79
78 108
78 77
78 48
79 80
79 109
79 78
79 49
80 81
80 110
80 79
80 50
81 82
81 111
81 80
81 51
82 83
82 112
82 81
82 52
83 84
83 113
83 82
83 53
84 85
84 114
84 83
84 54
85 86
85 115
85 84
85 55
86 87
86 116
86 85
86 56
87 88
87 117
87 86
87 57
88 89
88 118
88 87
88 58
89 60
89 119
89 88
89 59
90 91
90 120
90 119
90 60
91 92
91 121
91 90
91 61
92 93
92 122
92 91
92 62
93 94
93 123
93 92
93 63
94 95
94 124
94 93
94 64
95 96
95 125
95 94
95 65
96 97
96 126
96 95
96 66
97 98
97 127
97 96
97 67
98 99
98 128
98 97
98 68
99 100
99 129
99 98
99 69
100 101
100 130
100 99
100 70
101 102
101 131
101 100
101 71
102 103
102 132
102 101
102 72
103 104
103 133
103 102
103 73
104 105
104 134
104 103
104 74
105 106
105 135
105 104
105 75
106 107
106 136
106 105
106 76
107 108
107 137
107 106
107 77
108 109
108 138
108 107
108 78
109 110
109 139
109 108
109 79
110 111
110 140
110 109
110 80
111 112
111 141
111 110
111 81
112 113
112 142
112 111
112 82
113 114
113 143
113 112
113 83
114 115
114 144
114 113
114 84
115 116
115 145
115 114
115 85
116 117
116 146
116 115
116 86
117 118
117 147
117 116
117 87
118 119
118 148
118 117
118 88
119 90
119 149
119 118
119 89
120 121
120 150
120 149
120 90
121 122
121 151
121 120
121 91
122 123
122 152
122 121
122 92
123 124
123 153
123 122
123 93
124 125
124 154
124 123
124 94
125 126
125 155
125 124
125 95
126 127
126 156
126 125
126 96
127 128
127 157
127 126
127 97
128 129
128 158
128 127
128 98
129 130
129 159
129 128
129 99
130 131
130 160
130 129
130 100
131 132
131 161
131 130
131 101
132 133
132 162
132 131
132 102
133 134
133 163
133 132
133 103
134 135
134 164
134 133
134 104
135 136
135 165
135 134
135 105
136 137
136 166
136 135
136 106
137 138
137 167
137 136
137 107
138 139
138 168
138 137
138 108
139 140
139 169
139 138
139 109
140 141
140 170
140 139
140 110
141 142
141 171
141 140
141 111
142 143
142 172
142 141
142 112
143 144
143 173
143 142
143 113
144 145
144 174
144 143
144 114
145 146
145 175
145 144
145 115
146 147
146 176
146 145
146 116
147 148
147 177
147 146
147 117
148 149
148 178
148 147
148 118
149 120
149 179
149 148
149 119
150 151
150 180
150 179
150 120
151 152
151 181
151 150
151 121
152 153
152 182
152 151
152 122
153 154
153 183
153 152
153 123
154 155
154 184
154 153
154 124
155 156
155 185
155 154
155 125
156 157
156 186
156 155
156 126
157 158
157 187
157 156
157 127
158 159
158 188
158 157
158 128
159 160
159 189
159 158
159 129
160 161
160 190
160 159
160 130
161 162
161 191
161 160
161 131
162 163
162 192
162 161
162 132
163 164
163 193
163 162
163 133
164 165
164 194
164 163
164 134
165 166
165 195
165 164
165 135
166 167
166 196
166 165
166 136
167 168
167 197
167 166
167 137
168 169
168 198
168 167
168 138
169 170
169 199
169 168
169 139
170 171
170 200
170 169
170 140
171 172
171 201
171 170
171 141
172 173
172 202
172 171
172 142
173 174
173 203
173 172
173 143
174 175
174 204
174 173
174 144
175 176
175 205
175 174
175 145
176 177
176 206
176 175
176 146
177 178
177 207
177 176
177 147
178 179
178 208
178 177
178 148
179 150
179 209
179 178
179 149
180 181
180 210
180 209
180 150
181 182
181 211
181 180
181 151
182 183
182 212
182 181
182 152
183 184
183 213
183 182
183 153
184 185
184 214
184 183
184 154
185 186
185 215
185 184
185 155
186 187
186 216
186 185
186 156
187 188
187 217
187 186
187 157
188 189
188 218
188 187
188 158
189 190
189 219
189 188
189 159
190 191
190 220
190 189
190 160
191 192
191 221
191 190
191 161
192 193
192 222
192 191
192 162
193 194
193 223
193 192
193 163
194 195
194 224
194 193
194 164
195 196
195 225
195 194
195 165
196 197
196 226
196 195
196 166
197 198
197 227
197 196
197 167
198 199
198 228
198 197
198 168
199 200
199 229
199 198
199 169
200 201
200 230
200 199
200 170
201 202
201 231
201 200
201 171
202 203
202 232
202 201
202 172
203 204
203 233
203 202
203 173
204 205
204 234
204 203
204 174
205 206
205 235
205 204
205 175
206 207
206 236
206 205
206 176
207 208
207 237
207 206
207 177
208 209
208 238
208 207
208 178
209 180
209 239
209 208
209 179
210 211
210 240
210 239
210 180
211 212
211 241
211 210
211 181
212 213
212 242
212 211
212 182
213 214
213 243
213 212
213 183
214 215
214 244
214 213
214 184
215 216
215 245
215 214
215 185
216 217
216 246
216 215
216 186
217 218
217 247
217 216
217 187
218 219
218 248
218 217
218 188
219 220
219 249
219 218
219 189
220 221
220 250
220 219
220 190
221 222
221 251
221 220
221 191
222 223
222 252
222 221
222 192
223 224
223 253
223 222
223 193
224 225
224 254
224 223
224 194
225 226
225 255
225 224
225 195
226 227
226 256
226 225
226 196
227 228
227 257
227 226
227 197
228 229
228 258
228 227
228 198
229 230
229 259
229 228
229 199
230 231
230 260
230 229
230 200
231 232
231 261
231 230
231 201
232 233
232 262
232 231
232 202
233 234
233 263
233 232
233 203
234 235
234 264
234 233
234 204
235 236
235 265
235 234
235 205
236 237
236 266
236 235
236 206
237 238
237 267
237 236
237 207
238 239
238 268
238 237
238 208
239 210
239 269
239 238
239 209
240 241
240 270
240 269
240 210
241 242
241 271
241 240
241 211
242 243
242 272
242 241
242 212
243 244
243 273
243 242
243 213
244 245
244 274
244 243
244 214
245 246
245 275
245 244
245 215
246 247
246 276
246 245
246 216
247 248
247 277
247 246
247 217
248 249
248 278
248 247
248 218
249 250
249 279
249 248
249 219
250 251
250 280
250 249
250 220
251 252
251 281
251 250
251 221
252 253
252 282
252 251
252 222
253 254
253 283
253 252
253 223
254 255
254 284
254 253
254 224
255 256
255 285
255 254
255 225
256 257
256 286
256 255
256 226
257 258
257 287
257 256
257 227
258 259
258 288
258 257
258 228
259 260
259 289
259 258
259 229
260 261
260 290
260 259
260 230
261 262
261 291
261 260
261 231
262 263
262 292
262 261
262 232
263 264
263 293
263 262
263 233
264 265
264 294
264 263
264 234
265 266
265 295
265 264
265 235
266 267
266 296
266 265
266 236
267 268
267 297
267 266
267 237
268 269
268 298
268 267
268 238
269 240
269 299
269 268
269 239
270 271
270 300
270 299
270 240
271 272
271 301
271 270
271 241
272 273
272 302
272 271
272 242
273 274
273 303
273 272
273 243
274 275
274 304
274 273
274 244
275 276
275 305
275 274
275 245
276 277
276 306
276 275
276 246
277 278
277 307
277 276
277 247
278 279
278 308
278 277
278 248
279 280
279 309
279 278
279 249
280 281
280 310
280 279
280 250
281 282
281 311
281 280
281 251
282 283
282 312
282 281
282 252
283 284
283 313
283 282
283 253
284 285
284 314
284 283
284 254
285 286
285 315
285 284
285 255
286 287
286 316
286 285
286 256
287 288
287 317
287 286
287 257
288 289
288 318
288 287
288 258
289 290
289 319
289 288
289 259
290 291
290 320
290 289
290 260
291 292
291 321
291 290
291 261
292 293
292 322
292 291
292 262
293 294
293 323
293 292
293 263
294 295
294 324
294 293
294 264
295 296
295 325
295 294
295 265
296 297
296 326
296 295
296 266
297 298
297 327
297 296
297 267
298 299
298 328
298 297
298 268
299 270
299 329
299 298
299 269
300 301
300 330
300 329
300 270
301 302
301 331
301 300
301 271
302 303
302 332
302 301
302 272
303 304
303 333
303 302
303 273
304 305
304 334
304 303
304 274
305 306
305 335
305 304
305 275
306 307
306 336
306 305
306 276
307 308
307 337
307 306
307 277
308 309
308 338
308 307
308 278
309 310
309 339
309 308
309 279
310 311
310 340
310 309
310 280
311 312
311 341
311 310
311 281
312 313
312 342
312 311
312 282
313 314
313 343
313 312
313 283
314 315
314 344
314 313
314 284
315 316
315 345
315 314
315 285
316 317
316 346
316 315
316 286
317 318
317 347
317 316
317 287
318 319
318 348
318 317
318 288
319 320
319 349
319 318
319 289
320 321
320 350
320 319
320 290
321 322
321 351
321 320
321 291
322 323
322 352
322 321
322 292
323 324
323 353
323 322
323 293
324 325
324 354
324 323
324 294
325 326
325 355
325 324
325 295
326 327
326 356
326 325
326 296
327 328
327 357
327 326
327 297
328 329
328 358
328 327
328 298
329 300
329 359
329 328
329 299
330 331
330 360
330 359
330 300
331 332
331 361
331 330
331 301
332 333
332 362
332 331
332 302
333 334
333 363
333 332
333 303
334 335
334 364
334 333
334 304
335 336
335 365
335 334
335 305
336 337
336 366
336 335
336 306
337 338
337 367
337 336
337 307
338 339
338 368
338 337
338 308
339 340
339 369
339 338
339 309
340 341
340 370
340 339
340 310
341 342
341 371
341 340
341 311
342 343
342 372
342 341
342 312
343 344
343 373
343 342
343 313
344 345
344 374
344 343
344 314
345 346
345 375
345 344
345 315
346 347
346 376
346 345
346 316
347 348
347 377
347 346
347 317
348 349
348 378
348 347
348 318
349 350
349 379
349 348
349 319
350 351
350 380
350 349
350 320
351 352
351 381
351 350
351 321
352 353
352 382
352 351
352 322
353 354
353 383
353 352
353 323
354 355
354 384
354 353
354 324
355 356
355 385
355 354
355 325
356 357
356 386
356 355
356 326
357 358
357 387
357 356
357 327
358 359
358 388
358 357
358 328
359 330
359 389
359 358
359 329
360 361
360 390
360 389
360 330
361 362
361 391
361 360
361 331
362 363
362 392
362 361
362 332
363 364
363 393
363 362
363 333
364 365
364 394
364 363
364 334
365 366
365 395
365 364
365 335
366 367
366 396
366 365
366 336
367 368
367 397
367 366
367 337
368 369
368 398
368 367
368 338
369 370
369 399
369 368
369 339
370 371
370 400
370 369
370 340
371 372
371 401
371 370
371 341
372 373
372 402
372 371
372 342
373 374
373 403
373 372
373 343
374 375
374 404
374 373
374 344
375 376
375 405
375 374
375 345
376 377
376 406
376 375
376 346
377 378
377 407
377 376
377 347
378 379
378 408
378 377
378 348
379 380
379 409
379 378
379 349
380 381
380 410
380 379
380 350
381 382
381 411
381 380
381 351
382 383
382 412
382 381
382 352
383 384
383 413
383 382
383 353
384 385
384 414
384 383
384 354
385 386
385 415
385 384
385 355
386 387
386 416
386 385
386 356
387 388
387 417
387 386
387 357
388 389
388 418
388 387
388 358
389 360
389 419
389 388
389 359
390 391
390 420
390 419
390 360
391 392
391 421
391 390
391 361
392 393
392 422
392 391
392 362
393 394
393 423
393 392
393 363
394 395
394 424
394 393
394 364
395 396
395 425
395 394
395 365
396 397
396 426
396 395
396 366
397 398
397 427
397 396
397 367
398 399
398 428
398 397
398 368
399 400
399 429
399 398
399 369
400 401
400 430
400 399
400 370
401 402
401 431
401 400
401 371
402 403
402 432
402 401
402 372
403 404
403 433
403 402
403 373
404 405
404 434
404 403
404 374
405 406
405 435
405 404
405 375
406 407
406 436
406 405
406 376
407 408
407 437
407 406
407 377
408 409
408 438
408 407
408 378
409 410
409 439
409 408
409 379
410 411
410 440
410 409
410 380
411 412
411 441
411 410
411 381
412 413
412 442
412 411
412 382
413 414
413 443
413 412
413 383
414 415
414 444
414 413
414 384
415 416
415 445
415 414
415 385
416 417
416 446
416 415
416 386
417 418
417 447
417 416
417 387
418 419
418 448
418 417
418 388
419 390
419 449
419 418
419 389
420 421
420 450
420 449
420 390
421 422
421 451
421 420
421 391
422 423
422 452
422 421
422 392
423 424
423 453
423 422
423 393
424 425
424 454
424 423
424 394
425 426
425 455
425 424
425 395
426 427
426 456
426 425
426 396
427 428
427 457
427 426
427 397
428 429
428 458
428 427
428 398
429 430
429 459
429 428
429 399
430 431
430 460
430 429
430 400
431 432
431 461
431 430
431 401
432 433
432 462
432 431
432 402
433 434
433 463
433 432
433 403
434 435
434 464
434 433
434 404
435 436
435 465
435 434
435 405
436 437
436 466
436 435
436 406
437 438
437 467
437 436
437 407
438 439
438 468
438 437
438 408
439 440
439 469
439 438
439 409
440 441
440 470
440 439
440 410
441 442
441 471
441 440
441 411
442 443
442 472
442 441
442 412
443 444
443 473
443 442
443 413
444 445
444 474
444 443
444 414
445 446
445 475
445 444
445 415
446 447
446 476
446 445
446 416
447 448
447 477
447 446
447 417
448 449
448 478
448 447
448 418
449 420
449 479
449 448
449 419
450 451
450 480
450 479
450 420
451 452
451 481
451 450
451 421
452 453
452 482
452 451
452 422
453 454
453 483
453 452
453 423
454 455
454 484
454 453
454 424
455 456
455 485
455 454
455 425
456 457
456 486
456 455
456 426
457 458
457 487
457 456
457 427
458 459
458 488
458 457
458 428
459 460
459 489
459 458
459 429
460 461
460 490
460 459
460 430
461 462
461 491
461 460
461 431
462 463
462 492
462 461
462 432
463 464
463 493
463 462
463 433
464 465
464 494
464 463
464 434
465 466
465 495
465 464
465 435
466 467
466 496
466 465
466 436
467 468
467 497
467 466
467 437
468 469
468 498
468 467
468 438
469 470
469 499
469 468
469 439
470 471
470 500
470 469
470 440
471 472
471 501
471 470
471 441
472 473
472 502
472 471
472 442
473 474
473 503
473 472
473 443
474 475
474 504
474 473
474 444
475 476
475 505
475 474
475 445
476 477
476 506
476 475
476 446
477 478
477 507
477 476
477 447
478 479
478 508
478 477
478 448
479 450
479 509
479 478
479 449
480 481
480 510
480 509
480 450
481 482
481 511
481 480
481 451
482 483
482 512
482 481
482 452
483 484
483 513
483 482
483 453
484 485
484 514
484 483
484 454
485 486
485 515
485 484
485 455
486 487
486 516
486 485
486 456
487 488
487 517
487 486
487 457
488 489
488 518
488 487
488 458
489 490
489 519
489 488
489 459
490 491
490 520
490 489
490 460
491 492
491 521
491 490
491 461
492 493
492 522
492 491
492 462
493 494
493 523
493 492
493 463
494 495
494 524
494 493
494 464
495 496
495 525
495 494
495 465
496 497
496 526
496 495
496 466
497 498
497 527
497 496
497 467
498 499
498 528
498 497
498 468
499 500
499 529
499 498
499 469
500 501
500 530
500 499
500 470
501 502
501 531
501 500
501 471
502 503
502 532
502 501
502 472
503 504
503 533
503 502
503 473
504 505
504 534
504 503
504 474
505 506
505 535
505 504
505 475
506 507
506 536
506 505
506 476
507 508
507 537
507 506
507 477
508 509
508 538
508 507
508 478
509 480
509 539
509 508
509 479
510 511
510 540
510 539
510 480
511 512
511 541
511 510
511 481
512 513
512 542
512 511
512 482
513 514
513 543
513 512
513 483
514 515
514 544
514 513
514 484
515 516
515 545
515 514
515 485
516 517
516 546
516 515
516 486
517 518
517 547
517 516
517 487
518 519
518 548
518 517
518 488
519 520
519 549
519 518
519 489
520 521
520 550
520 519
520 490
521 522
521 551
521 520
521 491
522 523
522 552
522 521
522 492
523 524
523 553
523 522
523 493
524 525
524 554
524 523
524 494
525 526
525 555
525 524
525 495
526 527
526 556
526 525
526 496
527 528
527 557
527 526
527 497
528 529
528 558
528 527
528 498
529 530
529 559
529 528
529 499
530 531
530 560
530 529
530 500
531 532
531 561
531 530
531 501
532 533
532 562
532 531
532 502
533 534
533 563
533 532
533 503
534 535
534 564
534 533
534 504
535 536
535 565
535 534
535 505
536 537
536 566
536 535
536 506
537 538
537 567
537 536
537 507
538 539
538 568
538 537
538 508
539 510
539 569
539 538
539 509
540 541
540 570
540 569
540 510
541 542
541 571
541 540
541 511
542 543
542 572
542 541
542 512
543 544
543 573
543 542
543 513
544 545
544 574
544 543
544 514
545 546
545 575
545 544
545 515
546 547
546 576
546 545
546 516
547 548
547 577
547 546
547 517
548 549
548 578
548 547
548 518
549 550
549 579
549 548
549 519
550 551
550 580
550 549
550 520
551 552
551 581
551 550
551 521
552 553
552 582
552 551
552 522
553 554
553 583
553 552
553 523
554 555
554 584
554 553
554 524
555 556
555 585
555 554
555 525
556 557
556 586
556 555
556 526
557 558
557 587
557 556
557 527
558 559
558 588
558 557
558 528
559 560
559 589
559 558
559 529
560 561
560 590
560 559
560 530
561 562
561 591
561 560
561 531
562 563
562 592
562 561
562 532
563 564
563 593
563 562
563 533
564 565
564 594
564 563
564 534
565 566
565 595
565 564
565 535
566 567
566 596
566 565
566 536
567 568
567 597
567 566
567 537
568 569
568 598
568 567
568 538
569 540
569 599
569 568
569 539
570 571
570 600
570 599
570 540
571 572
571 601
571 570
571 541
572 573
572 602
572 571
572 542
573 574
573 603
573 572
573 543
574 575
574 604
574 573
574 544
575 576
575 605
575 574
575 545
576 577
576 606
576 575
576 546
577 578
577 607
577 576
577 547
578 579
578 608
578 577
578 548
579 580
579 609
579 578
579 549
580 581
580 610
580 579
580 550
581 582
581 611
581 580
581 551
582 583
582 612
582 581
582 552
583 584
583 613
583 582
583 553
584 585
584 614
584 583
584 554
585 586
585 615
585 584
585 555
586 587
586 616
586 585
586 556
587 588
587 617
587 586
587 557
588 589
588 618
588 587
588 558
589 590
589 619
589 588
589 559
590 591
590 620
590 589
590 560
591 592
591 621
591 590
591 561
592 593
592 622
592 591
592 562
593 594
593 623
593 592
593 563
594 595
594 624
594 593
594 564
595 596
595 625
595 594
595 565
596 597
596 626
596 595
596 566
597 598
597 627
597 596
597 567
598 599
598 628
598 597
598 568
599 570
599 629
599 598
599 569
600 601
600 630
600 629
600 570
601 602
601 631
601 600
601 571
602 603
602 632
602 601
602 572
603 604
603 633
603 602
603 573
604 605
604 634
604 603
604 574
605 606
605 635
605 604
605 575
606 607
606 636
606 605
606 576
607 608
607 637
607 606
607 577
608 609
608 638
608 607
608 578
609 610
609 639
609 608
609 579
610 611
610 640
610 609
610 580
611 612
611 641
611 610
611 581
612 613
612 642
612 611
612 582
613 614
613 643
613 612
613 583
614 615
614 644
614 613
614 584
615 616
615 645
615 614
615 585
616 617
616 646
616 615
616 586
617 618
617 647
617 616
617 587
618 619
618 648
618 617
618 588
619 620
619 649
619 618
619 589
620 621
620 650
620 619
620 590
621 622
621 651
621 620
621 591
622 623
622 652
622 621
622 592
623 624
623 653
623 622
623 593
624 625
624 654
624 623
624 594
625 626
625 655
625 624
625 595
626 627
626 656
626 625
626 596
627 628
627 657
627 626
627 597
628 629
628 658
628 627
628 598
629 600
629 659
629 628
629 599
630 631
630 660
630 659
630 600
631 632
631 661
631 630
631 601
632 633
632 662
632 631
632 602
633 634
633 663
633 632
633 603
634 635
634 664
634 633
634 604
635 636
635 665
635 634
635 605
636 637
636 666
636 635
636 606
637 638
637 667
637 636
637 607
638 639
638 668
638 637
638 608
639 640
639 669
639 638
639 609
640 641
640 670
640 639
640 610
641 642
641 671
641 640
641 611
642 643
642 672
642 641
642 612
643 644
643 673
643 642
643 613
644 645
644 674
644 643
644 614
645 646
645 675
645 644
645 615
646 647
646 676
646 645
646 616
647 648
647 677
647 646
647 617
648 649
648 678
648 647
648 618
649 650
649 679
649 648
649 619
650 651
650 680
650 649
650 620
651 652
651 681
651 650
651 621
652 653
652 682
652 651
652 622
653 654
653 683
653 652
653 623
654 655
654 684
654 653
654 624
655 656
655 685
655 654
655 625
656 657
656 686
656 655
656 626
657 658
657 687
657 656
657 627
658 659
658 688
658 657
658 628
659 630
659 689
659 658
659 629
660 661
660 690
660 689
660 630
661 662
661 691
661 660
661 631
662 663
662 692
662 661
662 632
663 664
663 693
663 662
663 633
664 665
664 694
664 663
664 634
665 666
665 695
665 664
665 635
666 667
666 696
666 665
666 636
667 668
667 697
667 666
667 637
668 669
668 698
668 667
668 638
669 670
669 699
669 668
669 639
670 671
670 700
670 669
670 640
671 672
671 701
671 670
671 641
672 673
672 702
672 671
672 642
673 674
673 703
673 672
673 643
674 675
674 704
674 673
674 644
675 676
675 705
675 674
675 645
676 677
676 706
676 675
676 646
677 678
677 707
677 676
677 647
678 679
678 708
678 677
678 648
679 680
679 709
679 678
679 649
680 681
680 710
680 679
680 650
681 682
681 711
681 680
681 651
682 683
682 712
682 681
682 652
683 684
683 713
683 682
683 653
684 685
684 714
684 683
684 654
685 686
685 715
685 684
685 655
686 687
686 716
686 685
686 656
687 688
687 717
687 686
687 657
688 689
688 718
688 687
688 658
689 660
689 719
689 688
689 659
690 691
690 720
690 719
690 660
691 692
691 721
691 690
691 661
692 693
692 722
692 691
692 662
693 694
693 723
693 692
693 663
694 695
694 724
694 693
694 664
695 696
695 725
695 694
695 665
696 697
696 726
696 695
696 666
697 698
697 727
697 696
697 667
698 699
698 728
698 697
698 668
699 700
699 729
699 698
699 669
700 701
700 730
700 699
700 670
701 702
701 731
701 700
701 671
702 703
702 732
702 701
702 672
703 704
703 733
703 702
703 673
704 705
704 734
704 703
704 674
705 706
705 735
705 704
705 675
706 707
706 736
706 705
706 676
707 708
707 737
707 706
707 677
708 709
708 738
708 707
708 678
709 710
709 739
709 708
709 679
710 711
710 740
710 709
710 680
711 712
711 741
711 710
711 681
712 713
712 742
712 711
712 682
713 714
713 743
713 712
713 683
714 715
714 744
714 713
714 684
715 716
715 745
715 714
715 685
716 717
716 746
716 715
716 686
717 718
717 747
717 716
717 687
718 719
718 748
718 717
718 688
719 690
719 749
719 718
719 689
720 721
720 750
720 749
720 690
721 722
721 751
721 720
721 691
722 723
722 752
722 721
722 692
723 724
723 753
723 722
723 693
724 725
724 754
724 723
724 694
725 726
725 755
725 724
725 695
726 727
726 756
726 725
726 696
727 728
727 757
727 726
727 697
728 729
728 758
728 727
728 698
729 730
729 759
729 728
729 699
730 731
730 760
730 729
730 700
731 732
731 761
731 730
731 701
732 733
732 762
732 731
732 702
733 734
733 763
733 732
733 703
734 735
734 764
734 733
734 704
735 736
735 765
735 734
735 705
736 737
736 766
736 735
736 706
737 738
737 767
737 736
737 707
738 739
738 768
738 737
738 708
739 740
739 769
739 738
739 709
740 741
740 770
740 739
740 710
741 742
741 771
741 740
741 711
742 743
742 772
742 741
742 712
743 744
743 773
743 742
743 713
744 745
744 774
744 743
744 714
745 746
745 775
745 744
745 715
746 747
746 776
746 745
746 716
747 748
747 777
747 746
747 717
748 749
748 778
748 747
748 718
749 720
749 779
749 748
749 719
750 751
750 780
750 779
750 720
751 752
751 781
751 750
751 721
752 753
752 782
752 751
752 722
753 754
753 783
753 752
753 723
754 755
754 784
754 753
754 724
755 756
755 785
755 754
755 725
756 757
756 786
756 755
756 726
757 758
757 787
757 756
757 727
758 759
758 788
758 757
758 728
759 760
759 789
759 758
759 729
760 761
760 790
760 759
760 730
761 762
761 791
761 760
761 731
762 763
762 792
762 761
762 732
763 764
763 793
763 762
763 733
764 765
764 794
764 763
764 734
765 766
765 795
765 764
765 735
766 767
766 796
766 765
766 736
767 768
767 797
767 766
767 737
768 769
768 798
768 767
768 738
769 770
769 799
769 768
769 739
770 771
770 800
770 769
770 740
771 772
771 801
771 770
771 741
772 773
772 802
772 771
772 742
773 774
773 803
773 772
773 743
774 775
774 804
774 773
774 744
775 776
775 805
775 774
775 745
776 777
776 806
776 775
776 746
777 778
777 807
777 776
777 747
778 779
778 808
778 777
778 748
779 750
779 809
779 778
779 749
780 781
780 810
780 809
780 750
781 782
781 811
781 780
781 751
782 783
782 812
782 781
782 752
783 784
783 813
783 782
783 753
784 785
784 814
784 783
784 754
785 786
785 815
785 784
785 755
786 787
786 816
786 785
786 756
787 788
787 817
787 786
787 757
788 789
788 818
788 787
788 758
789 790
789 819
789 788
789 759
790 791
790 820
790 789
790 760
791 792
791 821
791 790
791 761
792 793
792 822
792 791
792 762
793 794
793 823
793 792
793 763
794 795
794 824
794 793
794 764
795 796
795 825
795 794
795 765
796 797
796 826
796 795
796 766
797 798
797 827
797 796
797 767
798 799
798 828
798 797
798 768
799 800
799 829
799 798
799 769
800 801
800 830
800 799
800 770
801 802
801 831
801 800
801 771
802 803
802 832
802 801
802 772
803 804
803 833
803 802
803 773
804 805
804 834
804 803
804 774
805 806
805 835
805 804
805 775
806 807
806 836
806 805
806 776
807 808
807 837
807 806
807 777
808 809
808 838
808 807
808 778
809 780
809 839
809 808
809 779
810 811
810 840
810 839
810 780
811 812
811 841
811 810
811 781
812 813
812 842
812 811
812 782
813 814
813 843
813 812
813 783
814 815
814 844
814 813
814 784
815 816
815 845
815 814
815 785
816 817
816 846
816 815
816 786
817 818
817 847
817 816
817 787
818 819
818 848
818 817
818 788
819 820
819 849
819 818
819 789
820 821
820 850
820 819
820 790
821 822
821 851
821 820
821 791
822 823
822 852
822 821
822 792
823 824
823 853
823 822
823 793
824 825
824 854
824 823
824 794
825 826
825 855
825 824
825 795
826 827
826 856
826 825
826 796
827 828
827 857
827 826
827 797
828 829
828 858
828 827
828 798
829 830
829 859
829 828
829 799
830 831
830 860
830 829
830 800
831 832
831 861
831 830
831 801
832 833
832 862
832 831
832 802
833 834
833 863
833 832
833 803
834 835
834 864
834 833
834 804
835 836
835 865
835 834
835 805
836 837
836 866
836 835
836 806
837 838
837 867
837 836
837 807
838 839
838 868
838 837
838 808
839 810
839 869
839 838
839 809
840 841
840 870
840 869
840 810
841 842
841 871
841 840
841 811
842 843
842 872
842 841
842 812
843 844
843 873
843 842
843 813
844 845
844 874
844 843
844 814
845 846
845 875
845 844
845 815
846 847
846 876
846 845
846 816
847 848
847 877
847 846
847 817
848 849
848 878
848 847
848 818
849 850
849 879
849 848
849 819
850 851
850 880
850 849
850 820
851 852
851 881
851 850
851 821
852 853
852 882
852 851
852 822
853 854
853 883
853 852
853 823
854 855
854 884
854 853
854 824
855 856
855 885
855 854
855 825
856 857
856 886
856 855
856 826
857 858
857 887
857 856
857 827
858 859
858 888
858 857
858 828
859 860
859 889
859 858
859 829
860 861
860 890
860 859
860 830
861 862
861 891
861 860
861 831
862 863
862 892
862 861
862 832
863 864
863 893
863 862
863 833
864 865
864 894
864 863
864 834
865 866
865 895
865 864
865 835
866 867
866 896
866 865
866 836
867 868
867 897
867 866
867 837
868 869
868 898
868 867
868 838
869 840
869 899
869 868
869 839
870 871
870 0
870 899
870 840
871 872
871 1
871 870
871 841
872 873
872 2
872 871
872 842
873 874
873 3
873 872
873 843
874 875
874 4
874 873
874 844
875 876
875 5
875 874
875 845
876 877
876 6
876 875
876 846
877 878
877 7
877 876
877 847
878 879
878 8
878 877
878 848
879 880
879 9
879 878
879 849
880 881
880 10
880 879
880 850
881 882
881 11
881 880
881 851
882 883
882 12
882 881
882 852
883 884
883 13
883 882
883 853
884 885
884 14
884 883
884 854
885 886
885 15
885 884
885 855
886 887
886 16
886 885
886 856
887 888
887 17
887 886
887 857
888 889
888 18
888 887
888 858
889 890
889 19
889 888
889 859
890 891
890 20
890 889
890 860
891 892
891 21
891 890
891 861
892 893
892 22
892 891
892 862
893 894
893 23
893 892
893 863
894 895
894 24
894 893
894 864
895 896
895 25
895 894
895 865
896 897
896 26
896 895
896 866
897 898
897 27
897 896
897 867
898 899
898 28
898 897
898 868
899 870
899 29
899 898
899 869
