0 0.726000
1 0.728000
2 0.740000
3 0.762000
4 0.762000
5 0.744000
6 0.752000
7 0.758000
8 0.750000
9 0.732000
10 0.746000
11 0.732000
12 0.732000
13 0.764000
14 0.764000
15 0.766000
16 0.764000
17 0.786000
18 0.786000
19 0.768000
20 0.766000
21 0.774000
22 0.756000
23 0.754000
24 0.762000
25 0.744000
26 0.714000
27 0.738000
28 0.704000
29 0.724000
30 0.744000
31 0.724000
32 0.732000
33 0.740000
34 0.736000
35 0.728000
36 0.774000
37 0.768000
38 0.708000
39 0.716000
40 0.728000
41 0.720000
42 0.738000
43 0.754000
44 0.766000
45 0.774000
46 0.766000
47 0.770000
48 0.754000
49 0.748000
50 0.736000
51 0.772000
52 0.778000
53 0.738000
54 0.742000
55 0.732000
56 0.730000
57 0.734000
58 0.752000
59 0.752000
60 0.770000
61 0.734000
62 0.746000
63 0.728000
64 0.756000
65 0.756000
66 0.752000
67 0.760000
68 0.716000
69 0.728000
70 0.740000
71 0.772000
72 0.738000
73 0.732000
74 0.750000
75 0.794000
76 0.768000
77 0.750000
78 0.740000
79 0.768000
80 0.742000
81 0.732000
82 0.756000
83 0.758000
84 0.718000
85 0.752000
86 0.748000
87 0.728000
88 0.764000
89 0.762000
90 0.718000
91 0.720000
92 0.700000
93 0.720000
94 0.756000
95 0.788000
96 0.782000
97 0.750000
98 0.716000
99 0.744000
100 0.710000
101 0.760000
102 0.768000
103 0.784000
104 0.740000
105 0.762000
106 0.770000
107 0.740000
108 0.748000
109 0.722000
110 0.728000
111 0.754000
112 0.714000
113 0.744000
114 0.726000
115 0.752000
116 0.756000
117 0.752000
118 0.794000
119 0.762000
120 0.734000
121 0.738000
122 0.750000
123 0.768000
124 0.758000
125 0.760000
126 0.724000
127 0.748000
128 0.724000
129 0.720000
130 0.730000
131 0.784000
132 0.772000
133 0.766000
134 0.724000
135 0.734000
136 0.740000
137 0.730000
138 0.736000
139 0.736000
140 0.740000
141 0.748000
142 0.750000
143 0.742000
144 0.728000
145 0.740000
146 0.742000
147 0.728000
148 0.768000
149 0.760000
150 0.738000
151 0.738000
152 0.778000
153 0.772000
154 0.738000
155 0.738000
156 0.748000
157 0.742000
158 0.762000
159 0.752000
160 0.764000
161 0.746000
162 0.754000
163 0.736000
164 0.734000
165 0.758000
166 0.740000
167 0.760000
168 0.754000
169 0.752000
170 0.790000
171 0.754000
172 0.768000
173 0.740000
174 0.724000
175 0.720000
176 0.718000
177 0.732000
178 0.710000
179 0.742000
180 0.762000
181 0.732000
182 0.748000
183 0.742000
184 0.742000
185 0.754000
186 0.766000
187 0.760000
188 0.778000
189 0.746000
190 0.774000
191 0.748000
192 0.756000
193 0.704000
194 0.738000
195 0.728000
196 0.758000
197 0.786000
198 0.778000
199 0.762000
200 0.744000
201 0.758000
202 0.756000
203 0.730000
204 0.732000
205 0.742000
206 0.700000
207 0.728000
208 0.734000
209 0.738000
210 0.768000
211 0.750000
212 0.722000
213 0.748000
214 0.746000
215 0.780000
216 0.744000
217 0.776000
218 0.764000
219 0.746000
220 0.732000
221 0.766000
222 0.752000
223 0.740000
224 0.760000
225 0.734000
226 0.726000
227 0.768000
228 0.796000
229 0.730000
230 0.734000
231 0.750000
232 0.748000
233 0.756000
234 0.732000
235 0.752000
236 0.742000
237 0.748000
238 0.744000
239 0.774000
240 0.740000
241 0.740000
242 0.748000
243 0.716000
244 0.736000
245 0.754000
246 0.750000
247 0.738000
248 0.772000
249 0.740000
250 0.752000
251 0.762000
252 0.756000
253 0.770000
254 0.758000
255 0.732000
256 0.796000
257 0.802000
258 0.770000
259 0.738000
260 0.758000
261 0.740000
262 0.756000
263 0.772000
264 0.732000
265 0.752000
266 0.764000
267 0.750000
268 0.772000
269 0.768000
270 0.744000
271 0.758000
272 0.764000
273 0.740000
274 0.716000
275 0.764000
276 0.768000
277 0.768000
278 0.766000
279 0.740000
280 0.740000
281 0.752000
282 0.742000
283 0.778000
284 0.734000
285 0.752000
286 0.776000
287 0.770000
288 0.772000
289 0.780000
290 0.776000
291 0.752000
292 0.746000
293 0.728000
294 0.748000
295 0.742000
296 0.736000
297 0.766000
298 0.774000
299 0.768000
300 0.736000
301 0.754000
302 0.764000
303 0.748000
304 0.740000
305 0.774000
306 0.754000
307 0.770000
308 0.746000
309 0.746000
310 0.742000
311 0.738000
312 0.746000
313 0.758000
314 0.746000
315 0.786000
316 0.772000
317 0.738000
318 0.762000
319 0.764000
320 0.778000
321 0.744000
322 0.750000
323 0.754000
324 0.740000
325 0.734000
326 0.754000
327 0.764000
328 0.762000
329 0.776000
330 0.754000
331 0.784000
332 0.778000
333 0.796000
334 0.762000
335 0.756000
336 0.752000
337 0.774000
338 0.754000
339 0.758000
340 0.736000
341 0.726000
342 0.748000
343 0.744000
344 0.776000
345 0.776000
346 0.750000
347 0.764000
348 0.760000
349 0.754000
350 0.776000
351 0.788000
352 0.742000
353 0.772000
354 0.762000
355 0.752000
356 0.766000
357 0.756000
358 0.736000
359 0.800000
360 0.750000
361 0.776000
362 0.790000
363 0.812000
364 0.794000
365 0.786000
366 0.754000
367 0.782000
368 0.774000
369 0.786000
370 0.732000
371 0.746000
372 0.782000
373 0.748000
374 0.780000
375 0.830000
376 0.778000
377 0.804000
378 0.772000
379 0.764000
380 0.728000
381 0.730000
382 0.728000
383 0.756000
384 0.772000
385 0.768000
386 0.764000
387 0.758000
388 0.760000
389 0.744000
390 0.760000
391 0.770000
392 0.782000
393 0.794000
394 0.774000
395 0.792000
396 0.768000
397 0.778000
398 0.784000
399 0.766000
400 0.740000
401 0.736000
402 0.752000
403 0.754000
404 0.774000
405 0.760000
406 0.752000
407 0.748000
408 0.738000
409 0.742000
410 0.738000
411 0.740000
412 0.726000
413 0.752000
414 0.780000
415 0.742000
416 0.752000
417 0.754000
418 0.740000
419 0.736000
420 0.742000
421 0.792000
422 0.758000
423 0.774000
424 0.778000
425 0.770000
426 0.790000
427 0.792000
428 0.768000
429 0.758000
430 0.736000
431 0.722000
432 0.742000
433 0.756000
434 0.766000
435 0.764000
436 0.760000
437 0.736000
438 0.766000
439 0.748000
440 0.722000
441 0.748000
442 0.762000
443 0.762000
444 0.772000
445 0.732000
446 0.738000
447 0.732000
448 0.730000
449 0.722000
