0 -0.002000
1 0.008000
2 -0.006000
3 0.058000
4 -0.064000
5 0.020000
6 0.016000
7 0.052000
8 0.018000
9 0.010000
10 0.040000
11 0.066000
12 0.024000
13 -0.008000
14 0.012000
15 0.046000
16 0.014000
17 -0.004000
18 -0.012000
19 -0.018000
20 -0.054000
21 0.002000
22 -0.044000
23 0.006000
24 0.026000
25 0.000000
26 -0.018000
27 -0.008000
28 0.010000
29 0.006000
30 -0.026000
31 0.006000
32 0.012000
33 -0.032000
34 0.030000
35 0.048000
36 0.070000
37 0.034000
38 0.014000
39 -0.012000
40 0.050000
41 0.028000
42 0.016000
43 0.014000
44 -0.014000
45 0.008000
46 0.024000
47 0.010000
48 -0.008000
49 -0.004000
50 -0.032000
51 -0.032000
52 -0.012000
53 0.026000
54 -0.006000
55 -0.010000
56 -0.012000
57 -0.052000
58 -0.024000
59 -0.016000
60 -0.048000
61 -0.044000
62 -0.064000
63 -0.018000
64 0.012000
65 0.030000
66 0.014000
67 0.020000
68 0.000000
69 0.048000
70 0.078000
71 0.062000
72 -0.020000
73 -0.022000
74 -0.040000
75 -0.020000
76 -0.020000
77 -0.016000
78 0.036000
79 0.070000
80 0.032000
81 -0.014000
82 0.010000
83 -0.016000
84 -0.038000
85 0.002000
86 0.034000
87 0.040000
88 -0.004000
89 0.028000
90 0.032000
91 -0.014000
92 0.038000
93 -0.040000
94 -0.046000
95 -0.038000
96 -0.034000
97 0.094000
98 0.004000
99 -0.012000
100 -0.014000
101 0.010000
102 0.034000
103 0.008000
104 -0.050000
105 -0.022000
106 -0.014000
107 -0.006000
108 0.018000
109 0.088000
110 0.040000
111 0.018000
112 0.000000
113 -0.016000
114 0.018000
115 -0.046000
116 0.030000
117 0.028000
118 -0.010000
119 0.002000
120 -0.002000
121 -0.008000
122 0.002000
123 -0.014000
124 -0.042000
125 -0.018000
126 0.018000
127 -0.036000
128 0.038000
129 -0.034000
130 0.014000
131 -0.034000
132 0.008000
133 -0.002000
134 0.012000
135 0.026000
136 -0.004000
137 0.008000
138 0.032000
139 0.046000
140 -0.030000
141 0.006000
142 -0.006000
143 -0.042000
144 0.008000
145 -0.038000
146 0.036000
147 0.042000
148 -0.040000
149 -0.018000
150 -0.002000
151 0.004000
152 -0.010000
153 -0.020000
154 0.010000
155 0.038000
156 0.042000
157 0.022000
158 -0.004000
159 -0.044000
160 -0.016000
161 0.014000
162 0.026000
163 0.004000
164 0.030000
165 -0.008000
166 -0.012000
167 0.006000
168 0.012000
169 0.064000
170 -0.022000
171 0.018000
172 -0.002000
173 -0.006000
174 -0.016000
175 0.056000
176 0.058000
177 0.056000
178 0.006000
179 -0.002000
180 -0.012000
181 -0.014000
182 0.012000
183 -0.066000
184 0.048000
185 -0.010000
186 0.050000
187 0.046000
188 -0.028000
189 -0.022000
190 -0.006000
191 0.040000
192 -0.028000
193 0.016000
194 -0.028000
195 -0.028000
196 -0.022000
197 0.016000
198 0.038000
199 0.046000
200 0.026000
201 0.046000
202 -0.006000
203 -0.008000
204 0.012000
205 -0.010000
206 0.002000
207 0.000000
208 -0.020000
209 -0.074000
210 -0.032000
211 -0.042000
212 -0.008000
213 -0.004000
214 0.014000
215 0.012000
216 -0.050000
217 0.006000
218 -0.024000
219 0.034000
220 0.032000
221 0.014000
222 0.004000
223 0.070000
224 0.064000
225 0.042000
226 -0.026000
227 -0.034000
228 -0.008000
229 0.028000
230 0.002000
231 0.042000
232 -0.064000
233 -0.038000
234 -0.054000
235 -0.022000
236 0.028000
237 -0.010000
238 -0.016000
239 -0.010000
240 -0.004000
241 0.004000
242 -0.024000
243 0.052000
244 -0.028000
245 0.022000
246 -0.030000
247 -0.038000
248 -0.006000
249 0.004000
250 0.000000
251 0.026000
252 0.048000
253 0.038000
254 -0.038000
255 0.004000
256 0.000000
257 -0.048000
258 -0.012000
259 -0.042000
260 0.012000
261 0.046000
262 -0.066000
263 -0.028000
264 -0.056000
265 -0.016000
266 -0.072000
267 0.010000
268 0.004000
269 -0.006000
270 0.006000
271 0.020000
272 -0.020000
273 0.022000
274 0.042000
275 0.036000
276 0.048000
277 -0.002000
278 -0.042000
279 -0.030000
280 -0.008000
281 0.004000
282 -0.002000
283 -0.022000
284 0.004000
285 0.048000
286 0.052000
287 -0.030000
288 -0.042000
289 -0.022000
290 -0.052000
291 0.048000
292 -0.086000
293 -0.028000
294 -0.018000
295 0.004000
296 -0.070000
297 -0.018000
298 -0.016000
299 0.002000
300 0.034000
301 0.006000
302 -0.024000
303 0.036000
304 -0.016000
305 -0.024000
306 0.050000
307 -0.068000
308 0.006000
309 -0.006000
310 0.038000
311 0.036000
312 -0.030000
313 -0.018000
314 -0.038000
315 -0.006000
316 0.030000
317 -0.016000
318 -0.036000
319 0.004000
320 0.020000
321 0.054000
322 -0.030000
323 -0.032000
324 -0.026000
325 0.046000
326 -0.004000
327 -0.048000
328 -0.006000
329 -0.036000
330 0.016000
331 -0.016000
332 0.006000
333 -0.002000
334 -0.050000
335 0.004000
336 0.010000
337 -0.004000
338 0.026000
339 -0.010000
340 0.016000
341 0.024000
342 -0.062000
343 0.008000
344 0.006000
345 -0.044000
346 -0.022000
347 -0.070000
348 -0.044000
349 0.006000
350 -0.054000
351 0.032000
352 -0.038000
353 -0.026000
354 -0.034000
355 0.034000
356 0.054000
357 -0.008000
358 0.022000
359 0.034000
360 0.024000
361 0.014000
362 -0.058000
363 -0.032000
364 0.018000
365 -0.030000
366 -0.024000
367 -0.016000
368 0.040000
369 -0.020000
370 -0.008000
371 0.008000
372 0.018000
373 0.012000
374 0.000000
375 0.040000
376 0.052000
377 0.028000
378 -0.076000
379 -0.060000
380 0.018000
381 0.058000
382 -0.004000
383 0.006000
384 0.048000
385 0.022000
386 -0.012000
387 0.042000
388 0.072000
389 0.016000
390 0.004000
391 -0.020000
392 0.014000
393 0.014000
394 -0.032000
395 -0.064000
396 0.010000
397 0.006000
398 -0.040000
399 0.004000
400 0.028000
401 -0.028000
402 0.030000
403 0.006000
404 0.046000
405 0.000000
406 0.028000
407 0.008000
408 0.018000
409 0.008000
410 0.018000
411 0.048000
412 -0.060000
413 0.020000
414 0.078000
415 -0.072000
416 -0.012000
417 -0.016000
418 0.030000
419 -0.008000
420 0.006000
421 -0.044000
422 0.000000
423 0.030000
424 0.004000
425 0.016000
426 -0.014000
427 -0.012000
428 -0.026000
429 -0.014000
430 -0.034000
431 -0.012000
432 0.014000
433 -0.076000
434 0.000000
435 -0.016000
436 -0.022000
437 -0.052000
438 -0.002000
439 0.018000
440 -0.030000
441 -0.010000
442 -0.066000
443 0.018000
444 0.046000
445 0.036000
446 0.012000
447 -0.002000
448 0.000000
449 -0.024000
450 0.006000
451 0.016000
452 -0.010000
453 -0.078000
454 0.004000
455 0.018000
456 -0.004000
457 -0.008000
458 0.054000
459 -0.026000
460 0.020000
461 0.046000
462 -0.002000
463 -0.010000
464 0.012000
465 0.024000
466 0.024000
467 0.032000
468 0.034000
469 0.048000
470 0.018000
471 -0.002000
472 -0.014000
473 0.006000
474 0.012000
475 -0.018000
476 0.004000
477 -0.010000
478 0.000000
479 0.040000
480 -0.066000
481 -0.058000
482 0.018000
483 -0.016000
484 -0.004000
485 0.014000
486 0.062000
487 0.026000
488 -0.036000
489 -0.010000
490 0.016000
491 0.040000
492 0.040000
493 0.004000
494 -0.020000
495 0.020000
496 -0.042000
497 -0.012000
498 -0.006000
499 0.028000
500 -0.030000
501 -0.046000
502 -0.030000
503 -0.020000
504 -0.004000
505 0.030000
506 -0.002000
507 0.038000
508 0.030000
509 0.056000
510 -0.050000
511 -0.042000
512 -0.028000
513 0.002000
514 -0.022000
515 0.012000
516 0.008000
517 0.008000
518 -0.030000
519 -0.064000
520 0.014000
521 -0.026000
522 0.014000
523 0.028000
524 -0.008000
525 0.006000
526 0.040000
527 -0.068000
528 -0.014000
529 -0.024000
530 0.022000
531 0.010000
532 -0.002000
533 0.004000
534 0.042000
535 -0.020000
536 -0.084000
537 0.038000
538 0.044000
539 -0.004000
540 -0.032000
541 -0.022000
542 -0.024000
543 -0.008000
544 0.034000
545 0.028000
546 0.006000
547 -0.004000
548 -0.030000
549 -0.028000
550 -0.012000
551 -0.010000
552 0.038000
553 -0.026000
554 0.038000
555 -0.030000
556 -0.006000
557 0.030000
558 -0.020000
559 0.012000
560 0.000000
561 -0.008000
562 -0.012000
563 0.086000
564 -0.012000
565 -0.048000
566 -0.060000
567 -0.002000
568 -0.020000
569 -0.034000
570 0.036000
571 0.022000
572 0.052000
573 -0.008000
574 -0.014000
575 0.022000
576 0.030000
577 0.056000
578 0.006000
579 0.030000
580 0.032000
581 0.012000
582 -0.008000
583 -0.014000
584 0.010000
585 -0.028000
586 0.030000
587 0.046000
588 0.006000
589 0.028000
590 -0.016000
591 0.040000
592 0.020000
593 -0.004000
594 -0.028000
595 0.020000
596 -0.026000
597 0.038000
598 0.030000
599 0.018000
600 -0.024000
601 0.004000
602 -0.036000
603 -0.018000
604 -0.034000
605 -0.020000
606 0.002000
607 0.048000
608 0.006000
609 0.002000
610 -0.016000
611 -0.012000
612 0.012000
613 -0.002000
614 -0.008000
615 -0.014000
616 0.016000
617 -0.020000
618 -0.002000
619 -0.022000
620 -0.068000
621 -0.014000
622 0.018000
623 -0.024000
624 0.016000
625 0.052000
626 -0.052000
627 -0.010000
628 -0.044000
629 0.020000
630 -0.028000
631 0.010000
632 -0.024000
633 -0.040000
634 -0.040000
635 0.016000
636 -0.072000
637 -0.036000
638 -0.050000
639 -0.050000
640 -0.020000
641 0.010000
642 0.002000
643 0.012000
644 0.030000
645 -0.068000
646 0.000000
647 -0.076000
648 0.018000
649 0.028000
650 -0.004000
651 0.020000
652 0.018000
653 0.078000
654 0.038000
655 0.048000
656 0.010000
657 0.000000
658 -0.004000
659 -0.030000
660 -0.044000
661 -0.050000
662 -0.048000
663 -0.034000
664 0.010000
665 0.008000
666 -0.018000
667 -0.044000
668 0.014000
669 -0.046000
670 -0.024000
671 0.018000
672 0.030000
673 -0.016000
674 -0.024000
675 -0.028000
676 -0.052000
677 -0.032000
678 -0.008000
679 -0.038000
680 -0.014000
681 -0.058000
682 -0.008000
683 0.014000
684 0.024000
685 0.066000
686 -0.030000
687 -0.026000
688 0.032000
689 -0.012000
690 -0.004000
691 -0.020000
692 0.006000
693 -0.016000
694 0.028000
695 0.014000
696 -0.010000
697 -0.018000
698 -0.034000
699 -0.010000
700 0.032000
701 -0.038000
702 -0.024000
703 0.014000
704 0.040000
705 0.032000
706 0.028000
707 -0.012000
708 -0.044000
709 0.038000
710 0.012000
711 -0.034000
712 -0.006000
713 0.032000
714 0.054000
715 0.022000
716 0.008000
717 0.016000
718 0.022000
719 0.008000
720 0.020000
721 -0.014000
722 0.012000
723 0.020000
724 -0.010000
725 0.032000
726 -0.036000
727 -0.004000
728 -0.008000
729 0.008000
730 0.030000
731 0.094000
732 -0.024000
733 0.000000
734 0.026000
735 0.040000
736 0.060000
737 0.020000
738 0.022000
739 -0.010000
740 -0.008000
741 -0.032000
742 0.026000
743 0.016000
744 -0.038000
745 0.008000
746 0.020000
747 -0.048000
748 0.060000
749 -0.032000
750 0.028000
751 0.018000
752 0.000000
753 -0.002000
754 -0.006000
755 0.006000
756 0.060000
757 0.030000
758 -0.026000
759 0.004000
760 0.012000
761 0.056000
762 0.002000
763 -0.026000
764 -0.026000
765 -0.008000
766 0.026000
767 -0.028000
768 0.004000
769 -0.006000
770 -0.060000
771 -0.056000
772 0.052000
773 -0.090000
774 0.020000
775 -0.040000
776 -0.004000
777 -0.008000
778 0.008000
779 -0.036000
780 -0.006000
781 0.022000
782 -0.034000
783 -0.018000
784 -0.020000
785 -0.010000
786 -0.008000
787 -0.036000
788 0.024000
789 0.038000
790 -0.052000
791 -0.004000
792 0.044000
793 0.006000
794 -0.020000
795 0.046000
796 0.036000
797 0.016000
798 0.030000
799 0.046000
800 -0.006000
801 -0.036000
802 0.000000
803 -0.028000
804 -0.052000
805 -0.024000
806 0.024000
807 -0.004000
808 0.004000
809 -0.014000
810 0.030000
811 0.028000
812 0.024000
813 0.044000
814 0.040000
815 -0.022000
816 0.012000
817 0.054000
818 0.034000
819 -0.024000
820 0.044000
821 -0.028000
822 0.032000
823 -0.026000
824 0.004000
825 -0.004000
826 -0.002000
827 -0.044000
828 0.028000
829 -0.014000
830 -0.022000
831 -0.012000
832 0.054000
833 0.012000
834 -0.020000
835 0.044000
836 0.000000
837 -0.032000
838 -0.016000
839 -0.042000
840 -0.044000
841 -0.012000
842 0.000000
843 -0.008000
844 0.010000
845 -0.016000
846 0.022000
847 0.040000
848 -0.018000
849 0.008000
850 -0.046000
851 -0.028000
852 -0.006000
853 -0.002000
854 -0.016000
855 -0.010000
856 -0.046000
857 -0.052000
858 -0.038000
859 0.024000
860 0.040000
861 0.068000
862 0.024000
863 0.020000
864 -0.038000
865 0.036000
866 0.020000
867 -0.008000
868 -0.032000
869 0.014000
870 -0.004000
871 0.008000
872 -0.008000
873 -0.018000
874 0.032000
875 0.040000
876 -0.012000
877 -0.036000
878 -0.040000
879 0.022000
880 -0.016000
881 0.024000
882 0.016000
883 0.044000
884 -0.020000
885 -0.006000
886 -0.010000
887 -0.006000
888 -0.008000
889 0.038000
890 0.018000
891 0.036000
892 -0.012000
893 0.034000
894 -0.038000
895 -0.008000
896 -0.016000
897 -0.030000
898 0.008000
899 0.020000
