0.840336 0.971931 0.104815
0.847458 0.970260 0.113537
0.854701 0.968594 0.127413
0.862069 0.966900 0.139599
0.869565 0.965153 0.152518
0.877193 0.963237 0.162020
0.884956 0.961031 0.175686
0.892857 0.958747 0.190035
0.900901 0.956184 0.210685
0.909091 0.953344 0.239958
0.917431 0.950764 0.255904
0.925926 0.947575 0.284731
0.934579 0.944235 0.312024
0.943396 0.940539 0.360773
0.952381 0.936575 0.396601
0.961538 0.932625 0.446160
0.970874 0.928106 0.510479
0.980392 0.922794 0.669079
0.990099 0.917600 0.680679
1.000000 0.911512 0.757115
1.010101 0.904737 0.894655
1.020408 0.896253 1.159180
1.030928 0.887308 1.267111
1.041667 0.877153 1.594102
1.052632 0.866241 2.099142
1.063830 0.853051 2.399216
1.075269 0.837602 3.239518
1.086957 0.817711 4.280266
1.098901 0.795365 5.685477
1.111111 0.768575 7.427296
1.123596 0.739236 11.101884
1.136364 0.702448 13.594026
1.149425 0.655376 17.458856
1.162791 0.601419 24.880412
1.176471 0.545456 32.189389
1.190476 0.480219 36.681481
1.204819 0.396141 41.278054
1.219512 0.322517 51.127730
1.234568 0.258425 46.133301
1.250000 0.182141 44.754987
1.265823 0.142734 44.545340
1.282051 0.096754 39.203301
1.298701 0.062494 32.268102
1.315789 0.033512 30.854990
1.333333 0.024545 28.696659
1.351351 0.013943 23.805541
1.369863 0.008256 20.975582
1.388889 0.006211 17.725835
1.408451 0.002456 18.058044
1.428571 0.004497 16.695886
