0.840336 0.972372 0.098219
0.847458 0.970798 0.105709
0.854701 0.969142 0.117384
0.862069 0.967414 0.131564
0.869565 0.965471 0.146079
0.877193 0.963400 0.155359
0.884956 0.961251 0.171952
0.892857 0.958897 0.188629
0.900901 0.956342 0.207633
0.909091 0.953784 0.231768
0.917431 0.950978 0.242999
0.925926 0.947960 0.261772
0.934579 0.944610 0.304686
0.943396 0.940967 0.338684
0.952381 0.937286 0.352900
0.961538 0.933448 0.385120
0.970874 0.928673 0.446620
0.980392 0.923694 0.521616
0.990099 0.917847 0.633110
1.000000 0.911543 0.703528
1.010101 0.904736 0.911215
1.020408 0.896944 1.060924
1.030928 0.888719 1.252708
1.041667 0.879638 1.440937
1.052632 0.868246 1.938686
1.063830 0.854510 2.619224
1.075269 0.839255 3.442212
1.086957 0.821915 3.968788
1.098901 0.798872 5.709917
1.111111 0.771668 8.005400
1.123596 0.744492 10.059966
1.136364 0.698551 16.094684
1.149425 0.656294 19.180724
1.162791 0.599089 25.765353
1.176471 0.544156 31.234411
1.190476 0.480057 37.307104
1.204819 0.400922 44.151873
1.219512 0.326896 47.523894
1.234568 0.253303 48.155810
1.250000 0.195531 46.039393
1.265823 0.136854 42.002922
1.282051 0.100120 38.978198
1.298701 0.057768 34.709651
1.315789 0.032191 30.269597
1.333333 0.023010 27.988953
1.351351 0.011043 22.964851
1.369863 0.008272 22.305005
1.388889 0.003410 20.403449
1.408451 0.003679 17.413450
1.428571 0.002124 14.937702
