0.840336 0.972170 0.110736
0.847458 0.970840 0.121238
0.854701 0.969355 0.127844
0.862069 0.967605 0.136376
0.869565 0.965750 0.146035
0.877193 0.963695 0.155989
0.884956 0.961255 0.165040
0.892857 0.958830 0.188932
0.900901 0.956500 0.195300
0.909091 0.953290 0.227370
0.917431 0.950410 0.255633
0.925926 0.946770 0.285767
0.934579 0.943605 0.307552
0.943396 0.939275 0.351680
0.952381 0.935530 0.385008
0.961538 0.931540 0.428211
0.970874 0.927245 0.485534
0.980392 0.921990 0.535296
0.990099 0.917005 0.588122
1.000000 0.911440 0.671431
1.010101 0.904240 0.805569
1.020408 0.896210 1.128634
1.030928 0.888305 1.191481
1.041667 0.877755 1.455134
1.052632 0.868015 1.656154
1.063830 0.852775 2.289950
1.075269 0.838065 3.164212
1.086957 0.816890 6.007331
1.098901 0.794340 6.709686
1.111111 0.763245 9.099838
1.123596 0.725655 14.272198
1.136364 0.689965 17.631270
1.149425 0.639845 24.384780
1.162791 0.581390 27.181527
1.176471 0.534825 31.567838
1.190476 0.461875 39.417084
1.204819 0.374305 47.361797
1.219512 0.304115 47.373457
1.234568 0.246050 47.354099
1.250000 0.183730 47.165515
1.265823 0.134450 42.019279
1.282051 0.102080 38.120989
1.298701 0.061180 34.103183
1.315789 0.034030 30.430024
1.333333 0.028745 26.280500
1.351351 0.025355 24.807820
1.369863 0.010345 20.859222
1.388889 0.008170 18.225160
1.408451 0.003365 15.853421
1.428571 0.002155 15.303872
