0.833333 0.973800 0.099760
0.847458 0.970733 0.112040
0.862069 0.967473 0.128699
0.877193 0.963629 0.154766
0.892857 0.958816 0.191888
0.909091 0.953658 0.234741
0.925926 0.948016 0.281167
0.943396 0.941384 0.341595
0.961538 0.933151 0.435481
0.980392 0.923011 0.629320
1.000000 0.911429 0.797194
1.005025 0.908360 0.812522
1.010101 0.905351 0.868371
1.015228 0.900856 1.034119
1.020408 0.895813 1.137789
1.025641 0.891344 1.345289
1.030928 0.887698 1.316839
1.036269 0.883596 1.353325
1.041667 0.878284 1.637662
1.047120 0.871409 2.008454
1.052632 0.866267 1.820985
1.058201 0.858289 2.278200
1.063830 0.851956 2.469296
1.069519 0.845944 2.685562
1.075269 0.836609 3.409499
1.081081 0.827769 4.227635
1.086957 0.818933 4.530283
1.092896 0.806287 5.662630
1.098901 0.793831 5.894773
1.104972 0.784887 7.176744
1.111111 0.764318 9.106674
1.117318 0.747158 10.712676
1.123596 0.735324 10.172405
1.129944 0.715624 14.196809
1.136364 0.704920 13.279112
1.142857 0.674867 18.236426
1.149425 0.649809 21.365274
1.156069 0.626898 22.507632
1.162791 0.597711 26.578814
1.169591 0.570929 30.413295
1.176471 0.538464 29.058718
1.183432 0.507418 33.905652
1.190476 0.479798 41.513239
1.197605 0.437329 41.904841
1.204819 0.388333 45.639882
1.212121 0.364071 45.479626
1.219512 0.330542 46.448287
1.226994 0.278167 49.771637
1.234568 0.250916 49.185903
1.242236 0.215182 48.015803
1.250000 0.203267 47.505418
1.257862 0.157956 48.389216
1.265823 0.141204 44.510294
1.273885 0.120753 43.576187
1.282051 0.095427 37.081452
1.290323 0.084131 38.872547
1.298701 0.059484 36.495325
1.307190 0.044369 32.353390
1.315789 0.041320 29.845543
1.324503 0.031300 29.240408
1.333333 0.023471 25.509601
1.342282 0.022396 24.840773
1.351351 0.014478 23.902843
1.360544 0.018609 21.744898
1.369863 0.005404 19.567073
1.379310 -0.001696 21.585328
1.388889 0.013080 18.283133
1.398601 0.002967 17.810475
1.408451 -0.002529 16.564262
1.418440 0.002124 15.665494
1.428571 -0.000811 15.483492
1.438849 0.008300 14.902163
1.449275 -0.002989 14.398773
1.459854 0.004860 12.722071
1.470588 -0.001420 13.082821
1.481481 -0.005164 12.742022
1.492537 0.002422 12.075484
1.503759 0.002082 11.489862
