0 1.000000 1.000000
1 0.938000 0.969000
2 0.876000 0.938000
3 0.800000 0.903500
4 0.768000 0.876400
5 0.750000 0.855333
6 0.736000 0.838286
7 0.700000 0.821000
8 0.680000 0.805333
9 0.636000 0.788400
10 0.654000 0.776182
11 0.608000 0.762167
12 0.608000 0.750308
13 0.610000 0.740286
14 0.616000 0.732000
15 0.578000 0.722375
16 0.514000 0.710118
17 0.518000 0.699444
18 0.492000 0.688526
19 0.474000 0.677800
20 0.506000 0.669619
21 0.518000 0.662727
22 0.520000 0.656522
23 0.524000 0.651000
24 0.476000 0.644000
25 0.486000 0.637923
26 0.492000 0.632519
27 0.472000 0.626786
28 0.442000 0.620414
29 0.454000 0.614867
30 0.434000 0.609032
31 0.376000 0.601750
32 0.380000 0.595030
33 0.388000 0.588941
34 0.390000 0.583257
35 0.374000 0.577444
36 0.352000 0.571351
37 0.340000 0.565263
38 0.346000 0.559641
39 0.336000 0.554050
40 0.308000 0.548049
41 0.276000 0.541571
42 0.278000 0.535442
43 0.280000 0.529636
44 0.268000 0.523822
45 0.290000 0.518739
46 0.282000 0.513702
47 0.302000 0.509292
48 0.270000 0.504408
49 0.224000 0.498800
50 0.206000 0.493059
51 0.270000 0.488769
52 0.248000 0.484226
53 0.180000 0.478593
54 0.254000 0.474509
55 0.218000 0.469929
56 0.236000 0.465825
57 0.222000 0.461621
58 0.234000 0.457763
59 0.206000 0.453567
60 0.218000 0.449705
61 0.180000 0.445355
62 0.166000 0.440921
63 0.204000 0.437219
64 0.190000 0.433415
65 0.168000 0.429394
66 0.212000 0.426149
67 0.188000 0.422647
68 0.132000 0.418435
69 0.186000 0.415114
70 0.196000 0.412028
71 0.214000 0.409278
72 0.166000 0.405945
73 0.158000 0.402595
74 0.168000 0.399467
75 0.128000 0.395895
76 0.160000 0.392831
77 0.138000 0.389564
78 0.164000 0.386709
79 0.100000 0.383125
80 0.108000 0.379728
81 0.096000 0.376268
82 0.080000 0.372699
83 0.082000 0.369238
84 0.092000 0.365976
85 0.056000 0.362372
86 0.056000 0.358851
87 0.016000 0.354955
88 0.074000 0.351798
89 0.114000 0.349156
90 0.112000 0.346549
91 0.092000 0.343783
92 0.052000 0.340645
93 0.056000 0.337617
94 0.056000 0.334653
95 0.108000 0.332292
96 0.124000 0.330144
97 0.050000 0.327286
98 0.062000 0.324606
99 0.086000 0.322220
100 0.058000 0.319604
101 0.104000 0.317490
102 0.064000 0.315029
103 0.068000 0.312654
104 0.086000 0.310495
105 0.070000 0.308226
106 0.072000 0.306019
107 0.052000 0.303667
108 0.044000 0.301284
109 0.008000 0.298618
110 0.060000 0.296468
111 0.074000 0.294482
112 0.044000 0.292265
113 -0.006000 0.289649
114 0.032000 0.287409
115 0.022000 0.285121
116 0.034000 0.282974
117 0.032000 0.280847
118 0.072000 0.279092
119 0.078000 0.277417
120 0.070000 0.275702
121 0.098000 0.274246
122 0.082000 0.272683
123 0.072000 0.271065
124 0.040000 0.269216
125 0.036000 0.267365
126 0.042000 0.265591
127 0.060000 0.263984
128 0.072000 0.262496
129 0.080000 0.261092
130 0.044000 0.259435
131 0.024000 0.257652
132 0.038000 0.256000
133 0.040000 0.254388
134 0.004000 0.252533
135 -0.012000 0.250588
136 0.000000 0.248759
137 0.024000 0.247130
138 0.024000 0.245525
139 -0.008000 0.243714
140 -0.016000 0.241872
141 -0.026000 0.239986
142 -0.036000 0.238056
143 -0.020000 0.236264
144 0.004000 0.234662
145 -0.032000 0.232836
146 -0.020000 0.231116
147 -0.016000 0.229446
148 -0.066000 0.227463
149 0.000000 0.225947
150 0.022000 0.224596
151 0.020000 0.223250
152 0.026000 0.221961
153 0.010000 0.220584
154 0.000000 0.219161
155 -0.022000 0.217615
156 0.002000 0.216242
157 0.018000 0.214987
158 0.048000 0.213937
159 -0.014000 0.212512
160 -0.004000 0.211168
161 0.034000 0.210074
162 0.042000 0.209043
163 0.004000 0.207793
164 0.044000 0.206800
165 0.034000 0.205759
166 0.008000 0.204575
167 0.028000 0.203524
168 0.036000 0.202533
169 0.010000 0.201400
170 -0.030000 0.200047
171 0.002000 0.198895
172 0.052000 0.198046
173 0.012000 0.196977
174 0.016000 0.195943
175 -0.030000 0.194659
176 -0.032000 0.193379
177 -0.034000 0.192101
178 -0.030000 0.190860
179 -0.002000 0.189789
180 -0.028000 0.188586
181 -0.002000 0.187538
182 0.000000 0.186514
183 0.010000 0.185554
184 0.032000 0.184724
185 -0.008000 0.183688
186 -0.008000 0.182663
187 0.022000 0.181809
188 0.014000 0.180921
189 0.024000 0.180095
190 0.002000 0.179162
191 0.040000 0.178437
192 0.040000 0.177720
193 0.018000 0.176897
194 0.028000 0.176133
195 0.052000 0.175500
196 0.062000 0.174924
197 0.056000 0.174323
198 0.060000 0.173749
199 0.032000 0.173040
200 0.056000 0.172458
201 0.034000 0.171772
202 0.044000 0.171143
203 -0.010000 0.170255
204 0.036000 0.169600
205 0.032000 0.168932
206 0.020000 0.168213
207 0.048000 0.167635
208 0.026000 0.166957
209 0.064000 0.166467
210 0.066000 0.165991
211 0.028000 0.165340
212 0.068000 0.164883
213 0.044000 0.164318
214 0.054000 0.163805
215 0.012000 0.163102
216 0.022000 0.162452
217 0.040000 0.161890
218 0.056000 0.161406
219 0.068000 0.160982
220 0.068000 0.160561
221 0.008000 0.159874
222 -0.002000 0.159148
223 0.002000 0.158446
224 0.046000 0.157947
225 0.018000 0.157327
226 0.032000 0.156775
227 0.040000 0.156263
228 0.070000 0.155886
229 0.046000 0.155409
230 0.050000 0.154952
231 0.014000 0.154345
232 0.052000 0.153906
233 0.062000 0.153513
234 0.030000 0.152987
235 0.032000 0.152475
236 0.060000 0.152084
237 0.028000 0.151563
238 0.040000 0.151096
239 0.080000 0.150800
240 0.052000 0.150390
241 0.054000 0.149992
242 0.014000 0.149432
243 0.056000 0.149049
244 0.064000 0.148702
245 0.114000 0.148561
246 0.072000 0.148251
247 0.010000 0.147694
248 -0.006000 0.147076
249 -0.022000 0.146400
250 0.020000 0.145896
251 0.018000 0.145389
252 0.000000 0.144814
253 0.014000 0.144299
254 0.018000 0.143804
255 0.014000 0.143297
256 0.018000 0.142809
257 0.012000 0.142302
258 0.054000 0.141961
259 0.004000 0.141431
260 0.014000 0.140943
261 -0.028000 0.140298
262 -0.016000 0.139703
263 -0.012000 0.139129
264 -0.050000 0.138415
265 -0.018000 0.137827
266 -0.036000 0.137176
267 0.022000 0.136746
268 0.012000 0.136283
269 0.010000 0.135815
270 -0.012000 0.135269
271 -0.032000 0.134654
272 0.002000 0.134168
273 0.008000 0.133708
274 0.024000 0.133309
275 -0.018000 0.132761
276 -0.004000 0.132267
277 -0.024000 0.131705
278 -0.022000 0.131154
279 -0.036000 0.130557
280 -0.020000 0.130021
281 -0.020000 0.129489
282 0.004000 0.129046
283 -0.044000 0.128437
284 0.024000 0.128070
285 0.034000 0.127741
286 0.000000 0.127296
287 0.010000 0.126889
288 -0.026000 0.126360
289 -0.018000 0.125862
290 0.000000 0.125430
291 -0.002000 0.124993
292 -0.044000 0.124416
293 -0.036000 0.123871
294 0.014000 0.123498
295 0.012000 0.123122
296 -0.002000 0.122700
297 0.016000 0.122342
298 0.004000 0.121946
299 -0.010000 0.121507
300 -0.012000 0.121063
301 0.010000 0.120695
302 0.026000 0.120383
303 -0.024000 0.119908
304 -0.034000 0.119403
305 -0.010000 0.118980
306 0.012000 0.118632
307 -0.010000 0.118214
308 0.022000 0.117903
309 0.018000 0.117581
310 -0.054000 0.117029
311 -0.054000 0.116481
312 -0.030000 0.116013
313 -0.064000 0.115439
314 -0.048000 0.114921
315 -0.026000 0.114475
316 -0.068000 0.113899
317 -0.064000 0.113340
318 -0.084000 0.112721
319 -0.062000 0.112175
320 -0.086000 0.111558
321 -0.086000 0.110944
322 -0.040000 0.110477
323 0.012000 0.110173
324 0.034000 0.109938
325 0.048000 0.109748
326 0.034000 0.109517
327 -0.030000 0.109091
328 0.000000 0.108760
329 -0.014000 0.108388
330 -0.012000 0.108024
331 -0.020000 0.107639
332 -0.002000 0.107309
333 -0.002000 0.106982
334 0.002000 0.106669
335 0.014000 0.106393
336 0.054000 0.106237
337 0.034000 0.106024
338 0.002000 0.105717
339 -0.004000 0.105394
340 0.016000 0.105132
341 -0.032000 0.104731
342 0.002000 0.104431
343 0.022000 0.104192
344 -0.010000 0.103861
345 0.036000 0.103665
346 0.066000 0.103556
347 0.056000 0.103420
348 0.088000 0.103375
349 0.090000 0.103337
350 0.030000 0.103128
351 0.042000 0.102955
352 0.056000 0.102822
353 0.044000 0.102655
354 0.002000 0.102372
355 -0.008000 0.102062
356 0.056000 0.101933
357 0.022000 0.101709
358 0.010000 0.101454
359 -0.014000 0.101133
360 0.010000 0.100881
361 -0.018000 0.100552
362 0.036000 0.100375
363 0.056000 0.100253
364 0.080000 0.100197
365 0.064000 0.100098
366 0.006000 0.099842
367 0.018000 0.099620
368 0.014000 0.099388
369 0.000000 0.099119
370 -0.038000 0.098749
371 -0.028000 0.098409
372 -0.006000 0.098129
373 -0.008000 0.097845
374 -0.018000 0.097536
375 -0.028000 0.097202
376 -0.028000 0.096870
377 -0.046000 0.096492
378 -0.010000 0.096211
379 0.030000 0.096037
380 -0.026000 0.095717
381 -0.010000 0.095440
382 -0.016000 0.095149
383 -0.006000 0.094885
384 -0.002000 0.094634
385 -0.014000 0.094352
386 -0.008000 0.094088
387 -0.038000 0.093747
388 -0.066000 0.093337
389 -0.048000 0.092974
390 -0.052000 0.092604
391 -0.054000 0.092230
392 -0.048000 0.091873
393 -0.038000 0.091543
394 0.022000 0.091367
395 -0.002000 0.091131
396 0.056000 0.091043
397 0.056000 0.090955
398 0.052000 0.090857
399 0.060000 0.090780
400 0.036000 0.090643
401 0.048000 0.090537
402 0.032000 0.090392
403 -0.014000 0.090134
404 -0.002000 0.089906
405 -0.018000 0.089640
406 0.042000 0.089523
407 -0.034000 0.089221
408 -0.018000 0.088958
409 -0.038000 0.088649
410 -0.038000 0.088341
411 -0.012000 0.088097
412 0.020000 0.087932
413 0.022000 0.087773
414 0.028000 0.087629
415 0.002000 0.087423
416 0.000000 0.087213
417 0.000000 0.087005
418 0.010000 0.086821
419 -0.014000 0.086581
420 0.020000 0.086423
421 -0.020000 0.086171
422 0.024000 0.086024
423 0.014000 0.085854
424 0.016000 0.085689
425 0.016000 0.085526
426 0.002000 0.085330
427 0.048000 0.085243
428 -0.012000 0.085016
429 0.006000 0.084833
430 -0.022000 0.084585
431 -0.024000 0.084333
432 0.052000 0.084259
433 0.066000 0.084217
434 -0.004000 0.084014
435 0.016000 0.083858
436 0.042000 0.083762
437 0.028000 0.083635
438 -0.008000 0.083426
439 0.012000 0.083264
440 0.024000 0.083129
441 -0.018000 0.082900
442 -0.002000 0.082709
443 0.018000 0.082563
444 -0.012000 0.082351
445 -0.004000 0.082157
446 -0.012000 0.081946
447 -0.014000 0.081732
448 -0.012000 0.081523
449 -0.004000 0.081333
450 -0.020000 0.081109
451 -0.008000 0.080912
452 -0.036000 0.080653
453 -0.014000 0.080445
454 -0.028000 0.080207
455 -0.026000 0.079974
456 -0.016000 0.079764
457 0.012000 0.079616
458 0.038000 0.079525
459 0.058000 0.079478
460 0.076000 0.079471
461 0.054000 0.079416
462 0.040000 0.079330
463 0.022000 0.079207
464 0.054000 0.079153
465 0.060000 0.079112
466 0.040000 0.079028
467 0.072000 0.079013
468 0.008000 0.078861
469 0.048000 0.078796
470 0.052000 0.078739
471 0.066000 0.078712
472 0.026000 0.078600
473 0.026000 0.078489
474 0.018000 0.078362
475 -0.004000 0.078189
476 -0.036000 0.077950
477 -0.042000 0.077699
478 0.002000 0.077541
479 0.040000 0.077463
480 0.012000 0.077326
481 0.018000 0.077203
482 0.046000 0.077139
483 0.090000 0.077165
484 0.046000 0.077101
485 0.024000 0.076992
486 0.046000 0.076928
487 0.036000 0.076844
488 0.062000 0.076814
489 0.024000 0.076706
490 0.030000 0.076611
491 0.020000 0.076496
492 0.024000 0.076389
493 0.060000 0.076356
494 0.068000 0.076339
495 0.026000 0.076238
496 0.072000 0.076229
497 0.042000 0.076161
498 0.016000 0.076040
499 0.010000 0.075908
500 0.006000 0.075768
501 0.002000 0.075622
502 0.018000 0.075507
503 0.000000 0.075357
504 0.008000 0.075224
505 0.006000 0.075087
506 0.010000 0.074959
507 -0.024000 0.074764
508 0.038000 0.074692
509 0.028000 0.074600
510 0.014000 0.074481
511 0.040000 0.074414
512 0.034000 0.074335
513 0.056000 0.074300
514 0.040000 0.074233
515 0.032000 0.074151
516 0.010000 0.074027
517 0.024000 0.073931
518 0.004000 0.073796
519 0.044000 0.073738
520 0.024000 0.073643
521 0.006000 0.073513
522 0.024000 0.073419
523 0.008000 0.073294
524 -0.032000 0.073093
525 -0.008000 0.072939
526 -0.036000 0.072732
527 -0.020000 0.072557
528 -0.062000 0.072302
529 -0.026000 0.072117
530 0.012000 0.072004
531 0.026000 0.071917
532 0.024000 0.071827
533 0.000000 0.071693
534 -0.032000 0.071499
535 -0.054000 0.071265
536 -0.020000 0.071095
537 -0.022000 0.070922
538 -0.004000 0.070783
539 0.000000 0.070652
540 0.024000 0.070566
541 -0.014000 0.070410
542 -0.048000 0.070192
543 -0.004000 0.070055
544 0.018000 0.069960
545 0.014000 0.069857
546 -0.026000 0.069682
547 -0.020000 0.069518
548 -0.026000 0.069344
549 -0.016000 0.069189
550 0.004000 0.069071
551 0.026000 0.068993
552 0.014000 0.068893
553 0.024000 0.068812
554 0.038000 0.068757
555 0.032000 0.068691
556 0.036000 0.068632
557 0.018000 0.068541
558 0.000000 0.068419
559 0.004000 0.068304
560 0.048000 0.068267
561 0.024000 0.068189
562 0.034000 0.068128
563 0.014000 0.068032
564 0.012000 0.067933
565 -0.014000 0.067788
566 -0.024000 0.067626
567 -0.004000 0.067500
568 -0.014000 0.067357
569 -0.026000 0.067193
570 -0.018000 0.067044
571 -0.014000 0.066902
572 0.006000 0.066796
573 0.024000 0.066721
574 0.040000 0.066675
575 0.010000 0.066576
576 0.012000 0.066482
577 0.002000 0.066370
578 -0.024000 0.066214
579 -0.016000 0.066072
580 0.012000 0.065979
581 -0.032000 0.065811
582 -0.002000 0.065695
583 0.018000 0.065613
584 0.020000 0.065535
585 0.014000 0.065447
586 0.004000 0.065342
587 0.008000 0.065245
588 0.018000 0.065165
589 -0.014000 0.065031
590 -0.038000 0.064856
591 -0.042000 0.064676
592 -0.030000 0.064516
593 -0.006000 0.064397
594 -0.010000 0.064272
595 -0.020000 0.064131
596 -0.002000 0.064020
597 0.002000 0.063916
598 -0.018000 0.063780
599 -0.010000 0.063657
600 0.004000 0.063557
601 0.016000 0.063478
602 -0.056000 0.063280
603 -0.006000 0.063166
604 -0.020000 0.063028
605 -0.024000 0.062884
606 0.004000 0.062787
607 -0.018000 0.062655
608 -0.030000 0.062502
609 0.040000 0.062466
610 0.016000 0.062390
611 -0.014000 0.062265
612 0.006000 0.062173
613 -0.008000 0.062059
614 -0.034000 0.061902
615 0.002000 0.061805
616 -0.016000 0.061679
617 0.018000 0.061608
618 0.004000 0.061515
619 -0.008000 0.061403
620 0.024000 0.061343
621 0.022000 0.061280
622 -0.014000 0.061159
623 -0.002000 0.061058
624 0.028000 0.061005
625 0.020000 0.060939
626 0.008000 0.060855
627 0.022000 0.060793
628 0.040000 0.060760
629 0.028000 0.060708
630 0.012000 0.060631
631 0.024000 0.060573
632 -0.012000 0.060458
633 -0.008000 0.060350
634 -0.038000 0.060195
635 -0.004000 0.060094
636 0.018000 0.060028
637 0.040000 0.059997
638 -0.004000 0.059897
639 0.004000 0.059809
640 -0.008000 0.059704
641 -0.008000 0.059598
642 -0.008000 0.059493
643 -0.010000 0.059385
644 -0.010000 0.059278
645 0.004000 0.059192
646 -0.006000 0.059091
647 0.016000 0.059025
648 0.018000 0.058961
649 -0.022000 0.058837
650 -0.034000 0.058694
651 -0.024000 0.058567
652 -0.032000 0.058429
653 -0.058000 0.058251
654 -0.046000 0.058092
655 -0.034000 0.057951
656 -0.016000 0.057839
657 -0.014000 0.057729
658 -0.014000 0.057621
659 -0.022000 0.057500
660 -0.038000 0.057356
661 0.014000 0.057290
662 -0.012000 0.057186
663 -0.004000 0.057093
664 -0.036000 0.056953
665 -0.012000 0.056850
666 -0.028000 0.056723
667 0.026000 0.056677
668 0.004000 0.056598
669 -0.028000 0.056472
670 -0.042000 0.056325
671 -0.032000 0.056193
672 -0.026000 0.056071
673 0.014000 0.056009
674 -0.014000 0.055905
675 -0.016000 0.055799
676 0.014000 0.055737
677 0.012000 0.055673
678 0.024000 0.055626
679 0.030000 0.055588
680 -0.022000 0.055474
681 -0.026000 0.055355
682 -0.052000 0.055198
683 0.000000 0.055117
684 0.030000 0.055080
685 -0.010000 0.054985
686 0.006000 0.054914
687 -0.002000 0.054831
688 -0.044000 0.054688
689 -0.006000 0.054600
690 -0.004000 0.054515
691 0.006000 0.054445
692 -0.024000 0.054332
693 -0.014000 0.054233
694 0.004000 0.054161
695 -0.058000 0.054000
696 -0.016000 0.053900
697 -0.030000 0.053779
698 -0.022000 0.053671
699 -0.054000 0.053517
700 -0.044000 0.053378
701 -0.024000 0.053268
702 -0.010000 0.053178
703 -0.030000 0.053060
704 -0.016000 0.052962
705 -0.008000 0.052875
706 -0.008000 0.052789
707 -0.020000 0.052686
708 -0.008000 0.052601
709 -0.036000 0.052476
710 -0.014000 0.052383
711 -0.022000 0.052278
712 -0.030000 0.052163
713 -0.010000 0.052076
714 -0.006000 0.051994
715 -0.010000 0.051908
716 -0.022000 0.051805
717 -0.008000 0.051721
718 0.018000 0.051675
719 0.000000 0.051603
720 -0.048000 0.051465
721 -0.026000 0.051357
722 -0.010000 0.051272
723 0.010000 0.051215
724 -0.038000 0.051092
725 -0.024000 0.050989
726 -0.022000 0.050889
727 -0.004000 0.050813
728 0.052000 0.050815
729 0.004000 0.050751
730 0.016000 0.050703
731 0.018000 0.050658
732 0.026000 0.050625
733 0.010000 0.050569
734 -0.022000 0.050471
735 0.014000 0.050421
736 -0.024000 0.050320
737 -0.024000 0.050220
738 -0.062000 0.050068
739 -0.012000 0.049984
740 0.024000 0.049949
741 0.000000 0.049881
742 0.006000 0.049822
743 0.008000 0.049766
744 0.066000 0.049788
745 0.062000 0.049804
746 0.094000 0.049863
747 0.092000 0.049920
748 0.052000 0.049923
749 0.026000 0.049891
750 0.032000 0.049867
751 0.038000 0.049851
752 0.028000 0.049822
753 0.040000 0.049809
754 -0.002000 0.049740
755 -0.006000 0.049667
756 -0.014000 0.049583
757 0.004000 0.049522
758 0.056000 0.049531
759 0.056000 0.049539
760 0.076000 0.049574
761 0.016000 0.049530
762 0.062000 0.049547
763 0.052000 0.049550
764 0.050000 0.049550
765 0.042000 0.049540
766 0.074000 0.049572
767 0.058000 0.049583
768 0.056000 0.049592
769 0.038000 0.049577
770 0.064000 0.049595
771 0.042000 0.049585
772 0.048000 0.049583
773 0.052000 0.049587
774 0.070000 0.049613
775 0.044000 0.049606
776 0.032000 0.049583
777 0.000000 0.049519
778 -0.004000 0.049451
779 0.000000 0.049387
780 0.012000 0.049339
781 0.008000 0.049286
782 -0.008000 0.049213
783 0.002000 0.049153
784 0.008000 0.049101
785 0.002000 0.049041
786 -0.004000 0.048973
787 0.002000 0.048914
788 -0.038000 0.048804
789 -0.032000 0.048701
790 -0.010000 0.048627
791 0.030000 0.048604
792 0.032000 0.048583
793 0.034000 0.048564
794 0.008000 0.048513
795 0.030000 0.048490
796 0.042000 0.048482
797 0.022000 0.048449
798 0.018000 0.048411
799 -0.010000 0.048337
800 0.012000 0.048292
801 -0.006000 0.048224
802 -0.006000 0.048157
803 0.000000 0.048097
804 -0.016000 0.048017
805 -0.014000 0.047940
806 -0.048000 0.047822
807 -0.042000 0.047710
808 -0.048000 0.047592
809 -0.058000 0.047462
810 -0.072000 0.047314
811 -0.074000 0.047165
812 -0.028000 0.047073
813 0.012000 0.047029
814 -0.030000 0.046935
815 -0.052000 0.046814
816 -0.004000 0.046752
817 -0.028000 0.046660
818 0.024000 0.046632
819 0.004000 0.046580
820 -0.036000 0.046480
821 -0.024000 0.046394
822 -0.008000 0.046328
823 0.004000 0.046277
824 -0.016000 0.046201
825 0.006000 0.046153
826 -0.006000 0.046089
827 0.004000 0.046039
828 -0.046000 0.045928
829 -0.046000 0.045817
830 -0.004000 0.045757
831 0.030000 0.045738
832 0.006000 0.045690
833 -0.012000 0.045621
834 0.020000 0.045590
835 0.012000 0.045550
836 0.016000 0.045515
837 -0.026000 0.045430
838 0.006000 0.045383
839 0.032000 0.045367
840 0.010000 0.045325
841 0.008000 0.045280
842 0.030000 0.045262
843 -0.004000 0.045204
844 -0.018000 0.045129
845 -0.022000 0.045050
846 -0.002000 0.044994
847 0.024000 0.044969
848 0.000000 0.044916
849 -0.012000 0.044849
850 -0.092000 0.044689
851 -0.064000 0.044561
852 -0.036000 0.044467
853 -0.052000 0.044354
854 -0.060000 0.044232
855 -0.030000 0.044145
856 -0.024000 0.044065
857 -0.018000 0.043993
858 0.004000 0.043946
859 0.020000 0.043919
860 0.028000 0.043900
861 0.034000 0.043889
862 0.020000 0.043861
863 0.000000 0.043810
864 -0.026000 0.043729
865 -0.028000 0.043647
866 -0.046000 0.043543
867 -0.022000 0.043468
868 0.014000 0.043434
869 -0.016000 0.043366
870 -0.002000 0.043313
871 -0.020000 0.043241
872 -0.028000 0.043159
873 0.002000 0.043112
874 -0.006000 0.043056
875 -0.004000 0.043002
876 -0.014000 0.042937
877 -0.040000 0.042843
878 0.008000 0.042803
879 -0.018000 0.042734
880 0.016000 0.042704
881 -0.016000 0.042637
882 0.030000 0.042623
883 0.002000 0.042577
884 0.000000 0.042529
885 0.042000 0.042528
886 0.048000 0.042534
887 0.056000 0.042550
888 0.054000 0.042562
889 0.050000 0.042571
890 0.046000 0.042575
891 0.030000 0.042561
892 0.044000 0.042562
893 0.038000 0.042557
894 0.018000 0.042530
895 0.024000 0.042509
896 0.048000 0.042515
897 0.048000 0.042521
898 0.026000 0.042503
899 0.000000 0.042456
900 -0.008000 0.042400
901 -0.006000 0.042346
902 -0.026000 0.042270
903 -0.014000 0.042208
904 -0.034000 0.042124
905 0.016000 0.042095
906 0.000000 0.042049
907 0.010000 0.042013
908 -0.014000 0.041952
909 0.006000 0.041912
910 0.006000 0.041873
911 0.046000 0.041877
912 0.014000 0.041847
913 0.064000 0.041871
914 0.016000 0.041843
915 0.002000 0.041799
916 0.028000 0.041784
917 0.008000 0.041747
918 0.006000 0.041708
919 0.018000 0.041683
920 0.012000 0.041650
921 0.008000 0.041614
922 -0.038000 0.041528
923 -0.026000 0.041455
924 -0.024000 0.041384
925 -0.022000 0.041315
926 -0.032000 0.041236
927 0.054000 0.041250
928 0.028000 0.041236
929 0.058000 0.041254
930 0.048000 0.041261
931 0.044000 0.041264
932 0.064000 0.041288
933 0.078000 0.041328
934 0.056000 0.041343
935 0.034000 0.041335
936 0.062000 0.041358
937 -0.010000 0.041303
938 -0.028000 0.041229
939 -0.004000 0.041181
940 0.004000 0.041141
941 0.000000 0.041098
942 -0.036000 0.041016
943 0.002000 0.040975
944 0.040000 0.040974
945 0.052000 0.040985
946 0.040000 0.040984
947 0.018000 0.040960
948 0.014000 0.040932
949 0.030000 0.040920
950 -0.014000 0.040862
951 -0.012000 0.040807
952 0.002000 0.040766
953 0.014000 0.040738
954 0.036000 0.040733
955 0.016000 0.040707
956 -0.018000 0.040646
957 0.018000 0.040622
958 0.024000 0.040605
959 0.022000 0.040585
960 0.042000 0.040587
961 0.082000 0.040630
962 0.070000 0.040660
963 -0.004000 0.040614
964 0.050000 0.040624
965 0.018000 0.040600
966 0.022000 0.040581
967 0.036000 0.040576
968 0.040000 0.040576
969 0.010000 0.040544
970 0.000000 0.040503
971 0.016000 0.040477
972 0.014000 0.040450
973 0.008000 0.040417
974 -0.014000 0.040361
975 0.004000 0.040324
976 -0.030000 0.040252
977 0.018000 0.040229
978 0.018000 0.040206
979 0.034000 0.040200
980 0.008000 0.040167
981 0.004000 0.040130
982 0.004000 0.040094
983 0.004000 0.040057
984 0.036000 0.040053
985 0.042000 0.040055
986 0.046000 0.040061
987 0.034000 0.040055
988 -0.002000 0.040012
989 0.048000 0.040020
990 0.058000 0.040038
991 0.040000 0.040038
992 -0.002000 0.039996
993 0.024000 0.039980
994 0.008000 0.039948
995 0.014000 0.039922
996 -0.004000 0.039878
997 0.042000 0.039880
998 0.024000 0.039864
999 0.036000 0.039860
