0 1.000000 1.000000
1 0.996000 0.998000
2 0.980000 0.992000
3 0.982000 0.989500
4 0.970000 0.985600
5 0.974000 0.983667
6 0.980000 0.983143
7 0.980000 0.982750
8 0.976000 0.982000
9 0.960000 0.979800
10 0.970000 0.978909
11 0.964000 0.977667
12 0.978000 0.977692
13 0.960000 0.976429
14 0.962000 0.975467
15 0.946000 0.973625
16 0.964000 0.973059
17 0.946000 0.971556
18 0.950000 0.970421
19 0.960000 0.969900
20 0.958000 0.969333
21 0.952000 0.968545
22 0.960000 0.968174
23 0.960000 0.967833
24 0.966000 0.967760
25 0.958000 0.967385
26 0.962000 0.967185
27 0.970000 0.967286
28 0.970000 0.967379
29 0.958000 0.967067
30 0.958000 0.966774
31 0.964000 0.966688
32 0.970000 0.966788
33 0.964000 0.966706
34 0.974000 0.966914
35 0.962000 0.966778
36 0.976000 0.967027
37 0.964000 0.966947
38 0.970000 0.967026
39 0.968000 0.967050
40 0.944000 0.966488
41 0.956000 0.966238
42 0.956000 0.966000
43 0.956000 0.965773
44 0.964000 0.965733
45 0.956000 0.965522
46 0.968000 0.965574
47 0.958000 0.965417
48 0.954000 0.965184
49 0.962000 0.965120
50 0.964000 0.965098
51 0.980000 0.965385
52 0.968000 0.965434
53 0.958000 0.965296
54 0.964000 0.965273
55 0.956000 0.965107
56 0.964000 0.965088
57 0.960000 0.965000
58 0.954000 0.964814
59 0.968000 0.964867
60 0.960000 0.964787
61 0.954000 0.964613
62 0.950000 0.964381
63 0.958000 0.964281
64 0.962000 0.964246
65 0.972000 0.964364
66 0.962000 0.964328
67 0.960000 0.964265
68 0.966000 0.964290
69 0.960000 0.964229
70 0.970000 0.964310
71 0.976000 0.964472
72 0.962000 0.964438
73 0.956000 0.964324
74 0.974000 0.964453
75 0.968000 0.964500
76 0.964000 0.964494
77 0.980000 0.964692
78 0.976000 0.964835
79 0.954000 0.964700
80 0.958000 0.964617
81 0.946000 0.964390
82 0.946000 0.964169
83 0.952000 0.964024
84 0.940000 0.963741
85 0.944000 0.963512
86 0.950000 0.963356
87 0.954000 0.963250
88 0.944000 0.963034
89 0.960000 0.963000
90 0.966000 0.963033
91 0.944000 0.962826
92 0.946000 0.962645
93 0.956000 0.962574
94 0.970000 0.962653
95 0.958000 0.962604
96 0.956000 0.962536
97 0.960000 0.962510
98 0.952000 0.962404
99 0.958000 0.962360
100 0.946000 0.962198
101 0.950000 0.962078
102 0.958000 0.962039
103 0.954000 0.961962
104 0.964000 0.961981
105 0.948000 0.961849
106 0.954000 0.961776
107 0.962000 0.961778
108 0.976000 0.961908
109 0.980000 0.962073
110 0.980000 0.962234
111 0.968000 0.962286
112 0.972000 0.962372
113 0.986000 0.962579
114 0.958000 0.962539
115 0.960000 0.962517
116 0.968000 0.962564
117 0.976000 0.962678
118 0.984000 0.962857
119 0.970000 0.962917
120 0.964000 0.962926
121 0.960000 0.962902
122 0.966000 0.962927
123 0.966000 0.962952
124 0.960000 0.962928
125 0.964000 0.962937
126 0.966000 0.962961
127 0.964000 0.962969
128 0.970000 0.963023
129 0.970000 0.963077
130 0.952000 0.962992
131 0.964000 0.963000
132 0.968000 0.963038
133 0.966000 0.963060
134 0.966000 0.963081
135 0.950000 0.962985
136 0.970000 0.963036
137 0.970000 0.963087
138 0.976000 0.963180
139 0.980000 0.963300
140 0.970000 0.963348
141 0.978000 0.963451
142 0.974000 0.963524
143 0.964000 0.963528
144 0.968000 0.963559
145 0.962000 0.963548
146 0.974000 0.963619
147 0.980000 0.963730
148 0.982000 0.963852
149 0.982000 0.963973
150 0.964000 0.963974
151 0.972000 0.964026
152 0.970000 0.964065
153 0.966000 0.964078
154 0.962000 0.964065
155 0.970000 0.964103
156 0.948000 0.964000
157 0.950000 0.963911
158 0.952000 0.963836
159 0.968000 0.963862
160 0.964000 0.963863
161 0.954000 0.963802
162 0.950000 0.963718
163 0.960000 0.963695
164 0.962000 0.963685
165 0.966000 0.963699
166 0.978000 0.963784
167 0.970000 0.963821
168 0.974000 0.963882
169 0.968000 0.963906
170 0.964000 0.963906
171 0.972000 0.963953
172 0.964000 0.963954
173 0.968000 0.963977
174 0.966000 0.963989
175 0.964000 0.963989
176 0.968000 0.964011
177 0.968000 0.964034
178 0.954000 0.963978
179 0.974000 0.964033
180 0.984000 0.964144
181 0.974000 0.964198
182 0.968000 0.964219
183 0.962000 0.964207
184 0.974000 0.964259
185 0.978000 0.964333
186 0.964000 0.964332
187 0.956000 0.964287
188 0.950000 0.964212
189 0.970000 0.964242
190 0.960000 0.964220
191 0.960000 0.964198
192 0.956000 0.964155
193 0.972000 0.964196
194 0.956000 0.964154
195 0.966000 0.964163
196 0.976000 0.964223
197 0.970000 0.964253
198 0.960000 0.964231
199 0.958000 0.964200
200 0.966000 0.964209
201 0.962000 0.964198
202 0.964000 0.964197
203 0.970000 0.964225
204 0.972000 0.964263
205 0.966000 0.964272
206 0.962000 0.964261
207 0.976000 0.964317
208 0.972000 0.964354
209 0.982000 0.964438
210 0.970000 0.964464
211 0.964000 0.964462
212 0.978000 0.964526
213 0.964000 0.964523
214 0.960000 0.964502
215 0.972000 0.964537
216 0.972000 0.964571
217 0.976000 0.964624
218 0.970000 0.964648
219 0.972000 0.964682
220 0.968000 0.964697
221 0.968000 0.964712
222 0.964000 0.964709
223 0.958000 0.964679
224 0.968000 0.964693
225 0.966000 0.964699
226 0.964000 0.964696
227 0.962000 0.964684
228 0.950000 0.964620
229 0.962000 0.964609
230 0.966000 0.964615
231 0.966000 0.964621
232 0.964000 0.964618
233 0.964000 0.964615
234 0.952000 0.964562
235 0.968000 0.964576
236 0.968000 0.964591
237 0.966000 0.964597
238 0.964000 0.964594
239 0.962000 0.964583
240 0.960000 0.964564
241 0.970000 0.964587
242 0.968000 0.964601
243 0.974000 0.964639
244 0.962000 0.964629
245 0.952000 0.964577
246 0.950000 0.964518
247 0.956000 0.964484
248 0.958000 0.964458
249 0.962000 0.964448
250 0.966000 0.964454
251 0.958000 0.964429
252 0.970000 0.964451
253 0.966000 0.964457
254 0.962000 0.964447
255 0.962000 0.964437
256 0.964000 0.964436
257 0.948000 0.964372
258 0.974000 0.964409
259 0.972000 0.964438
260 0.972000 0.964467
261 0.978000 0.964519
262 0.978000 0.964570
263 0.964000 0.964568
264 0.968000 0.964581
265 0.974000 0.964617
266 0.978000 0.964667
267 0.986000 0.964746
268 0.974000 0.964781
269 0.970000 0.964800
270 0.964000 0.964797
271 0.966000 0.964801
272 0.978000 0.964850
273 0.974000 0.964883
274 0.968000 0.964895
275 0.964000 0.964891
276 0.964000 0.964888
277 0.966000 0.964892
278 0.972000 0.964918
279 0.958000 0.964893
280 0.974000 0.964925
281 0.966000 0.964929
282 0.962000 0.964919
283 0.962000 0.964908
284 0.956000 0.964877
285 0.956000 0.964846
286 0.970000 0.964864
287 0.952000 0.964819
288 0.958000 0.964796
289 0.974000 0.964828
290 0.958000 0.964804
291 0.966000 0.964808
292 0.962000 0.964799
293 0.962000 0.964789
294 0.962000 0.964780
295 0.962000 0.964770
296 0.958000 0.964747
297 0.974000 0.964779
298 0.968000 0.964789
299 0.966000 0.964793
300 0.956000 0.964764
301 0.962000 0.964755
302 0.940000 0.964673
303 0.952000 0.964632
304 0.958000 0.964610
305 0.964000 0.964608
306 0.956000 0.964580
307 0.964000 0.964578
308 0.972000 0.964602
309 0.976000 0.964639
310 0.968000 0.964650
311 0.956000 0.964622
312 0.966000 0.964626
313 0.972000 0.964650
314 0.970000 0.964667
315 0.966000 0.964671
316 0.968000 0.964681
317 0.946000 0.964623
318 0.960000 0.964608
319 0.956000 0.964581
320 0.966000 0.964586
321 0.958000 0.964565
322 0.962000 0.964557
323 0.964000 0.964556
324 0.962000 0.964548
325 0.958000 0.964528
326 0.966000 0.964532
327 0.956000 0.964506
328 0.950000 0.964462
329 0.952000 0.964424
330 0.960000 0.964411
331 0.970000 0.964428
332 0.960000 0.964414
333 0.968000 0.964425
334 0.962000 0.964418
335 0.964000 0.964417
336 0.962000 0.964409
337 0.966000 0.964414
338 0.966000 0.964419
339 0.968000 0.964429
340 0.962000 0.964422
341 0.954000 0.964392
342 0.962000 0.964385
343 0.966000 0.964390
344 0.960000 0.964377
345 0.958000 0.964358
346 0.958000 0.964340
347 0.968000 0.964351
348 0.962000 0.964344
349 0.956000 0.964320
350 0.958000 0.964302
351 0.970000 0.964318
352 0.972000 0.964340
353 0.966000 0.964345
354 0.974000 0.964372
355 0.962000 0.964365
356 0.962000 0.964359
357 0.964000 0.964358
358 0.964000 0.964357
359 0.964000 0.964356
360 0.954000 0.964327
361 0.958000 0.964309
362 0.952000 0.964275
363 0.968000 0.964286
364 0.974000 0.964312
365 0.968000 0.964322
366 0.950000 0.964283
367 0.960000 0.964272
368 0.976000 0.964304
369 0.974000 0.964330
370 0.966000 0.964334
371 0.964000 0.964333
372 0.958000 0.964316
373 0.958000 0.964299
374 0.976000 0.964331
375 0.970000 0.964346
376 0.966000 0.964350
377 0.962000 0.964344
378 0.962000 0.964338
379 0.978000 0.964374
380 0.972000 0.964394
381 0.974000 0.964419
382 0.958000 0.964402
383 0.966000 0.964406
384 0.970000 0.964421
385 0.974000 0.964446
386 0.972000 0.964465
387 0.966000 0.964469
388 0.960000 0.964458
389 0.952000 0.964426
390 0.968000 0.964435
391 0.968000 0.964444
392 0.972000 0.964463
393 0.972000 0.964482
394 0.972000 0.964501
395 0.954000 0.964475
396 0.960000 0.964463
397 0.962000 0.964457
398 0.952000 0.964426
399 0.962000 0.964420
400 0.976000 0.964449
401 0.962000 0.964443
402 0.974000 0.964467
403 0.966000 0.964470
404 0.964000 0.964469
405 0.954000 0.964443
406 0.968000 0.964452
407 0.960000 0.964441
408 0.960000 0.964430
409 0.964000 0.964429
410 0.966000 0.964433
411 0.948000 0.964393
412 0.938000 0.964329
413 0.950000 0.964295
414 0.962000 0.964289
415 0.958000 0.964274
416 0.964000 0.964273
417 0.972000 0.964292
418 0.966000 0.964296
419 0.964000 0.964295
420 0.974000 0.964318
421 0.960000 0.964308
422 0.958000 0.964293
423 0.956000 0.964274
424 0.976000 0.964301
425 0.960000 0.964291
426 0.964000 0.964290
427 0.952000 0.964262
428 0.962000 0.964256
429 0.962000 0.964251
430 0.958000 0.964237
431 0.970000 0.964250
432 0.966000 0.964254
433 0.974000 0.964276
434 0.968000 0.964285
435 0.970000 0.964298
436 0.956000 0.964279
437 0.958000 0.964265
438 0.956000 0.964246
439 0.950000 0.964214
440 0.948000 0.964177
441 0.968000 0.964186
442 0.976000 0.964212
443 0.958000 0.964198
444 0.956000 0.964180
445 0.948000 0.964143
446 0.964000 0.964143
447 0.960000 0.964134
448 0.964000 0.964134
449 0.956000 0.964116
450 0.972000 0.964133
451 0.972000 0.964150
452 0.962000 0.964146
453 0.974000 0.964167
454 0.978000 0.964198
455 0.970000 0.964211
456 0.986000 0.964258
457 0.972000 0.964275
458 0.976000 0.964301
459 0.974000 0.964322
460 0.970000 0.964334
461 0.966000 0.964338
462 0.966000 0.964341
463 0.966000 0.964345
464 0.956000 0.964327
465 0.960000 0.964318
466 0.966000 0.964321
467 0.974000 0.964342
468 0.956000 0.964324
469 0.950000 0.964294
470 0.954000 0.964272
471 0.962000 0.964267
472 0.964000 0.964266
473 0.962000 0.964262
474 0.958000 0.964248
475 0.964000 0.964248
476 0.968000 0.964256
477 0.952000 0.964230
478 0.962000 0.964225
479 0.962000 0.964221
480 0.972000 0.964237
481 0.966000 0.964241
482 0.972000 0.964257
483 0.968000 0.964264
484 0.952000 0.964239
485 0.958000 0.964226
486 0.950000 0.964197
487 0.962000 0.964193
488 0.960000 0.964184
489 0.960000 0.964176
490 0.974000 0.964196
491 0.982000 0.964232
492 0.986000 0.964276
493 0.984000 0.964316
494 0.988000 0.964364
495 0.966000 0.964367
496 0.970000 0.964378
497 0.972000 0.964394
498 0.960000 0.964385
499 0.960000 0.964376
500 0.960000 0.964367
501 0.964000 0.964367
502 0.968000 0.964374
503 0.968000 0.964381
504 0.978000 0.964408
505 0.960000 0.964399
506 0.960000 0.964391
507 0.960000 0.964382
508 0.960000 0.964373
509 0.964000 0.964373
510 0.970000 0.964384
511 0.964000 0.964383
512 0.956000 0.964366
513 0.964000 0.964366
514 0.954000 0.964346
515 0.964000 0.964345
516 0.966000 0.964348
517 0.968000 0.964355
518 0.964000 0.964355
519 0.968000 0.964362
520 0.968000 0.964369
521 0.970000 0.964379
522 0.960000 0.964371
523 0.960000 0.964363
524 0.972000 0.964377
525 0.958000 0.964365
526 0.974000 0.964383
527 0.978000 0.964409
528 0.982000 0.964442
529 0.964000 0.964442
530 0.958000 0.964429
531 0.956000 0.964414
532 0.962000 0.964409
533 0.968000 0.964416
534 0.958000 0.964404
535 0.970000 0.964414
536 0.956000 0.964399
537 0.970000 0.964409
538 0.964000 0.964408
539 0.968000 0.964415
540 0.962000 0.964410
541 0.950000 0.964384
542 0.950000 0.964357
543 0.954000 0.964338
544 0.958000 0.964327
545 0.960000 0.964319
546 0.974000 0.964336
547 0.970000 0.964347
548 0.974000 0.964364
549 0.966000 0.964367
550 0.956000 0.964352
551 0.954000 0.964333
552 0.964000 0.964333
553 0.954000 0.964314
554 0.954000 0.964295
555 0.962000 0.964291
556 0.950000 0.964266
557 0.974000 0.964283
558 0.964000 0.964283
559 0.954000 0.964264
560 0.960000 0.964257
561 0.962000 0.964253
562 0.974000 0.964270
563 0.964000 0.964270
564 0.960000 0.964262
565 0.962000 0.964258
566 0.964000 0.964257
567 0.944000 0.964222
568 0.950000 0.964197
569 0.968000 0.964204
570 0.968000 0.964210
571 0.960000 0.964203
572 0.948000 0.964175
573 0.956000 0.964160
574 0.962000 0.964157
575 0.958000 0.964146
576 0.958000 0.964135
577 0.960000 0.964128
578 0.952000 0.964107
579 0.964000 0.964107
580 0.950000 0.964083
581 0.970000 0.964093
582 0.962000 0.964089
583 0.958000 0.964079
584 0.968000 0.964085
585 0.966000 0.964089
586 0.970000 0.964099
587 0.968000 0.964105
588 0.958000 0.964095
589 0.972000 0.964108
590 0.964000 0.964108
591 0.974000 0.964125
592 0.964000 0.964125
593 0.962000 0.964121
594 0.968000 0.964128
595 0.960000 0.964121
596 0.962000 0.964117
597 0.976000 0.964137
598 0.970000 0.964147
599 0.972000 0.964160
600 0.958000 0.964150
601 0.960000 0.964143
602 0.954000 0.964126
603 0.954000 0.964109
604 0.968000 0.964116
605 0.960000 0.964109
606 0.952000 0.964089
607 0.974000 0.964105
608 0.966000 0.964108
609 0.970000 0.964118
610 0.960000 0.964111
611 0.954000 0.964095
612 0.970000 0.964104
613 0.964000 0.964104
614 0.960000 0.964098
615 0.952000 0.964078
616 0.966000 0.964081
617 0.954000 0.964065
618 0.954000 0.964048
619 0.958000 0.964039
620 0.956000 0.964026
621 0.956000 0.964013
622 0.954000 0.963997
623 0.960000 0.963990
624 0.960000 0.963984
625 0.954000 0.963968
626 0.964000 0.963968
627 0.968000 0.963975
628 0.958000 0.963965
629 0.952000 0.963946
630 0.962000 0.963943
631 0.954000 0.963927
632 0.962000 0.963924
633 0.946000 0.963896
634 0.962000 0.963893
635 0.958000 0.963884
636 0.968000 0.963890
637 0.952000 0.963871
638 0.950000 0.963850
639 0.954000 0.963834
640 0.960000 0.963828
641 0.952000 0.963810
642 0.944000 0.963779
643 0.950000 0.963758
644 0.954000 0.963743
645 0.964000 0.963743
646 0.978000 0.963765
647 0.964000 0.963765
648 0.962000 0.963763
649 0.962000 0.963760
650 0.964000 0.963760
651 0.970000 0.963770
652 0.968000 0.963776
653 0.968000 0.963783
654 0.966000 0.963786
655 0.962000 0.963784
656 0.954000 0.963769
657 0.954000 0.963754
658 0.962000 0.963751
659 0.960000 0.963745
660 0.968000 0.963752
661 0.972000 0.963764
662 0.972000 0.963777
663 0.966000 0.963780
664 0.968000 0.963786
665 0.952000 0.963769
666 0.960000 0.963763
667 0.962000 0.963760
668 0.962000 0.963758
669 0.970000 0.963767
670 0.968000 0.963773
671 0.960000 0.963768
672 0.958000 0.963759
673 0.962000 0.963757
674 0.972000 0.963769
675 0.974000 0.963784
676 0.960000 0.963778
677 0.958000 0.963770
678 0.962000 0.963767
679 0.966000 0.963771
680 0.958000 0.963762
681 0.976000 0.963780
682 0.972000 0.963792
683 0.968000 0.963798
684 0.968000 0.963804
685 0.972000 0.963816
686 0.978000 0.963837
687 0.964000 0.963837
688 0.974000 0.963852
689 0.960000 0.963846
690 0.960000 0.963841
691 0.966000 0.963844
692 0.946000 0.963818
693 0.962000 0.963816
694 0.964000 0.963816
695 0.966000 0.963819
696 0.954000 0.963805
697 0.952000 0.963788
698 0.948000 0.963765
699 0.950000 0.963746
700 0.956000 0.963735
701 0.958000 0.963726
702 0.954000 0.963713
703 0.958000 0.963705
704 0.964000 0.963705
705 0.968000 0.963711
706 0.964000 0.963711
707 0.958000 0.963703
708 0.956000 0.963693
709 0.940000 0.963659
710 0.960000 0.963654
711 0.958000 0.963646
712 0.954000 0.963633
713 0.958000 0.963625
714 0.956000 0.963614
715 0.958000 0.963606
716 0.970000 0.963615
717 0.970000 0.963624
718 0.974000 0.963638
719 0.968000 0.963644
720 0.952000 0.963628
721 0.970000 0.963637
722 0.974000 0.963651
723 0.962000 0.963649
724 0.966000 0.963652
725 0.964000 0.963653
726 0.964000 0.963653
727 0.970000 0.963662
728 0.964000 0.963663
729 0.966000 0.963666
730 0.972000 0.963677
731 0.968000 0.963683
732 0.974000 0.963697
733 0.944000 0.963670
734 0.960000 0.963665
735 0.956000 0.963655
736 0.972000 0.963666
737 0.956000 0.963656
738 0.960000 0.963651
739 0.962000 0.963649
740 0.964000 0.963649
741 0.968000 0.963655
742 0.962000 0.963653
743 0.962000 0.963651
744 0.970000 0.963659
745 0.966000 0.963662
746 0.958000 0.963655
747 0.974000 0.963668
748 0.970000 0.963677
749 0.968000 0.963683
750 0.958000 0.963675
751 0.970000 0.963684
752 0.964000 0.963684
753 0.960000 0.963679
754 0.968000 0.963685
755 0.954000 0.963672
756 0.958000 0.963664
757 0.976000 0.963681
758 0.966000 0.963684
759 0.964000 0.963684
760 0.976000 0.963700
761 0.968000 0.963706
762 0.956000 0.963696
763 0.966000 0.963699
764 0.972000 0.963710
765 0.964000 0.963710
766 0.966000 0.963713
767 0.956000 0.963703
768 0.958000 0.963696
769 0.974000 0.963709
770 0.960000 0.963704
771 0.948000 0.963684
772 0.954000 0.963671
773 0.960000 0.963667
774 0.966000 0.963670
775 0.958000 0.963662
776 0.948000 0.963642
777 0.950000 0.963625
778 0.960000 0.963620
779 0.962000 0.963618
780 0.976000 0.963634
781 0.986000 0.963662
782 0.980000 0.963683
783 0.956000 0.963673
784 0.968000 0.963679
785 0.974000 0.963692
786 0.980000 0.963713
787 0.970000 0.963721
788 0.974000 0.963734
789 0.968000 0.963739
790 0.964000 0.963740
791 0.950000 0.963722
792 0.958000 0.963715
793 0.954000 0.963703
794 0.968000 0.963708
795 0.972000 0.963719
796 0.970000 0.963726
797 0.956000 0.963717
798 0.974000 0.963730
799 0.966000 0.963732
800 0.968000 0.963738
801 0.948000 0.963718
802 0.954000 0.963706
803 0.946000 0.963684
804 0.954000 0.963672
805 0.958000 0.963665
806 0.968000 0.963670
807 0.968000 0.963676
808 0.950000 0.963659
809 0.954000 0.963647
810 0.972000 0.963657
811 0.966000 0.963660
812 0.976000 0.963675
813 0.976000 0.963690
814 0.964000 0.963691
815 0.970000 0.963699
816 0.972000 0.963709
817 0.968000 0.963714
818 0.966000 0.963717
819 0.960000 0.963712
820 0.966000 0.963715
821 0.964000 0.963715
822 0.970000 0.963723
823 0.974000 0.963735
824 0.962000 0.963733
825 0.968000 0.963738
826 0.946000 0.963717
827 0.964000 0.963717
828 0.962000 0.963715
829 0.956000 0.963706
830 0.972000 0.963716
831 0.960000 0.963712
832 0.966000 0.963714
833 0.968000 0.963719
834 0.968000 0.963725
835 0.972000 0.963734
836 0.962000 0.963732
837 0.960000 0.963728
838 0.954000 0.963716
839 0.962000 0.963714
840 0.946000 0.963693
841 0.958000 0.963686
842 0.958000 0.963680
843 0.958000 0.963673
844 0.968000 0.963678
845 0.968000 0.963683
846 0.976000 0.963698
847 0.972000 0.963708
848 0.950000 0.963691
849 0.946000 0.963671
850 0.954000 0.963659
851 0.962000 0.963657
852 0.970000 0.963665
853 0.976000 0.963679
854 0.968000 0.963684
855 0.970000 0.963692
856 0.970000 0.963699
857 0.968000 0.963704
858 0.956000 0.963695
859 0.968000 0.963700
860 0.974000 0.963712
861 0.954000 0.963701
862 0.962000 0.963699
863 0.952000 0.963685
864 0.958000 0.963679
865 0.962000 0.963677
866 0.962000 0.963675
867 0.984000 0.963698
868 0.982000 0.963719
869 0.976000 0.963733
870 0.978000 0.963750
871 0.974000 0.963761
872 0.966000 0.963764
873 0.974000 0.963776
874 0.968000 0.963781
875 0.978000 0.963797
876 0.982000 0.963818
877 0.972000 0.963827
878 0.970000 0.963834
879 0.978000 0.963850
880 0.976000 0.963864
881 0.962000 0.963862
882 0.944000 0.963839
883 0.952000 0.963826
884 0.960000 0.963821
885 0.946000 0.963801
886 0.958000 0.963795
887 0.968000 0.963800
888 0.958000 0.963793
889 0.962000 0.963791
890 0.956000 0.963782
891 0.950000 0.963767
892 0.960000 0.963763
893 0.966000 0.963765
894 0.968000 0.963770
895 0.970000 0.963777
896 0.970000 0.963784
897 0.962000 0.963782
898 0.956000 0.963773
899 0.946000 0.963753
900 0.952000 0.963740
901 0.964000 0.963741
902 0.954000 0.963730
903 0.966000 0.963732
904 0.956000 0.963724
905 0.966000 0.963726
906 0.960000 0.963722
907 0.968000 0.963727
908 0.974000 0.963738
909 0.966000 0.963741
910 0.960000 0.963737
911 0.972000 0.963746
912 0.962000 0.963744
913 0.974000 0.963755
914 0.948000 0.963738
915 0.958000 0.963731
916 0.978000 0.963747
917 0.976000 0.963760
918 0.964000 0.963761
919 0.966000 0.963763
920 0.970000 0.963770
921 0.964000 0.963770
922 0.970000 0.963777
923 0.974000 0.963788
924 0.962000 0.963786
925 0.964000 0.963786
926 0.964000 0.963786
927 0.958000 0.963780
928 0.956000 0.963772
929 0.970000 0.963778
930 0.970000 0.963785
931 0.972000 0.963794
932 0.966000 0.963796
933 0.958000 0.963790
934 0.970000 0.963797
935 0.966000 0.963799
936 0.970000 0.963806
937 0.972000 0.963814
938 0.976000 0.963827
939 0.960000 0.963823
940 0.966000 0.963826
941 0.964000 0.963826
942 0.958000 0.963820
943 0.954000 0.963809
944 0.970000 0.963816
945 0.962000 0.963814
946 0.962000 0.963812
947 0.952000 0.963800
948 0.952000 0.963787
949 0.954000 0.963777
950 0.960000 0.963773
951 0.960000 0.963769
952 0.964000 0.963769
953 0.964000 0.963769
954 0.972000 0.963778
955 0.968000 0.963782
956 0.962000 0.963781
957 0.958000 0.963775
958 0.956000 0.963766
959 0.958000 0.963760
960 0.954000 0.963750
961 0.958000 0.963744
962 0.962000 0.963742
963 0.960000 0.963739
964 0.958000 0.963733
965 0.968000 0.963737
966 0.966000 0.963739
967 0.960000 0.963736
968 0.960000 0.963732
969 0.960000 0.963728
970 0.974000 0.963738
971 0.956000 0.963730
972 0.960000 0.963727
973 0.964000 0.963727
974 0.956000 0.963719
975 0.956000 0.963711
976 0.956000 0.963703
977 0.958000 0.963697
978 0.964000 0.963698
979 0.966000 0.963700
980 0.960000 0.963696
981 0.962000 0.963695
982 0.946000 0.963677
983 0.960000 0.963673
984 0.962000 0.963671
985 0.968000 0.963675
986 0.956000 0.963668
987 0.960000 0.963664
988 0.958000 0.963658
989 0.962000 0.963657
990 0.958000 0.963651
991 0.964000 0.963651
992 0.958000 0.963646
993 0.958000 0.963640
994 0.956000 0.963632
995 0.960000 0.963629
996 0.950000 0.963615
997 0.956000 0.963607
998 0.964000 0.963608
999 0.966000 0.963610
