0 1.000000 1.000000
1 0.954000 0.977000
2 0.906000 0.953333
3 0.844000 0.926000
4 0.794000 0.899600
5 0.800000 0.883000
6 0.796000 0.870571
7 0.782000 0.859500
8 0.766000 0.849111
9 0.736000 0.837800
10 0.776000 0.832182
11 0.724000 0.823167
12 0.714000 0.814769
13 0.722000 0.808143
14 0.718000 0.802133
15 0.688000 0.795000
16 0.680000 0.788235
17 0.686000 0.782556
18 0.660000 0.776105
19 0.620000 0.768300
20 0.638000 0.762095
21 0.684000 0.758545
22 0.674000 0.754870
23 0.628000 0.749583
24 0.618000 0.744320
25 0.642000 0.740385
26 0.628000 0.736222
27 0.606000 0.731571
28 0.602000 0.727103
29 0.608000 0.723133
30 0.590000 0.718839
31 0.564000 0.714000
32 0.556000 0.709212
33 0.580000 0.705412
34 0.596000 0.702286
35 0.556000 0.698222
36 0.542000 0.694000
37 0.540000 0.689947
38 0.524000 0.685692
39 0.514000 0.681400
40 0.516000 0.677366
41 0.510000 0.673381
42 0.502000 0.669395
43 0.478000 0.665045
44 0.490000 0.661156
45 0.484000 0.657304
46 0.476000 0.653447
47 0.462000 0.649458
48 0.438000 0.645143
49 0.476000 0.641760
50 0.434000 0.637686
51 0.464000 0.634346
52 0.452000 0.630906
53 0.420000 0.627000
54 0.440000 0.623600
55 0.408000 0.619750
56 0.420000 0.616246
57 0.450000 0.613379
58 0.408000 0.609898
59 0.382000 0.606100
60 0.364000 0.602131
61 0.402000 0.598903
62 0.418000 0.596032
63 0.404000 0.593031
64 0.380000 0.589754
65 0.394000 0.586788
66 0.396000 0.583940
67 0.420000 0.581529
68 0.410000 0.579043
69 0.390000 0.576343
70 0.394000 0.573775
71 0.374000 0.571000
72 0.362000 0.568137
73 0.388000 0.565703
74 0.394000 0.563413
75 0.384000 0.561053
76 0.398000 0.558935
77 0.380000 0.556641
78 0.360000 0.554152
79 0.354000 0.551650
80 0.362000 0.549309
81 0.308000 0.546366
82 0.352000 0.544024
83 0.338000 0.541571
84 0.350000 0.539318
85 0.382000 0.537488
86 0.400000 0.535908
87 0.382000 0.534159
88 0.382000 0.532449
89 0.360000 0.530533
90 0.352000 0.528571
91 0.360000 0.526739
92 0.358000 0.524925
93 0.356000 0.523128
94 0.382000 0.521642
95 0.358000 0.519938
96 0.352000 0.518206
97 0.360000 0.516592
98 0.360000 0.515010
99 0.316000 0.513020
100 0.288000 0.510792
101 0.320000 0.508922
102 0.312000 0.507010
103 0.298000 0.505000
104 0.282000 0.502876
105 0.292000 0.500887
106 0.284000 0.498860
107 0.284000 0.496870
108 0.252000 0.494624
109 0.256000 0.492455
110 0.306000 0.490775
111 0.296000 0.489036
112 0.282000 0.487204
113 0.298000 0.485544
114 0.300000 0.483930
115 0.304000 0.482379
116 0.230000 0.480222
117 0.220000 0.478017
118 0.244000 0.476050
119 0.258000 0.474233
120 0.270000 0.472545
121 0.282000 0.470984
122 0.252000 0.469203
123 0.254000 0.467468
124 0.284000 0.466000
125 0.292000 0.464619
126 0.262000 0.463024
127 0.290000 0.461672
128 0.270000 0.460186
129 0.268000 0.458708
130 0.282000 0.457359
131 0.292000 0.456106
132 0.228000 0.454391
133 0.222000 0.452657
134 0.202000 0.450800
135 0.192000 0.448897
136 0.168000 0.446847
137 0.152000 0.444710
138 0.176000 0.442777
139 0.178000 0.440886
140 0.156000 0.438865
141 0.152000 0.436845
142 0.162000 0.434923
143 0.174000 0.433111
144 0.166000 0.431269
145 0.180000 0.429548
146 0.172000 0.427796
147 0.188000 0.426176
148 0.188000 0.424577
149 0.206000 0.423120
150 0.166000 0.421417
151 0.136000 0.419539
152 0.126000 0.417621
153 0.120000 0.415688
154 0.082000 0.413535
155 0.134000 0.411744
156 0.166000 0.410178
157 0.156000 0.408570
158 0.140000 0.406881
159 0.168000 0.405388
160 0.186000 0.404025
161 0.202000 0.402778
162 0.184000 0.401436
163 0.164000 0.399988
164 0.198000 0.398764
165 0.176000 0.397422
166 0.168000 0.396048
167 0.178000 0.394750
168 0.190000 0.393538
169 0.198000 0.392388
170 0.138000 0.390901
171 0.156000 0.389535
172 0.186000 0.388358
173 0.178000 0.387149
174 0.168000 0.385897
175 0.156000 0.384591
176 0.152000 0.383277
177 0.152000 0.381978
178 0.158000 0.380726
179 0.156000 0.379478
180 0.196000 0.378464
181 0.198000 0.377473
182 0.188000 0.376437
183 0.144000 0.375174
184 0.158000 0.374000
185 0.158000 0.372839
186 0.180000 0.371807
187 0.140000 0.370574
188 0.126000 0.369280
189 0.112000 0.367926
190 0.108000 0.366565
191 0.106000 0.365208
192 0.078000 0.363720
193 0.120000 0.362464
194 0.122000 0.361231
195 0.148000 0.360143
196 0.142000 0.359036
197 0.162000 0.358040
198 0.136000 0.356925
199 0.072000 0.355500
200 0.104000 0.354249
201 0.080000 0.352891
202 0.106000 0.351675
203 0.118000 0.350529
204 0.140000 0.349502
205 0.158000 0.348573
206 0.178000 0.347749
207 0.108000 0.346596
208 0.128000 0.345550
209 0.128000 0.344514
210 0.126000 0.343479
211 0.122000 0.342434
212 0.080000 0.341202
213 0.086000 0.340009
214 0.098000 0.338884
215 0.112000 0.337833
216 0.126000 0.336857
217 0.070000 0.335633
218 0.086000 0.334493
219 0.112000 0.333482
220 0.130000 0.332561
221 0.086000 0.331450
222 0.092000 0.330377
223 0.078000 0.329250
224 0.108000 0.328267
225 0.134000 0.327407
226 0.118000 0.326485
227 0.150000 0.325711
228 0.124000 0.324830
229 0.160000 0.324113
230 0.146000 0.323342
231 0.138000 0.322543
232 0.132000 0.321725
233 0.142000 0.320957
234 0.138000 0.320179
235 0.190000 0.319627
236 0.170000 0.318996
237 0.142000 0.318252
238 0.156000 0.317573
239 0.154000 0.316892
240 0.156000 0.316224
241 0.168000 0.315612
242 0.172000 0.315021
243 0.150000 0.314344
244 0.144000 0.313649
245 0.130000 0.312902
246 0.140000 0.312202
247 0.124000 0.311444
248 0.168000 0.310867
249 0.166000 0.310288
250 0.162000 0.309697
251 0.144000 0.309040
252 0.134000 0.308348
253 0.104000 0.307543
254 0.102000 0.306737
255 0.128000 0.306039
256 0.152000 0.305440
257 0.126000 0.304744
258 0.160000 0.304185
259 0.146000 0.303577
260 0.118000 0.302866
261 0.128000 0.302198
262 0.094000 0.301407
263 0.086000 0.300591
264 0.090000 0.299796
265 0.084000 0.298985
266 0.084000 0.298180
267 0.106000 0.297463
268 0.092000 0.296699
269 0.104000 0.295985
270 0.114000 0.295314
271 0.048000 0.294404
272 0.086000 0.293641
273 0.068000 0.292818
274 0.076000 0.292029
275 0.042000 0.291123
276 0.094000 0.290412
277 0.080000 0.289655
278 0.102000 0.288982
279 0.070000 0.288200
280 0.078000 0.287452
281 0.092000 0.286759
282 0.108000 0.286127
283 0.110000 0.285507
284 0.114000 0.284905
285 0.084000 0.284203
286 0.102000 0.283568
287 0.070000 0.282826
288 0.058000 0.282048
289 0.038000 0.281207
290 0.064000 0.280460
291 0.060000 0.279705
292 0.056000 0.278942
293 0.086000 0.278286
294 0.098000 0.277675
295 0.082000 0.277014
296 0.058000 0.276276
297 0.098000 0.275678
298 0.096000 0.275077
299 0.062000 0.274367
300 0.046000 0.273608
301 0.072000 0.272940
302 0.082000 0.272310
303 0.092000 0.271717
304 0.072000 0.271062
305 0.058000 0.270366
306 0.060000 0.269681
307 0.052000 0.268974
308 0.064000 0.268311
309 0.094000 0.267748
310 0.078000 0.267138
311 0.064000 0.266487
312 0.078000 0.265885
313 0.046000 0.265185
314 0.064000 0.264546
315 0.036000 0.263823
316 0.080000 0.263243
317 0.070000 0.262635
318 0.048000 0.261962
319 0.074000 0.261375
320 0.052000 0.260723
321 0.054000 0.260081
322 0.052000 0.259437
323 0.014000 0.258679
324 0.058000 0.258062
325 0.080000 0.257515
326 0.114000 0.257076
327 0.108000 0.256622
328 0.064000 0.256036
329 0.048000 0.255406
330 0.054000 0.254798
331 0.078000 0.254265
332 0.092000 0.253778
333 0.114000 0.253359
334 0.124000 0.252973
335 0.092000 0.252494
336 0.096000 0.252030
337 0.110000 0.251609
338 0.130000 0.251251
339 0.114000 0.250847
340 0.136000 0.250510
341 0.128000 0.250152
342 0.138000 0.249825
343 0.094000 0.249372
344 0.112000 0.248974
345 0.136000 0.248647
346 0.090000 0.248190
347 0.052000 0.247626
348 0.092000 0.247181
349 0.082000 0.246709
350 0.110000 0.246319
351 0.118000 0.245955
352 0.128000 0.245620
353 0.132000 0.245299
354 0.154000 0.245042
355 0.138000 0.244742
356 0.108000 0.244359
357 0.100000 0.243955
358 0.104000 0.243565
359 0.108000 0.243189
360 0.122000 0.242853
361 0.116000 0.242503
362 0.156000 0.242264
363 0.140000 0.241984
364 0.100000 0.241595
365 0.092000 0.241186
366 0.130000 0.240883
367 0.086000 0.240462
368 0.064000 0.239984
369 0.088000 0.239573
370 0.104000 0.239208
371 0.068000 0.238747
372 0.086000 0.238338
373 0.066000 0.237877
374 0.062000 0.237408
375 0.074000 0.236973
376 0.070000 0.236531
377 0.040000 0.236011
378 -0.004000 0.235377
379 0.020000 0.234811
380 0.004000 0.234205
381 0.022000 0.233649
382 -0.006000 0.233023
383 0.042000 0.232526
384 -0.004000 0.231912
385 0.018000 0.231358
386 0.028000 0.230832
387 0.038000 0.230335
388 0.044000 0.229856
389 0.024000 0.229328
390 0.026000 0.228808
391 0.016000 0.228265
392 0.040000 0.227786
393 0.050000 0.227335
394 0.052000 0.226891
395 0.064000 0.226480
396 0.056000 0.226050
397 0.062000 0.225638
398 0.072000 0.225253
399 0.064000 0.224850
400 0.024000 0.224349
401 0.030000 0.223866
402 0.026000 0.223375
403 0.032000 0.222901
404 0.028000 0.222420
405 0.020000 0.221921
406 0.038000 0.221469
407 0.028000 0.220995
408 0.032000 0.220533
409 0.028000 0.220063
410 0.010000 0.219552
411 0.038000 0.219112
412 -0.006000 0.218567
413 0.002000 0.218043
414 0.068000 0.217682
415 0.052000 0.217284
416 0.052000 0.216887
417 0.078000 0.216555
418 0.088000 0.216248
419 0.034000 0.215814
420 -0.012000 0.215273
421 0.028000 0.214829
422 0.018000 0.214364
423 0.028000 0.213925
424 0.020000 0.213468
425 0.012000 0.212995
426 0.028000 0.212562
427 0.068000 0.212224
428 0.046000 0.211837
429 0.000000 0.211344
430 0.010000 0.210877
431 -0.008000 0.210370
432 -0.002000 0.209880
433 0.020000 0.209442
434 0.004000 0.208970
435 0.042000 0.208587
436 0.014000 0.208142
437 0.034000 0.207744
438 0.060000 0.207408
439 0.050000 0.207050
440 0.008000 0.206599
441 0.048000 0.206240
442 0.032000 0.205847
443 0.058000 0.205514
444 0.054000 0.205173
445 0.030000 0.204780
446 0.052000 0.204438
447 0.078000 0.204156
448 0.082000 0.203884
449 0.050000 0.203542
450 0.050000 0.203202
451 0.056000 0.202876
452 0.080000 0.202605
453 0.100000 0.202379
454 0.054000 0.202053
455 0.050000 0.201719
456 0.032000 0.201348
457 0.018000 0.200948
458 0.024000 0.200562
459 0.040000 0.200213
460 0.060000 0.199909
461 0.070000 0.199628
462 0.062000 0.199330
463 0.022000 0.198948
464 0.020000 0.198563
465 0.008000 0.198155
466 0.054000 0.197846
467 0.040000 0.197509
468 0.020000 0.197130
469 0.030000 0.196774
470 0.046000 0.196454
471 0.050000 0.196144
472 0.066000 0.195869
473 0.022000 0.195502
474 0.016000 0.195124
475 0.046000 0.194811
476 0.018000 0.194440
477 0.032000 0.194100
478 0.026000 0.193749
479 0.064000 0.193479
480 0.066000 0.193214
481 0.070000 0.192959
482 0.082000 0.192729
483 0.048000 0.192430
484 0.090000 0.192219
485 0.078000 0.191984
486 0.124000 0.191844
487 0.094000 0.191643
488 0.080000 0.191415
489 0.084000 0.191196
490 0.088000 0.190986
491 0.072000 0.190744
492 0.080000 0.190519
493 0.074000 0.190283
494 0.036000 0.189972
495 0.076000 0.189742
496 0.102000 0.189565
497 0.076000 0.189337
498 0.050000 0.189058
499 0.056000 0.188792
500 0.074000 0.188563
501 0.086000 0.188359
502 0.058000 0.188099
503 0.062000 0.187849
504 0.050000 0.187576
505 0.044000 0.187292
506 0.038000 0.186998
507 0.024000 0.186677
508 0.062000 0.186432
509 0.060000 0.186184
510 0.040000 0.185898
511 0.070000 0.185672
512 0.096000 0.185497
513 0.078000 0.185288
514 0.116000 0.185153
515 0.092000 0.184973
516 0.052000 0.184716
517 0.062000 0.184479
518 0.038000 0.184197
519 0.058000 0.183954
520 0.064000 0.183724
521 0.052000 0.183471
522 0.026000 0.183170
523 0.052000 0.182920
524 0.044000 0.182655
525 0.076000 0.182452
526 0.122000 0.182338
527 0.072000 0.182129
528 0.080000 0.181936
529 0.060000 0.181706
530 0.046000 0.181450
531 0.050000 0.181203
532 0.080000 0.181013
533 0.066000 0.180798
534 0.036000 0.180527
535 0.028000 0.180243
536 0.094000 0.180082
537 0.048000 0.179836
538 0.006000 0.179514
539 0.058000 0.179289
540 0.102000 0.179146
541 0.066000 0.178937
542 0.062000 0.178722
543 0.058000 0.178500
544 0.042000 0.178250
545 0.104000 0.178114
546 0.110000 0.177989
547 0.096000 0.177839
548 0.108000 0.177712
549 0.118000 0.177604
550 0.078000 0.177423
551 0.070000 0.177228
552 0.098000 0.177085
553 0.088000 0.176924
554 0.060000 0.176714
555 0.074000 0.176529
556 0.070000 0.176338
557 0.058000 0.176125
558 0.068000 0.175932
559 0.052000 0.175711
560 0.066000 0.175515
561 0.056000 0.175302
562 0.026000 0.175037
563 0.026000 0.174773
564 0.054000 0.174559
565 0.062000 0.174360
566 0.078000 0.174190
567 0.054000 0.173979
568 0.010000 0.173691
569 0.022000 0.173425
570 0.028000 0.173170
571 0.032000 0.172923
572 0.028000 0.172670
573 0.052000 0.172460
574 0.040000 0.172230
575 0.014000 0.171955
576 0.012000 0.171678
577 0.026000 0.171426
578 0.038000 0.171195
579 0.008000 0.170914
580 0.018000 0.170651
581 0.050000 0.170443
582 0.034000 0.170209
583 0.040000 0.169986
584 0.030000 0.169747
585 0.014000 0.169481
586 0.028000 0.169240
587 0.040000 0.169020
588 0.050000 0.168818
589 0.056000 0.168627
590 0.044000 0.168416
591 0.056000 0.168226
592 0.050000 0.168027
593 0.012000 0.167764
594 0.038000 0.167546
595 0.034000 0.167322
596 0.042000 0.167112
597 0.024000 0.166873
598 0.000000 0.166594
599 0.032000 0.166370
600 -0.010000 0.166077
601 0.014000 0.165824
602 0.024000 0.165589
603 -0.008000 0.165301
604 -0.016000 0.165002
605 0.020000 0.164762
606 0.030000 0.164540
607 0.044000 0.164342
608 0.064000 0.164177
609 0.094000 0.164062
610 0.048000 0.163872
611 0.030000 0.163654
612 0.020000 0.163419
613 0.068000 0.163264
614 0.042000 0.163067
615 0.052000 0.162886
616 0.044000 0.162694
617 0.048000 0.162508
618 0.078000 0.162372
619 0.062000 0.162210
620 0.092000 0.162097
621 0.058000 0.161929
622 0.064000 0.161772
623 0.062000 0.161612
624 0.036000 0.161411
625 0.022000 0.161188
626 0.034000 0.160986
627 0.024000 0.160768
628 0.020000 0.160544
629 0.016000 0.160314
630 0.026000 0.160101
631 0.006000 0.159858
632 0.028000 0.159649
633 0.006000 0.159407
634 0.016000 0.159181
635 0.068000 0.159038
636 0.078000 0.158911
637 0.024000 0.158699
638 0.006000 0.158460
639 0.020000 0.158244
640 0.020000 0.158028
641 0.042000 0.157847
642 0.056000 0.157689
643 0.052000 0.157525
644 0.038000 0.157340
645 0.044000 0.157164
646 0.024000 0.156958
647 0.032000 0.156765
648 0.058000 0.156613
649 0.038000 0.156431
650 0.002000 0.156194
651 0.042000 0.156018
652 0.046000 0.155850
653 0.040000 0.155673
654 0.074000 0.155548
655 0.038000 0.155369
656 0.026000 0.155172
657 -0.032000 0.154888
658 0.020000 0.154683
659 0.016000 0.154473
660 0.040000 0.154300
661 0.038000 0.154124
662 0.006000 0.153900
663 0.010000 0.153684
664 0.032000 0.153501
665 0.010000 0.153285
666 0.004000 0.153061
667 0.008000 0.152844
668 0.038000 0.152673
669 0.020000 0.152475
670 0.044000 0.152313
671 0.012000 0.152104
672 0.036000 0.151932
673 0.004000 0.151712
674 0.022000 0.151520
675 0.018000 0.151322
676 0.046000 0.151167
677 0.052000 0.151021
678 0.042000 0.150860
679 0.034000 0.150688
680 0.032000 0.150514
681 0.042000 0.150355
682 0.058000 0.150220
683 0.000000 0.150000
684 0.018000 0.149807
685 0.022000 0.149621
686 -0.010000 0.149389
687 0.016000 0.149195
688 0.030000 0.149022
689 -0.018000 0.148780
690 0.000000 0.148564
691 -0.010000 0.148335
692 0.002000 0.148124
693 -0.032000 0.147865
694 0.008000 0.147663
695 0.018000 0.147477
696 0.006000 0.147274
697 -0.016000 0.147040
698 -0.012000 0.146813
699 -0.042000 0.146543
700 -0.010000 0.146320
701 -0.010000 0.146097
702 0.010000 0.145903
703 0.004000 0.145702
704 -0.016000 0.145472
705 0.028000 0.145306
706 0.010000 0.145115
707 0.002000 0.144912
708 -0.018000 0.144683
709 0.010000 0.144493
710 -0.004000 0.144284
711 0.012000 0.144098
712 0.044000 0.143958
713 0.016000 0.143779
714 0.056000 0.143656
715 0.020000 0.143483
716 0.040000 0.143339
717 0.000000 0.143139
718 0.026000 0.142976
719 0.022000 0.142808
720 0.000000 0.142610
721 0.040000 0.142468
722 0.034000 0.142318
723 0.064000 0.142210
724 0.042000 0.142072
725 0.054000 0.141950
726 0.056000 0.141832
727 0.054000 0.141712
728 0.060000 0.141599
729 0.026000 0.141441
730 0.066000 0.141338
731 0.044000 0.141205
732 0.068000 0.141105
733 0.098000 0.141046
734 0.112000 0.141007
735 0.042000 0.140872
736 0.026000 0.140716
737 0.032000 0.140569
738 -0.002000 0.140376
739 0.028000 0.140224
740 0.022000 0.140065
741 0.040000 0.139930
742 0.032000 0.139785
743 0.022000 0.139626
744 0.032000 0.139482
745 -0.002000 0.139292
746 0.052000 0.139175
747 0.030000 0.139029
748 0.036000 0.138892
749 0.052000 0.138776
750 0.048000 0.138655
751 0.056000 0.138545
752 0.080000 0.138467
753 0.044000 0.138342
754 0.008000 0.138170
755 0.016000 0.138008
756 0.024000 0.137857
757 0.058000 0.137752
758 0.082000 0.137679
759 0.072000 0.137592
760 0.072000 0.137506
761 0.054000 0.137396
762 0.076000 0.137316
763 0.050000 0.137202
764 0.044000 0.137080
765 0.064000 0.136984
766 0.034000 0.136850
767 0.058000 0.136747
768 0.040000 0.136622
769 0.040000 0.136496
770 0.030000 0.136358
771 0.078000 0.136282
772 0.058000 0.136181
773 0.056000 0.136078
774 0.030000 0.135941
775 0.014000 0.135784
776 0.022000 0.135637
777 0.018000 0.135486
778 0.032000 0.135353
779 0.040000 0.135231
780 0.020000 0.135083
781 0.014000 0.134928
782 -0.006000 0.134748
783 -0.030000 0.134538
784 0.000000 0.134367
785 0.042000 0.134249
786 0.004000 0.134084
787 -0.010000 0.133901
788 -0.002000 0.133729
789 0.034000 0.133603
790 0.000000 0.133434
791 -0.036000 0.133220
792 0.002000 0.133054
793 0.002000 0.132889
794 -0.002000 0.132719
795 0.014000 0.132570
796 -0.002000 0.132402
797 -0.018000 0.132213
798 0.014000 0.132065
799 0.022000 0.131928
800 0.016000 0.131783
801 -0.020000 0.131594
802 -0.050000 0.131367
803 -0.032000 0.131164
804 -0.042000 0.130949
805 -0.004000 0.130782
806 0.018000 0.130642
807 0.006000 0.130488
808 0.020000 0.130351
809 0.066000 0.130272
810 0.028000 0.130145
811 0.042000 0.130037
812 0.008000 0.129887
813 0.050000 0.129789
814 0.014000 0.129647
815 -0.034000 0.129446
816 -0.006000 0.129280
817 0.012000 0.129137
818 0.010000 0.128991
819 -0.018000 0.128812
820 0.004000 0.128660
821 0.000000 0.128504
822 -0.032000 0.128309
823 -0.028000 0.128119
824 -0.040000 0.127915
825 -0.026000 0.127729
826 -0.040000 0.127526
827 -0.048000 0.127314
828 -0.032000 0.127122
829 -0.036000 0.126925
830 -0.022000 0.126746
831 -0.038000 0.126548
832 -0.034000 0.126355
833 -0.024000 0.126175
834 -0.042000 0.125974
835 -0.020000 0.125799
836 -0.008000 0.125639
837 -0.012000 0.125475
838 -0.002000 0.125323
839 0.028000 0.125207
840 0.038000 0.125103
841 0.016000 0.124974
842 0.052000 0.124887
843 0.008000 0.124749
844 -0.008000 0.124592
845 -0.016000 0.124426
846 0.046000 0.124333
847 0.062000 0.124259
848 0.034000 0.124153
849 0.042000 0.124056
850 0.042000 0.123960
851 0.014000 0.123831
852 0.002000 0.123688
853 -0.008000 0.123534
854 0.004000 0.123394
855 0.046000 0.123304
856 0.034000 0.123200
857 0.074000 0.123142
858 0.058000 0.123066
859 -0.006000 0.122916
860 0.012000 0.122787
861 0.036000 0.122687
862 0.062000 0.122616
863 0.072000 0.122558
864 0.048000 0.122472
865 -0.002000 0.122328
866 0.012000 0.122201
867 -0.012000 0.122046
868 0.016000 0.121924
869 -0.006000 0.121777
870 0.014000 0.121653
871 0.000000 0.121514
872 0.024000 0.121402
873 -0.016000 0.121245
874 -0.016000 0.121088
875 -0.010000 0.120938
876 0.008000 0.120810
877 0.002000 0.120674
878 0.006000 0.120544
879 0.008000 0.120416
880 0.034000 0.120318
881 0.018000 0.120202
882 0.032000 0.120102
883 0.020000 0.119989
884 0.056000 0.119916
885 0.018000 0.119801
886 0.034000 0.119705
887 0.034000 0.119608
888 0.030000 0.119507
889 0.062000 0.119443
890 0.048000 0.119363
891 0.020000 0.119251
892 0.044000 0.119167
893 0.046000 0.119085
894 0.018000 0.118972
895 0.034000 0.118877
896 0.000000 0.118745
897 0.020000 0.118635
898 0.006000 0.118509
899 0.008000 0.118387
900 0.006000 0.118262
901 0.010000 0.118142
902 0.022000 0.118035
903 -0.028000 0.117874
904 -0.012000 0.117730
905 0.012000 0.117614
906 0.008000 0.117493
907 0.012000 0.117377
908 0.032000 0.117283
909 0.028000 0.117185
910 0.030000 0.117089
911 0.050000 0.117015
912 0.016000 0.116905
913 0.016000 0.116794
914 0.014000 0.116682
915 0.010000 0.116566
916 -0.002000 0.116436
917 0.002000 0.116312
918 -0.032000 0.116150
919 0.042000 0.116070
920 0.032000 0.115978
921 0.050000 0.115907
922 0.074000 0.115861
923 0.052000 0.115792
924 0.046000 0.115717
925 0.016000 0.115609
926 0.032000 0.115519
927 0.010000 0.115405
928 0.066000 0.115352
929 0.018000 0.115247
930 0.016000 0.115141
931 -0.004000 0.115013
932 0.034000 0.114926
933 0.034000 0.114839
934 0.024000 0.114742
935 0.010000 0.114630
936 0.022000 0.114531
937 0.044000 0.114456
938 0.048000 0.114386
939 0.036000 0.114302
940 0.006000 0.114187
941 0.032000 0.114100
942 0.018000 0.113998
943 0.018000 0.113896
944 0.000000 0.113776
945 0.032000 0.113689
946 0.006000 0.113576
947 0.002000 0.113458
948 -0.008000 0.113330
949 -0.020000 0.113189
950 -0.044000 0.113024
951 -0.026000 0.112878
952 0.002000 0.112762
953 0.026000 0.112671
954 0.018000 0.112572
955 0.018000 0.112473
956 0.008000 0.112364
957 0.006000 0.112253
958 -0.002000 0.112133
959 0.002000 0.112019
960 -0.006000 0.111896
961 -0.004000 0.111775
962 0.004000 0.111664
963 0.020000 0.111568
964 0.008000 0.111461
965 0.006000 0.111352
966 -0.020000 0.111216
967 0.014000 0.111116
968 0.002000 0.111003
969 -0.008000 0.110880
970 -0.028000 0.110737
971 -0.006000 0.110617
972 -0.028000 0.110475
973 0.022000 0.110384
974 -0.002000 0.110269
975 0.010000 0.110166
976 0.030000 0.110084
977 -0.006000 0.109965
978 -0.004000 0.109849
979 0.018000 0.109755
980 0.010000 0.109653
981 0.022000 0.109564
982 0.002000 0.109455
983 0.004000 0.109348
984 0.046000 0.109283
985 0.054000 0.109227
986 -0.012000 0.109104
987 0.008000 0.109002
988 -0.018000 0.108874
989 0.036000 0.108800
990 0.022000 0.108712
991 -0.002000 0.108601
992 0.014000 0.108506
993 0.020000 0.108416
994 -0.002000 0.108306
995 0.006000 0.108203
996 0.016000 0.108110
997 0.022000 0.108024
998 0.002000 0.107918
999 -0.016000 0.107794
