0 1.000000 1.000000
1 0.984000 0.992000
2 0.966000 0.983333
3 0.950000 0.975000
4 0.930000 0.966000
5 0.934000 0.960667
6 0.944000 0.958286
7 0.950000 0.957250
8 0.946000 0.956000
9 0.924000 0.952800
10 0.942000 0.951818
11 0.936000 0.950500
12 0.944000 0.950000
13 0.932000 0.948714
14 0.922000 0.946933
15 0.910000 0.944625
16 0.912000 0.942706
17 0.902000 0.940444
18 0.912000 0.938947
19 0.920000 0.938000
20 0.926000 0.937429
21 0.912000 0.936273
22 0.922000 0.935652
23 0.932000 0.935500
24 0.944000 0.935840
25 0.934000 0.935769
26 0.918000 0.935111
27 0.920000 0.934571
28 0.930000 0.934414
29 0.922000 0.934000
30 0.904000 0.933032
31 0.898000 0.931937
32 0.906000 0.931152
33 0.918000 0.930765
34 0.928000 0.930686
35 0.904000 0.929944
36 0.914000 0.929514
37 0.906000 0.928895
38 0.904000 0.928256
39 0.918000 0.928000
40 0.890000 0.927073
41 0.906000 0.926571
42 0.912000 0.926233
43 0.914000 0.925955
44 0.932000 0.926089
45 0.918000 0.925913
46 0.932000 0.926043
47 0.916000 0.925833
48 0.912000 0.925551
49 0.926000 0.925560
50 0.910000 0.925255
51 0.922000 0.925192
52 0.922000 0.925132
53 0.916000 0.924963
54 0.908000 0.924655
55 0.914000 0.924464
56 0.920000 0.924386
57 0.932000 0.924517
58 0.902000 0.924136
59 0.916000 0.924000
60 0.918000 0.923902
61 0.916000 0.923774
62 0.898000 0.923365
63 0.910000 0.923156
64 0.928000 0.923231
65 0.920000 0.923182
66 0.908000 0.922955
67 0.908000 0.922735
68 0.934000 0.922899
69 0.906000 0.922657
70 0.914000 0.922535
71 0.926000 0.922583
72 0.908000 0.922384
73 0.908000 0.922189
74 0.928000 0.922267
75 0.926000 0.922316
76 0.912000 0.922182
77 0.920000 0.922154
78 0.916000 0.922076
79 0.896000 0.921750
80 0.908000 0.921580
81 0.894000 0.921244
82 0.900000 0.920988
83 0.896000 0.920690
84 0.902000 0.920471
85 0.888000 0.920093
86 0.892000 0.919770
87 0.912000 0.919682
88 0.900000 0.919461
89 0.908000 0.919333
90 0.912000 0.919253
91 0.902000 0.919065
92 0.906000 0.918925
93 0.908000 0.918809
94 0.938000 0.919011
95 0.910000 0.918917
96 0.900000 0.918722
97 0.892000 0.918449
98 0.892000 0.918182
99 0.896000 0.917960
100 0.898000 0.917762
101 0.900000 0.917588
102 0.898000 0.917398
103 0.908000 0.917308
104 0.914000 0.917276
105 0.902000 0.917132
106 0.906000 0.917028
107 0.918000 0.917037
108 0.928000 0.917138
109 0.910000 0.917073
110 0.916000 0.917063
111 0.900000 0.916911
112 0.910000 0.916850
113 0.928000 0.916947
114 0.910000 0.916887
115 0.918000 0.916897
116 0.912000 0.916855
117 0.906000 0.916763
118 0.920000 0.916790
119 0.920000 0.916817
120 0.910000 0.916760
121 0.902000 0.916639
122 0.918000 0.916650
123 0.918000 0.916661
124 0.906000 0.916576
125 0.924000 0.916635
126 0.912000 0.916598
127 0.922000 0.916641
128 0.916000 0.916636
129 0.918000 0.916646
130 0.896000 0.916489
131 0.906000 0.916409
132 0.888000 0.916195
133 0.892000 0.916015
134 0.902000 0.915911
135 0.904000 0.915824
136 0.920000 0.915854
137 0.908000 0.915797
138 0.916000 0.915799
139 0.924000 0.915857
140 0.898000 0.915730
141 0.892000 0.915563
142 0.900000 0.915455
143 0.892000 0.915292
144 0.900000 0.915186
145 0.898000 0.915068
146 0.904000 0.914993
147 0.922000 0.915041
148 0.924000 0.915101
149 0.930000 0.915200
150 0.900000 0.915099
151 0.908000 0.915053
152 0.902000 0.914967
153 0.922000 0.915013
154 0.892000 0.914865
155 0.904000 0.914795
156 0.892000 0.914650
157 0.894000 0.914519
158 0.892000 0.914377
159 0.898000 0.914275
160 0.904000 0.914211
161 0.902000 0.914136
162 0.902000 0.914061
163 0.912000 0.914049
164 0.912000 0.914036
165 0.914000 0.914036
166 0.930000 0.914132
167 0.906000 0.914083
168 0.918000 0.914107
169 0.904000 0.914047
170 0.888000 0.913895
171 0.892000 0.913767
172 0.894000 0.913653
173 0.906000 0.913609
174 0.912000 0.913600
175 0.910000 0.913580
176 0.904000 0.913525
177 0.906000 0.913483
178 0.904000 0.913430
179 0.924000 0.913489
180 0.922000 0.913536
181 0.926000 0.913604
182 0.928000 0.913683
183 0.908000 0.913652
184 0.912000 0.913643
185 0.920000 0.913677
186 0.924000 0.913733
187 0.906000 0.913691
188 0.888000 0.913556
189 0.914000 0.913558
190 0.906000 0.913518
191 0.902000 0.913458
192 0.898000 0.913378
193 0.934000 0.913485
194 0.898000 0.913405
195 0.912000 0.913398
196 0.928000 0.913472
197 0.914000 0.913475
198 0.910000 0.913457
199 0.910000 0.913440
200 0.910000 0.913423
201 0.912000 0.913416
202 0.918000 0.913438
203 0.930000 0.913520
204 0.922000 0.913561
205 0.928000 0.913631
206 0.914000 0.913633
207 0.924000 0.913683
208 0.916000 0.913694
209 0.932000 0.913781
210 0.900000 0.913716
211 0.892000 0.913613
212 0.924000 0.913662
213 0.922000 0.913701
214 0.912000 0.913693
215 0.930000 0.913769
216 0.924000 0.913816
217 0.928000 0.913881
218 0.928000 0.913945
219 0.926000 0.914000
220 0.906000 0.913964
221 0.906000 0.913928
222 0.910000 0.913910
223 0.910000 0.913893
224 0.924000 0.913938
225 0.910000 0.913920
226 0.924000 0.913965
227 0.920000 0.913991
228 0.904000 0.913948
229 0.912000 0.913939
230 0.904000 0.913896
231 0.912000 0.913888
232 0.922000 0.913923
233 0.916000 0.913932
234 0.898000 0.913864
235 0.922000 0.913898
236 0.924000 0.913941
237 0.904000 0.913899
238 0.908000 0.913874
239 0.914000 0.913875
240 0.896000 0.913801
241 0.900000 0.913744
242 0.904000 0.913704
243 0.914000 0.913705
244 0.886000 0.913592
245 0.902000 0.913545
246 0.906000 0.913514
247 0.918000 0.913532
248 0.914000 0.913534
249 0.898000 0.913472
250 0.896000 0.913402
251 0.894000 0.913325
252 0.924000 0.913368
253 0.912000 0.913362
254 0.918000 0.913380
255 0.924000 0.913422
256 0.914000 0.913424
257 0.894000 0.913349
258 0.914000 0.913351
259 0.908000 0.913331
260 0.914000 0.913333
261 0.914000 0.913336
262 0.918000 0.913354
263 0.898000 0.913295
264 0.884000 0.913185
265 0.918000 0.913203
266 0.930000 0.913266
267 0.936000 0.913351
268 0.922000 0.913383
269 0.910000 0.913370
270 0.902000 0.913328
271 0.904000 0.913294
272 0.932000 0.913363
273 0.938000 0.913453
274 0.930000 0.913513
275 0.918000 0.913529
276 0.924000 0.913567
277 0.920000 0.913590
278 0.916000 0.913599
279 0.910000 0.913586
280 0.912000 0.913580
281 0.908000 0.913560
282 0.912000 0.913555
283 0.908000 0.913535
284 0.902000 0.913495
285 0.902000 0.913455
286 0.922000 0.913484
287 0.908000 0.913465
288 0.912000 0.913460
289 0.910000 0.913448
290 0.902000 0.913409
291 0.898000 0.913356
292 0.902000 0.913317
293 0.932000 0.913381
294 0.928000 0.913431
295 0.926000 0.913473
296 0.906000 0.913448
297 0.922000 0.913477
298 0.928000 0.913525
299 0.920000 0.913547
300 0.922000 0.913575
301 0.914000 0.913576
302 0.910000 0.913564
303 0.918000 0.913579
304 0.924000 0.913613
305 0.926000 0.913654
306 0.920000 0.913674
307 0.918000 0.913688
308 0.930000 0.913741
309 0.940000 0.913826
310 0.914000 0.913826
311 0.904000 0.913795
312 0.908000 0.913776
313 0.908000 0.913758
314 0.910000 0.913746
315 0.906000 0.913722
316 0.910000 0.913710
317 0.898000 0.913660
318 0.896000 0.913605
319 0.914000 0.913606
320 0.920000 0.913626
321 0.904000 0.913596
322 0.912000 0.913591
323 0.926000 0.913630
324 0.908000 0.913612
325 0.910000 0.913601
326 0.910000 0.913590
327 0.900000 0.913549
328 0.888000 0.913471
329 0.892000 0.913406
330 0.920000 0.913426
331 0.936000 0.913494
332 0.912000 0.913489
333 0.926000 0.913527
334 0.912000 0.913522
335 0.918000 0.913536
336 0.900000 0.913496
337 0.920000 0.913515
338 0.924000 0.913546
339 0.924000 0.913576
340 0.914000 0.913578
341 0.910000 0.913567
342 0.912000 0.913563
343 0.928000 0.913605
344 0.920000 0.913623
345 0.912000 0.913618
346 0.924000 0.913648
347 0.912000 0.913644
348 0.914000 0.913645
349 0.916000 0.913651
350 0.912000 0.913647
351 0.920000 0.913665
352 0.934000 0.913722
353 0.918000 0.913734
354 0.928000 0.913775
355 0.908000 0.913758
356 0.900000 0.913720
357 0.914000 0.913721
358 0.924000 0.913749
359 0.922000 0.913772
360 0.916000 0.913778
361 0.936000 0.913840
362 0.924000 0.913868
363 0.926000 0.913901
364 0.932000 0.913951
365 0.912000 0.913945
366 0.896000 0.913896
367 0.906000 0.913875
368 0.920000 0.913892
369 0.924000 0.913919
370 0.928000 0.913957
371 0.928000 0.913995
372 0.918000 0.914005
373 0.916000 0.914011
374 0.920000 0.914027
375 0.922000 0.914048
376 0.916000 0.914053
377 0.900000 0.914016
378 0.898000 0.913974
379 0.904000 0.913947
380 0.904000 0.913921
381 0.924000 0.913948
382 0.926000 0.913979
383 0.928000 0.914016
384 0.904000 0.913990
385 0.898000 0.913948
386 0.912000 0.913943
387 0.902000 0.913912
388 0.892000 0.913856
389 0.880000 0.913769
390 0.896000 0.913724
391 0.906000 0.913704
392 0.912000 0.913700
393 0.920000 0.913716
394 0.920000 0.913732
395 0.894000 0.913682
396 0.910000 0.913673
397 0.918000 0.913683
398 0.900000 0.913649
399 0.910000 0.913640
400 0.902000 0.913611
401 0.922000 0.913632
402 0.922000 0.913653
403 0.926000 0.913683
404 0.922000 0.913704
405 0.892000 0.913650
406 0.904000 0.913627
407 0.914000 0.913627
408 0.902000 0.913599
409 0.908000 0.913585
410 0.914000 0.913586
411 0.884000 0.913515
412 0.882000 0.913438
413 0.898000 0.913401
414 0.906000 0.913383
415 0.914000 0.913385
416 0.910000 0.913376
417 0.914000 0.913378
418 0.924000 0.913403
419 0.916000 0.913410
420 0.918000 0.913420
421 0.922000 0.913441
422 0.908000 0.913428
423 0.902000 0.913401
424 0.914000 0.913402
425 0.890000 0.913347
426 0.914000 0.913349
427 0.904000 0.913327
428 0.910000 0.913319
429 0.886000 0.913256
430 0.898000 0.913220
431 0.900000 0.913190
432 0.906000 0.913173
433 0.906000 0.913157
434 0.886000 0.913094
435 0.900000 0.913064
436 0.888000 0.913007
437 0.892000 0.912959
438 0.890000 0.912907
439 0.884000 0.912841
440 0.884000 0.912776
441 0.910000 0.912769
442 0.926000 0.912799
443 0.912000 0.912797
444 0.914000 0.912800
445 0.902000 0.912776
446 0.906000 0.912761
447 0.908000 0.912750
448 0.906000 0.912735
449 0.906000 0.912720
450 0.918000 0.912732
451 0.928000 0.912765
452 0.920000 0.912781
453 0.942000 0.912846
454 0.950000 0.912927
455 0.936000 0.912978
456 0.942000 0.913042
457 0.932000 0.913083
458 0.932000 0.913124
459 0.936000 0.913174
460 0.928000 0.913206
461 0.918000 0.913216
462 0.908000 0.913205
463 0.920000 0.913220
464 0.916000 0.913226
465 0.906000 0.913210
466 0.912000 0.913208
467 0.930000 0.913244
468 0.912000 0.913241
469 0.894000 0.913200
470 0.900000 0.913172
471 0.924000 0.913195
472 0.914000 0.913197
473 0.910000 0.913190
474 0.920000 0.913204
475 0.922000 0.913223
476 0.936000 0.913270
477 0.904000 0.913251
478 0.906000 0.913236
479 0.896000 0.913200
480 0.910000 0.913193
481 0.912000 0.913191
482 0.920000 0.913205
483 0.916000 0.913211
484 0.914000 0.913212
485 0.914000 0.913214
486 0.912000 0.913211
487 0.920000 0.913225
488 0.918000 0.913235
489 0.912000 0.913233
490 0.930000 0.913267
491 0.924000 0.913289
492 0.946000 0.913355
493 0.954000 0.913437
494 0.956000 0.913523
495 0.918000 0.913532
496 0.926000 0.913557
497 0.918000 0.913566
498 0.918000 0.913575
499 0.896000 0.913540
500 0.902000 0.913517
501 0.924000 0.913538
502 0.922000 0.913555
503 0.924000 0.913575
504 0.934000 0.913616
505 0.908000 0.913605
506 0.920000 0.913617
507 0.918000 0.913626
508 0.920000 0.913639
509 0.916000 0.913643
510 0.916000 0.913648
511 0.902000 0.913625
512 0.902000 0.913602
513 0.902000 0.913580
514 0.892000 0.913538
515 0.894000 0.913500
516 0.902000 0.913478
517 0.900000 0.913452
518 0.918000 0.913461
519 0.928000 0.913488
520 0.926000 0.913512
521 0.920000 0.913525
522 0.916000 0.913530
523 0.918000 0.913538
524 0.916000 0.913543
525 0.892000 0.913502
526 0.930000 0.913533
527 0.942000 0.913587
528 0.932000 0.913622
529 0.910000 0.913615
530 0.910000 0.913608
531 0.902000 0.913586
532 0.922000 0.913602
533 0.930000 0.913633
534 0.906000 0.913619
535 0.906000 0.913604
536 0.904000 0.913587
537 0.924000 0.913606
538 0.912000 0.913603
539 0.914000 0.913604
540 0.916000 0.913608
541 0.908000 0.913598
542 0.908000 0.913587
543 0.918000 0.913596
544 0.920000 0.913607
545 0.912000 0.913604
546 0.928000 0.913631
547 0.930000 0.913661
548 0.928000 0.913687
549 0.918000 0.913695
550 0.906000 0.913681
551 0.900000 0.913656
552 0.918000 0.913664
553 0.898000 0.913635
554 0.892000 0.913596
555 0.912000 0.913594
556 0.900000 0.913569
557 0.924000 0.913588
558 0.910000 0.913581
559 0.908000 0.913571
560 0.914000 0.913572
561 0.908000 0.913562
562 0.924000 0.913581
563 0.910000 0.913574
564 0.916000 0.913579
565 0.906000 0.913565
566 0.908000 0.913556
567 0.896000 0.913525
568 0.892000 0.913487
569 0.910000 0.913481
570 0.920000 0.913492
571 0.914000 0.913493
572 0.900000 0.913469
573 0.892000 0.913432
574 0.908000 0.913423
575 0.914000 0.913424
576 0.904000 0.913407
577 0.908000 0.913398
578 0.906000 0.913385
579 0.916000 0.913390
580 0.908000 0.913380
581 0.914000 0.913381
582 0.926000 0.913403
583 0.912000 0.913401
584 0.924000 0.913419
585 0.912000 0.913416
586 0.920000 0.913428
587 0.904000 0.913412
588 0.916000 0.913416
589 0.928000 0.913441
590 0.912000 0.913438
591 0.920000 0.913449
592 0.908000 0.913440
593 0.910000 0.913434
594 0.918000 0.913442
595 0.906000 0.913430
596 0.920000 0.913441
597 0.912000 0.913438
598 0.906000 0.913426
599 0.924000 0.913443
600 0.908000 0.913434
601 0.910000 0.913429
602 0.912000 0.913426
603 0.914000 0.913427
604 0.906000 0.913415
605 0.914000 0.913416
606 0.910000 0.913410
607 0.906000 0.913398
608 0.912000 0.913396
609 0.920000 0.913407
610 0.908000 0.913398
611 0.910000 0.913392
612 0.924000 0.913409
613 0.922000 0.913423
614 0.920000 0.913434
615 0.906000 0.913422
616 0.918000 0.913429
617 0.914000 0.913430
618 0.904000 0.913415
619 0.908000 0.913406
620 0.916000 0.913411
621 0.900000 0.913389
622 0.890000 0.913352
623 0.910000 0.913346
624 0.920000 0.913357
625 0.906000 0.913345
626 0.920000 0.913356
627 0.908000 0.913347
628 0.906000 0.913335
629 0.902000 0.913317
630 0.918000 0.913325
631 0.916000 0.913329
632 0.908000 0.913321
633 0.896000 0.913293
634 0.914000 0.913294
635 0.920000 0.913305
636 0.908000 0.913297
637 0.896000 0.913270
638 0.892000 0.913236
639 0.888000 0.913197
640 0.894000 0.913167
641 0.906000 0.913156
642 0.882000 0.913107
643 0.896000 0.913081
644 0.900000 0.913060
645 0.908000 0.913053
646 0.928000 0.913076
647 0.920000 0.913086
648 0.912000 0.913085
649 0.906000 0.913074
650 0.896000 0.913048
651 0.916000 0.913052
652 0.910000 0.913047
653 0.922000 0.913061
654 0.918000 0.913069
655 0.910000 0.913064
656 0.922000 0.913078
657 0.920000 0.913088
658 0.928000 0.913111
659 0.908000 0.913103
660 0.920000 0.913113
661 0.902000 0.913097
662 0.922000 0.913110
663 0.920000 0.913120
664 0.924000 0.913137
665 0.902000 0.913120
666 0.900000 0.913100
667 0.914000 0.913102
668 0.914000 0.913103
669 0.922000 0.913116
670 0.924000 0.913133
671 0.912000 0.913131
672 0.922000 0.913144
673 0.910000 0.913139
674 0.922000 0.913153
675 0.932000 0.913180
676 0.910000 0.913176
677 0.900000 0.913156
678 0.898000 0.913134
679 0.918000 0.913141
680 0.906000 0.913131
681 0.920000 0.913141
682 0.918000 0.913148
683 0.930000 0.913173
684 0.922000 0.913185
685 0.924000 0.913201
686 0.940000 0.913240
687 0.914000 0.913241
688 0.924000 0.913257
689 0.920000 0.913267
690 0.918000 0.913274
691 0.900000 0.913254
692 0.886000 0.913215
693 0.906000 0.913205
694 0.898000 0.913183
695 0.906000 0.913172
696 0.898000 0.913151
697 0.916000 0.913155
698 0.900000 0.913136
699 0.918000 0.913143
700 0.920000 0.913153
701 0.902000 0.913137
702 0.908000 0.913129
703 0.898000 0.913108
704 0.918000 0.913115
705 0.918000 0.913122
706 0.920000 0.913132
707 0.910000 0.913127
708 0.900000 0.913109
709 0.894000 0.913082
710 0.928000 0.913103
711 0.920000 0.913112
712 0.918000 0.913119
713 0.914000 0.913120
714 0.910000 0.913116
715 0.904000 0.913103
716 0.920000 0.913113
717 0.918000 0.913120
718 0.940000 0.913157
719 0.930000 0.913181
720 0.910000 0.913176
721 0.934000 0.913205
722 0.932000 0.913231
723 0.928000 0.913251
724 0.930000 0.913274
725 0.912000 0.913273
726 0.928000 0.913293
727 0.944000 0.913335
728 0.940000 0.913372
729 0.926000 0.913389
730 0.934000 0.913417
731 0.924000 0.913432
732 0.930000 0.913454
733 0.910000 0.913450
734 0.896000 0.913426
735 0.888000 0.913391
736 0.914000 0.913392
737 0.912000 0.913390
738 0.898000 0.913369
739 0.914000 0.913370
740 0.904000 0.913358
741 0.926000 0.913375
742 0.926000 0.913392
743 0.922000 0.913403
744 0.924000 0.913417
745 0.910000 0.913413
746 0.912000 0.913411
747 0.926000 0.913428
748 0.926000 0.913445
749 0.918000 0.913451
750 0.902000 0.913435
751 0.904000 0.913423
752 0.908000 0.913416
753 0.906000 0.913406
754 0.924000 0.913420
755 0.906000 0.913410
756 0.912000 0.913408
757 0.922000 0.913420
758 0.920000 0.913428
759 0.918000 0.913434
760 0.932000 0.913459
761 0.928000 0.913478
762 0.922000 0.913489
763 0.912000 0.913487
764 0.916000 0.913490
765 0.924000 0.913504
766 0.920000 0.913512
767 0.904000 0.913500
768 0.910000 0.913495
769 0.920000 0.913504
770 0.914000 0.913505
771 0.904000 0.913492
772 0.910000 0.913488
773 0.928000 0.913506
774 0.926000 0.913523
775 0.910000 0.913518
776 0.896000 0.913495
777 0.894000 0.913470
778 0.904000 0.913458
779 0.908000 0.913451
780 0.924000 0.913465
781 0.934000 0.913491
782 0.930000 0.913512
783 0.914000 0.913513
784 0.912000 0.913511
785 0.920000 0.913519
786 0.926000 0.913535
787 0.924000 0.913548
788 0.938000 0.913579
789 0.922000 0.913590
790 0.920000 0.913598
791 0.910000 0.913593
792 0.920000 0.913602
793 0.908000 0.913594
794 0.902000 0.913580
795 0.912000 0.913578
796 0.896000 0.913556
797 0.916000 0.913559
798 0.924000 0.913572
799 0.912000 0.913570
800 0.928000 0.913588
801 0.902000 0.913574
802 0.904000 0.913562
803 0.890000 0.913532
804 0.906000 0.913523
805 0.886000 0.913489
806 0.908000 0.913482
807 0.898000 0.913463
808 0.892000 0.913436
809 0.902000 0.913422
810 0.922000 0.913433
811 0.904000 0.913421
812 0.930000 0.913442
813 0.930000 0.913462
814 0.906000 0.913453
815 0.918000 0.913458
816 0.908000 0.913452
817 0.914000 0.913452
818 0.916000 0.913455
819 0.918000 0.913461
820 0.908000 0.913454
821 0.900000 0.913438
822 0.934000 0.913463
823 0.916000 0.913466
824 0.900000 0.913450
825 0.922000 0.913460
826 0.898000 0.913441
827 0.898000 0.913423
828 0.900000 0.913407
829 0.900000 0.913390
830 0.888000 0.913360
831 0.886000 0.913327
832 0.908000 0.913321
833 0.894000 0.913297
834 0.900000 0.913281
835 0.914000 0.913282
836 0.904000 0.913271
837 0.894000 0.913248
838 0.902000 0.913235
839 0.906000 0.913226
840 0.884000 0.913191
841 0.890000 0.913164
842 0.886000 0.913132
843 0.890000 0.913104
844 0.910000 0.913101
845 0.896000 0.913080
846 0.902000 0.913067
847 0.906000 0.913059
848 0.902000 0.913046
849 0.894000 0.913024
850 0.906000 0.913015
851 0.904000 0.913005
852 0.914000 0.913006
853 0.918000 0.913012
854 0.900000 0.912996
855 0.916000 0.913000
856 0.896000 0.912980
857 0.896000 0.912960
858 0.886000 0.912929
859 0.902000 0.912916
860 0.908000 0.912911
861 0.908000 0.912905
862 0.906000 0.912897
863 0.908000 0.912891
864 0.900000 0.912876
865 0.906000 0.912868
866 0.896000 0.912849
867 0.926000 0.912864
868 0.952000 0.912909
869 0.942000 0.912943
870 0.938000 0.912971
871 0.932000 0.912993
872 0.912000 0.912992
873 0.924000 0.913005
874 0.914000 0.913006
875 0.928000 0.913023
876 0.946000 0.913060
877 0.934000 0.913084
878 0.920000 0.913092
879 0.910000 0.913089
880 0.926000 0.913103
881 0.910000 0.913100
882 0.894000 0.913078
883 0.896000 0.913059
884 0.902000 0.913046
885 0.888000 0.913018
886 0.906000 0.913010
887 0.904000 0.913000
888 0.886000 0.912970
889 0.906000 0.912962
890 0.910000 0.912958
891 0.906000 0.912951
892 0.906000 0.912943
893 0.924000 0.912955
894 0.934000 0.912979
895 0.926000 0.912993
896 0.940000 0.913023
897 0.912000 0.913022
898 0.898000 0.913006
899 0.890000 0.912980
900 0.894000 0.912959
901 0.912000 0.912958
902 0.910000 0.912955
903 0.940000 0.912985
904 0.930000 0.913003
905 0.930000 0.913022
906 0.928000 0.913039
907 0.904000 0.913029
908 0.898000 0.913012
909 0.892000 0.912989
910 0.898000 0.912973
911 0.928000 0.912989
912 0.922000 0.912999
913 0.928000 0.913015
914 0.908000 0.913010
915 0.906000 0.913002
916 0.914000 0.913003
917 0.916000 0.913007
918 0.916000 0.913010
919 0.936000 0.913035
920 0.946000 0.913071
921 0.928000 0.913087
922 0.916000 0.913090
923 0.908000 0.913084
924 0.896000 0.913066
925 0.898000 0.913050
926 0.904000 0.913040
927 0.908000 0.913034
928 0.890000 0.913010
929 0.902000 0.912998
930 0.904000 0.912988
931 0.928000 0.913004
932 0.908000 0.912999
933 0.890000 0.912974
934 0.912000 0.912973
935 0.906000 0.912966
936 0.912000 0.912965
937 0.918000 0.912970
938 0.932000 0.912990
939 0.916000 0.912994
940 0.916000 0.912997
941 0.914000 0.912998
942 0.894000 0.912978
943 0.892000 0.912956
944 0.920000 0.912963
945 0.906000 0.912956
946 0.912000 0.912955
947 0.910000 0.912951
948 0.914000 0.912953
949 0.910000 0.912949
950 0.910000 0.912946
951 0.904000 0.912937
952 0.902000 0.912925
953 0.904000 0.912916
954 0.936000 0.912940
955 0.926000 0.912954
956 0.918000 0.912959
957 0.906000 0.912952
958 0.906000 0.912945
959 0.914000 0.912946
960 0.904000 0.912937
961 0.914000 0.912938
962 0.922000 0.912947
963 0.918000 0.912952
964 0.898000 0.912937
965 0.908000 0.912932
966 0.934000 0.912953
967 0.912000 0.912952
968 0.892000 0.912931
969 0.900000 0.912918
970 0.926000 0.912931
971 0.888000 0.912905
972 0.914000 0.912906
973 0.924000 0.912918
974 0.908000 0.912913
975 0.916000 0.912916
976 0.904000 0.912907
977 0.906000 0.912900
978 0.914000 0.912901
979 0.912000 0.912900
980 0.908000 0.912895
981 0.920000 0.912902
982 0.914000 0.912903
983 0.918000 0.912909
984 0.914000 0.912910
985 0.924000 0.912921
986 0.910000 0.912918
987 0.896000 0.912901
988 0.900000 0.912888
989 0.916000 0.912891
990 0.916000 0.912894
991 0.924000 0.912905
992 0.914000 0.912906
993 0.910000 0.912903
994 0.916000 0.912907
995 0.918000 0.912912
996 0.900000 0.912899
997 0.912000 0.912898
998 0.922000 0.912907
999 0.914000 0.912908
