0 1.000000 1.000000
1 0.984000 0.992000
2 0.970000 0.984667
3 0.958000 0.978000
4 0.938000 0.970000
5 0.956000 0.967667
6 0.958000 0.966286
7 0.958000 0.965250
8 0.960000 0.964667
9 0.936000 0.961800
10 0.946000 0.960364
11 0.944000 0.959000
12 0.954000 0.958615
13 0.942000 0.957429
14 0.942000 0.956400
15 0.924000 0.954375
16 0.938000 0.953412
17 0.934000 0.952333
18 0.936000 0.951474
19 0.936000 0.950700
20 0.932000 0.949810
21 0.926000 0.948727
22 0.934000 0.948087
23 0.936000 0.947583
24 0.946000 0.947520
25 0.940000 0.947231
26 0.938000 0.946889
27 0.938000 0.946571
28 0.944000 0.946483
29 0.936000 0.946133
30 0.918000 0.945226
31 0.914000 0.944250
32 0.922000 0.943576
33 0.930000 0.943176
34 0.938000 0.943029
35 0.914000 0.942222
36 0.924000 0.941730
37 0.914000 0.941000
38 0.920000 0.940462
39 0.928000 0.940150
40 0.898000 0.939122
41 0.912000 0.938476
42 0.916000 0.937953
43 0.920000 0.937545
44 0.936000 0.937511
45 0.930000 0.937348
46 0.938000 0.937362
47 0.924000 0.937083
48 0.924000 0.936816
49 0.940000 0.936880
50 0.930000 0.936745
51 0.936000 0.936731
52 0.936000 0.936717
53 0.928000 0.936556
54 0.932000 0.936473
55 0.932000 0.936393
56 0.940000 0.936456
57 0.944000 0.936586
58 0.920000 0.936305
59 0.934000 0.936267
60 0.924000 0.936066
61 0.922000 0.935839
62 0.912000 0.935460
63 0.924000 0.935281
64 0.936000 0.935292
65 0.936000 0.935303
66 0.934000 0.935284
67 0.942000 0.935382
68 0.956000 0.935681
69 0.932000 0.935629
70 0.946000 0.935775
71 0.942000 0.935861
72 0.922000 0.935671
73 0.922000 0.935486
74 0.942000 0.935573
75 0.940000 0.935632
76 0.932000 0.935584
77 0.944000 0.935692
78 0.940000 0.935747
79 0.924000 0.935600
80 0.938000 0.935630
81 0.930000 0.935561
82 0.930000 0.935494
83 0.934000 0.935476
84 0.928000 0.935388
85 0.912000 0.935116
86 0.912000 0.934851
87 0.918000 0.934659
88 0.914000 0.934427
89 0.928000 0.934356
90 0.944000 0.934462
91 0.920000 0.934304
92 0.920000 0.934151
93 0.918000 0.933979
94 0.950000 0.934147
95 0.936000 0.934167
96 0.920000 0.934021
97 0.920000 0.933878
98 0.920000 0.933737
99 0.924000 0.933640
100 0.918000 0.933485
101 0.926000 0.933412
102 0.928000 0.933359
103 0.934000 0.933365
104 0.944000 0.933467
105 0.922000 0.933358
106 0.932000 0.933346
107 0.950000 0.933500
108 0.956000 0.933706
109 0.942000 0.933782
110 0.950000 0.933928
111 0.944000 0.934018
112 0.952000 0.934177
113 0.966000 0.934456
114 0.936000 0.934470
115 0.932000 0.934448
116 0.938000 0.934479
117 0.934000 0.934475
118 0.952000 0.934622
119 0.942000 0.934683
120 0.936000 0.934694
121 0.936000 0.934705
122 0.934000 0.934699
123 0.938000 0.934726
124 0.928000 0.934672
125 0.940000 0.934714
126 0.938000 0.934740
127 0.934000 0.934734
128 0.932000 0.934713
129 0.942000 0.934769
130 0.918000 0.934641
131 0.932000 0.934621
132 0.914000 0.934466
133 0.914000 0.934313
134 0.930000 0.934281
135 0.926000 0.934221
136 0.946000 0.934307
137 0.936000 0.934319
138 0.944000 0.934388
139 0.946000 0.934471
140 0.932000 0.934454
141 0.932000 0.934437
142 0.936000 0.934448
143 0.936000 0.934458
144 0.936000 0.934469
145 0.930000 0.934438
146 0.942000 0.934490
147 0.946000 0.934568
148 0.950000 0.934671
149 0.956000 0.934813
150 0.922000 0.934728
151 0.934000 0.934724
152 0.930000 0.934693
153 0.946000 0.934766
154 0.922000 0.934684
155 0.938000 0.934705
156 0.910000 0.934548
157 0.912000 0.934405
158 0.908000 0.934239
159 0.912000 0.934100
160 0.924000 0.934037
161 0.930000 0.934012
162 0.926000 0.933963
163 0.930000 0.933939
164 0.922000 0.933867
165 0.920000 0.933783
166 0.938000 0.933808
167 0.930000 0.933786
168 0.946000 0.933858
169 0.928000 0.933824
170 0.928000 0.933789
171 0.920000 0.933709
172 0.922000 0.933642
173 0.942000 0.933690
174 0.942000 0.933737
175 0.934000 0.933739
176 0.938000 0.933763
177 0.924000 0.933708
178 0.922000 0.933642
179 0.942000 0.933689
180 0.950000 0.933779
181 0.948000 0.933857
182 0.952000 0.933956
183 0.936000 0.933967
184 0.948000 0.934043
185 0.944000 0.934097
186 0.948000 0.934171
187 0.938000 0.934191
188 0.922000 0.934127
189 0.942000 0.934168
190 0.922000 0.934105
191 0.938000 0.934125
192 0.932000 0.934114
193 0.960000 0.934247
194 0.928000 0.934215
195 0.932000 0.934204
196 0.950000 0.934284
197 0.952000 0.934374
198 0.934000 0.934372
199 0.932000 0.934360
200 0.942000 0.934398
201 0.930000 0.934376
202 0.936000 0.934384
203 0.948000 0.934451
204 0.944000 0.934498
205 0.944000 0.934544
206 0.934000 0.934541
207 0.938000 0.934558
208 0.936000 0.934565
209 0.948000 0.934629
210 0.920000 0.934559
211 0.928000 0.934528
212 0.942000 0.934563
213 0.940000 0.934589
214 0.930000 0.934567
215 0.952000 0.934648
216 0.950000 0.934719
217 0.956000 0.934817
218 0.948000 0.934877
219 0.942000 0.934909
220 0.932000 0.934896
221 0.928000 0.934865
222 0.932000 0.934852
223 0.932000 0.934839
224 0.938000 0.934853
225 0.936000 0.934858
226 0.932000 0.934846
227 0.930000 0.934825
228 0.922000 0.934769
229 0.932000 0.934757
230 0.932000 0.934745
231 0.940000 0.934767
232 0.946000 0.934815
233 0.930000 0.934795
234 0.920000 0.934732
235 0.932000 0.934720
236 0.936000 0.934726
237 0.928000 0.934697
238 0.922000 0.934644
239 0.930000 0.934625
240 0.922000 0.934573
241 0.934000 0.934570
242 0.940000 0.934593
243 0.948000 0.934648
244 0.910000 0.934547
245 0.920000 0.934488
246 0.920000 0.934429
247 0.934000 0.934427
248 0.926000 0.934394
249 0.910000 0.934296
250 0.924000 0.934255
251 0.916000 0.934183
252 0.932000 0.934174
253 0.932000 0.934165
254 0.926000 0.934133
255 0.940000 0.934156
256 0.932000 0.934148
257 0.912000 0.934062
258 0.942000 0.934093
259 0.940000 0.934115
260 0.940000 0.934138
261 0.946000 0.934183
262 0.944000 0.934221
263 0.920000 0.934167
264 0.918000 0.934106
265 0.936000 0.934113
266 0.948000 0.934165
267 0.958000 0.934254
268 0.944000 0.934290
269 0.932000 0.934281
270 0.930000 0.934266
271 0.924000 0.934228
272 0.950000 0.934286
273 0.952000 0.934350
274 0.946000 0.934393
275 0.944000 0.934428
276 0.936000 0.934433
277 0.936000 0.934439
278 0.940000 0.934459
279 0.926000 0.934429
280 0.948000 0.934477
281 0.936000 0.934482
282 0.936000 0.934488
283 0.932000 0.934479
284 0.928000 0.934456
285 0.928000 0.934434
286 0.948000 0.934481
287 0.924000 0.934444
288 0.926000 0.934415
289 0.926000 0.934386
290 0.928000 0.934364
291 0.920000 0.934315
292 0.922000 0.934273
293 0.944000 0.934306
294 0.948000 0.934353
295 0.946000 0.934392
296 0.934000 0.934391
297 0.946000 0.934430
298 0.948000 0.934475
299 0.942000 0.934500
300 0.936000 0.934505
301 0.940000 0.934523
302 0.928000 0.934502
303 0.942000 0.934526
304 0.938000 0.934538
305 0.946000 0.934575
306 0.942000 0.934599
307 0.944000 0.934630
308 0.956000 0.934699
309 0.956000 0.934768
310 0.936000 0.934772
311 0.926000 0.934744
312 0.942000 0.934767
313 0.928000 0.934745
314 0.926000 0.934717
315 0.926000 0.934690
316 0.936000 0.934694
317 0.926000 0.934667
318 0.930000 0.934652
319 0.932000 0.934644
320 0.956000 0.934710
321 0.938000 0.934720
322 0.940000 0.934737
323 0.946000 0.934772
324 0.936000 0.934775
325 0.936000 0.934779
326 0.938000 0.934789
327 0.920000 0.934744
328 0.912000 0.934675
329 0.902000 0.934576
330 0.928000 0.934556
331 0.948000 0.934596
332 0.938000 0.934607
333 0.946000 0.934641
334 0.940000 0.934657
335 0.934000 0.934655
336 0.924000 0.934623
337 0.942000 0.934645
338 0.950000 0.934690
339 0.946000 0.934724
340 0.938000 0.934733
341 0.924000 0.934702
342 0.924000 0.934671
343 0.936000 0.934674
344 0.926000 0.934649
345 0.924000 0.934618
346 0.932000 0.934611
347 0.930000 0.934598
348 0.938000 0.934607
349 0.936000 0.934611
350 0.936000 0.934615
351 0.944000 0.934642
352 0.948000 0.934680
353 0.940000 0.934695
354 0.948000 0.934732
355 0.926000 0.934708
356 0.922000 0.934672
357 0.936000 0.934676
358 0.950000 0.934719
359 0.946000 0.934750
360 0.936000 0.934753
361 0.946000 0.934785
362 0.936000 0.934788
363 0.942000 0.934808
364 0.944000 0.934833
365 0.934000 0.934831
366 0.918000 0.934785
367 0.934000 0.934783
368 0.946000 0.934813
369 0.940000 0.934827
370 0.944000 0.934852
371 0.952000 0.934898
372 0.938000 0.934906
373 0.934000 0.934904
374 0.950000 0.934944
375 0.946000 0.934973
376 0.934000 0.934971
377 0.928000 0.934952
378 0.928000 0.934934
379 0.940000 0.934947
380 0.934000 0.934945
381 0.950000 0.934984
382 0.946000 0.935013
383 0.944000 0.935036
384 0.930000 0.935023
385 0.924000 0.934995
386 0.946000 0.935023
387 0.928000 0.935005
388 0.928000 0.934987
389 0.918000 0.934944
390 0.934000 0.934941
391 0.932000 0.934934
392 0.942000 0.934952
393 0.946000 0.934980
394 0.938000 0.934987
395 0.918000 0.934944
396 0.938000 0.934952
397 0.942000 0.934970
398 0.922000 0.934937
399 0.928000 0.934920
400 0.938000 0.934928
401 0.938000 0.934935
402 0.938000 0.934943
403 0.946000 0.934970
404 0.940000 0.934983
405 0.918000 0.934941
406 0.928000 0.934924
407 0.938000 0.934931
408 0.924000 0.934905
409 0.922000 0.934873
410 0.928000 0.934856
411 0.908000 0.934791
412 0.892000 0.934688
413 0.910000 0.934628
414 0.920000 0.934593
415 0.924000 0.934567
416 0.932000 0.934561
417 0.938000 0.934569
418 0.936000 0.934573
419 0.922000 0.934543
420 0.934000 0.934542
421 0.930000 0.934531
422 0.932000 0.934525
423 0.928000 0.934509
424 0.938000 0.934518
425 0.910000 0.934460
426 0.930000 0.934450
427 0.922000 0.934421
428 0.930000 0.934410
429 0.916000 0.934367
430 0.916000 0.934325
431 0.926000 0.934306
432 0.936000 0.934309
433 0.936000 0.934313
434 0.924000 0.934290
435 0.942000 0.934307
436 0.918000 0.934270
437 0.916000 0.934228
438 0.912000 0.934178
439 0.904000 0.934109
440 0.900000 0.934032
441 0.928000 0.934018
442 0.940000 0.934032
443 0.924000 0.934009
444 0.928000 0.933996
445 0.920000 0.933964
446 0.936000 0.933969
447 0.926000 0.933951
448 0.932000 0.933947
449 0.928000 0.933933
450 0.938000 0.933942
451 0.944000 0.933965
452 0.934000 0.933965
453 0.944000 0.933987
454 0.948000 0.934018
455 0.940000 0.934031
456 0.956000 0.934079
457 0.946000 0.934105
458 0.950000 0.934139
459 0.956000 0.934187
460 0.950000 0.934221
461 0.934000 0.934221
462 0.930000 0.934212
463 0.944000 0.934233
464 0.932000 0.934228
465 0.934000 0.934227
466 0.934000 0.934227
467 0.952000 0.934265
468 0.924000 0.934243
469 0.908000 0.934187
470 0.914000 0.934144
471 0.938000 0.934153
472 0.930000 0.934144
473 0.928000 0.934131
474 0.930000 0.934122
475 0.942000 0.934139
476 0.944000 0.934159
477 0.930000 0.934151
478 0.920000 0.934121
479 0.924000 0.934100
480 0.932000 0.934096
481 0.928000 0.934083
482 0.944000 0.934104
483 0.938000 0.934112
484 0.926000 0.934095
485 0.922000 0.934070
486 0.918000 0.934037
487 0.932000 0.934033
488 0.938000 0.934041
489 0.934000 0.934041
490 0.948000 0.934069
491 0.948000 0.934098
492 0.960000 0.934150
493 0.966000 0.934215
494 0.966000 0.934279
495 0.934000 0.934278
496 0.936000 0.934282
497 0.932000 0.934277
498 0.924000 0.934257
499 0.912000 0.934212
500 0.918000 0.934180
501 0.934000 0.934179
502 0.930000 0.934171
503 0.938000 0.934179
504 0.946000 0.934202
505 0.922000 0.934178
506 0.926000 0.934162
507 0.924000 0.934142
508 0.936000 0.934145
509 0.928000 0.934133
510 0.938000 0.934141
511 0.926000 0.934125
512 0.922000 0.934101
513 0.932000 0.934097
514 0.926000 0.934082
515 0.928000 0.934070
516 0.928000 0.934058
517 0.924000 0.934039
518 0.932000 0.934035
519 0.932000 0.934031
520 0.936000 0.934035
521 0.932000 0.934031
522 0.936000 0.934034
523 0.938000 0.934042
524 0.946000 0.934065
525 0.926000 0.934049
526 0.946000 0.934072
527 0.960000 0.934121
528 0.950000 0.934151
529 0.924000 0.934132
530 0.928000 0.934121
531 0.930000 0.934113
532 0.940000 0.934124
533 0.946000 0.934146
534 0.924000 0.934127
535 0.934000 0.934127
536 0.922000 0.934104
537 0.942000 0.934119
538 0.936000 0.934122
539 0.942000 0.934137
540 0.946000 0.934159
541 0.942000 0.934173
542 0.934000 0.934173
543 0.940000 0.934184
544 0.928000 0.934172
545 0.930000 0.934165
546 0.950000 0.934194
547 0.956000 0.934234
548 0.952000 0.934266
549 0.948000 0.934291
550 0.934000 0.934290
551 0.922000 0.934268
552 0.940000 0.934278
553 0.924000 0.934260
554 0.922000 0.934238
555 0.938000 0.934245
556 0.926000 0.934230
557 0.944000 0.934247
558 0.926000 0.934233
559 0.926000 0.934218
560 0.936000 0.934221
561 0.922000 0.934199
562 0.936000 0.934202
563 0.922000 0.934181
564 0.926000 0.934166
565 0.920000 0.934141
566 0.916000 0.934109
567 0.906000 0.934060
568 0.904000 0.934007
569 0.926000 0.933993
570 0.932000 0.933989
571 0.926000 0.933976
572 0.912000 0.933937
573 0.918000 0.933909
574 0.922000 0.933889
575 0.922000 0.933868
576 0.924000 0.933851
577 0.928000 0.933841
578 0.918000 0.933813
579 0.924000 0.933797
580 0.924000 0.933780
581 0.936000 0.933784
582 0.942000 0.933798
583 0.930000 0.933791
584 0.952000 0.933822
585 0.938000 0.933829
586 0.940000 0.933840
587 0.932000 0.933837
588 0.940000 0.933847
589 0.944000 0.933864
590 0.938000 0.933871
591 0.942000 0.933885
592 0.930000 0.933879
593 0.928000 0.933869
594 0.928000 0.933859
595 0.922000 0.933839
596 0.928000 0.933829
597 0.934000 0.933829
598 0.934000 0.933830
599 0.942000 0.933843
600 0.918000 0.933817
601 0.926000 0.933804
602 0.926000 0.933791
603 0.934000 0.933791
604 0.940000 0.933802
605 0.932000 0.933799
606 0.926000 0.933786
607 0.928000 0.933776
608 0.930000 0.933770
609 0.936000 0.933774
610 0.926000 0.933761
611 0.932000 0.933758
612 0.940000 0.933768
613 0.938000 0.933775
614 0.938000 0.933782
615 0.928000 0.933773
616 0.948000 0.933796
617 0.932000 0.933793
618 0.930000 0.933787
619 0.940000 0.933797
620 0.926000 0.933784
621 0.910000 0.933746
622 0.908000 0.933705
623 0.924000 0.933689
624 0.930000 0.933683
625 0.922000 0.933665
626 0.936000 0.933668
627 0.926000 0.933656
628 0.934000 0.933657
629 0.916000 0.933629
630 0.928000 0.933620
631 0.932000 0.933617
632 0.924000 0.933602
633 0.908000 0.933562
634 0.934000 0.933562
635 0.944000 0.933579
636 0.944000 0.933595
637 0.930000 0.933589
638 0.930000 0.933584
639 0.924000 0.933569
640 0.922000 0.933551
641 0.924000 0.933536
642 0.910000 0.933499
643 0.918000 0.933475
644 0.928000 0.933467
645 0.932000 0.933464
646 0.954000 0.933496
647 0.938000 0.933503
648 0.930000 0.933498
649 0.928000 0.933489
650 0.920000 0.933469
651 0.942000 0.933482
652 0.940000 0.933492
653 0.954000 0.933523
654 0.946000 0.933542
655 0.940000 0.933552
656 0.938000 0.933559
657 0.932000 0.933556
658 0.948000 0.933578
659 0.932000 0.933576
660 0.944000 0.933592
661 0.936000 0.933595
662 0.938000 0.933602
663 0.932000 0.933599
664 0.946000 0.933618
665 0.924000 0.933604
666 0.928000 0.933595
667 0.932000 0.933593
668 0.938000 0.933599
669 0.950000 0.933624
670 0.946000 0.933642
671 0.934000 0.933643
672 0.942000 0.933655
673 0.940000 0.933665
674 0.950000 0.933689
675 0.948000 0.933710
676 0.928000 0.933702
677 0.928000 0.933693
678 0.928000 0.933685
679 0.938000 0.933691
680 0.926000 0.933680
681 0.944000 0.933695
682 0.932000 0.933693
683 0.942000 0.933705
684 0.942000 0.933717
685 0.938000 0.933723
686 0.954000 0.933753
687 0.936000 0.933756
688 0.944000 0.933771
689 0.934000 0.933771
690 0.930000 0.933766
691 0.928000 0.933757
692 0.908000 0.933720
693 0.940000 0.933729
694 0.930000 0.933724
695 0.932000 0.933721
696 0.920000 0.933702
697 0.928000 0.933693
698 0.918000 0.933671
699 0.926000 0.933660
700 0.922000 0.933643
701 0.916000 0.933618
702 0.928000 0.933610
703 0.924000 0.933597
704 0.930000 0.933591
705 0.934000 0.933592
706 0.936000 0.933595
707 0.922000 0.933579
708 0.912000 0.933549
709 0.918000 0.933527
710 0.940000 0.933536
711 0.926000 0.933525
712 0.934000 0.933526
713 0.926000 0.933515
714 0.920000 0.933497
715 0.924000 0.933483
716 0.932000 0.933481
717 0.934000 0.933482
718 0.950000 0.933505
719 0.938000 0.933511
720 0.924000 0.933498
721 0.942000 0.933510
722 0.944000 0.933524
723 0.940000 0.933533
724 0.932000 0.933531
725 0.928000 0.933523
726 0.932000 0.933521
727 0.942000 0.933533
728 0.942000 0.933545
729 0.940000 0.933553
730 0.954000 0.933581
731 0.942000 0.933593
732 0.950000 0.933615
733 0.926000 0.933605
734 0.922000 0.933589
735 0.922000 0.933573
736 0.942000 0.933585
737 0.932000 0.933583
738 0.922000 0.933567
739 0.930000 0.933562
740 0.924000 0.933549
741 0.938000 0.933555
742 0.944000 0.933569
743 0.940000 0.933578
744 0.932000 0.933576
745 0.932000 0.933574
746 0.940000 0.933582
747 0.946000 0.933599
748 0.944000 0.933613
749 0.938000 0.933619
750 0.924000 0.933606
751 0.932000 0.933604
752 0.944000 0.933618
753 0.932000 0.933615
754 0.938000 0.933621
755 0.924000 0.933608
756 0.932000 0.933606
757 0.952000 0.933631
758 0.938000 0.933636
759 0.946000 0.933653
760 0.956000 0.933682
761 0.946000 0.933698
762 0.932000 0.933696
763 0.918000 0.933675
764 0.930000 0.933671
765 0.930000 0.933666
766 0.934000 0.933666
767 0.914000 0.933641
768 0.926000 0.933631
769 0.936000 0.933634
770 0.926000 0.933624
771 0.930000 0.933619
772 0.934000 0.933620
773 0.942000 0.933630
774 0.946000 0.933646
775 0.932000 0.933644
776 0.920000 0.933627
777 0.924000 0.933614
778 0.924000 0.933602
779 0.934000 0.933603
780 0.944000 0.933616
781 0.954000 0.933642
782 0.946000 0.933658
783 0.930000 0.933653
784 0.932000 0.933651
785 0.936000 0.933654
786 0.952000 0.933677
787 0.944000 0.933690
788 0.954000 0.933716
789 0.936000 0.933719
790 0.930000 0.933714
791 0.930000 0.933710
792 0.936000 0.933712
793 0.932000 0.933710
794 0.930000 0.933706
795 0.938000 0.933711
796 0.926000 0.933701
797 0.932000 0.933699
798 0.946000 0.933715
799 0.938000 0.933720
800 0.952000 0.933743
801 0.928000 0.933736
802 0.928000 0.933729
803 0.910000 0.933699
804 0.922000 0.933684
805 0.920000 0.933667
806 0.938000 0.933673
807 0.924000 0.933661
808 0.916000 0.933639
809 0.918000 0.933620
810 0.938000 0.933625
811 0.920000 0.933608
812 0.946000 0.933624
813 0.954000 0.933649
814 0.930000 0.933644
815 0.948000 0.933662
816 0.940000 0.933670
817 0.944000 0.933682
818 0.936000 0.933685
819 0.930000 0.933680
820 0.920000 0.933664
821 0.920000 0.933647
822 0.952000 0.933670
823 0.942000 0.933680
824 0.928000 0.933673
825 0.934000 0.933673
826 0.918000 0.933654
827 0.928000 0.933647
828 0.930000 0.933643
829 0.934000 0.933643
830 0.922000 0.933629
831 0.924000 0.933618
832 0.936000 0.933621
833 0.916000 0.933600
834 0.928000 0.933593
835 0.936000 0.933596
836 0.934000 0.933596
837 0.932000 0.933594
838 0.928000 0.933588
839 0.936000 0.933590
840 0.904000 0.933555
841 0.916000 0.933534
842 0.920000 0.933518
843 0.916000 0.933498
844 0.926000 0.933489
845 0.924000 0.933478
846 0.930000 0.933473
847 0.938000 0.933479
848 0.926000 0.933470
849 0.912000 0.933445
850 0.922000 0.933431
851 0.920000 0.933415
852 0.934000 0.933416
853 0.946000 0.933431
854 0.930000 0.933427
855 0.942000 0.933437
856 0.926000 0.933428
857 0.934000 0.933429
858 0.914000 0.933406
859 0.922000 0.933393
860 0.928000 0.933387
861 0.924000 0.933376
862 0.926000 0.933367
863 0.922000 0.933354
864 0.920000 0.933339
865 0.936000 0.933342
866 0.940000 0.933349
867 0.960000 0.933380
868 0.972000 0.933425
869 0.962000 0.933457
870 0.956000 0.933483
871 0.950000 0.933502
872 0.928000 0.933496
873 0.940000 0.933503
874 0.932000 0.933502
875 0.950000 0.933521
876 0.962000 0.933553
877 0.948000 0.933569
878 0.940000 0.933577
879 0.940000 0.933584
880 0.948000 0.933600
881 0.926000 0.933592
882 0.908000 0.933563
883 0.924000 0.933552
884 0.932000 0.933550
885 0.914000 0.933528
886 0.930000 0.933524
887 0.934000 0.933525
888 0.910000 0.933498
889 0.922000 0.933485
890 0.926000 0.933477
891 0.918000 0.933460
892 0.926000 0.933451
893 0.944000 0.933463
894 0.950000 0.933482
895 0.940000 0.933489
896 0.952000 0.933509
897 0.932000 0.933508
898 0.920000 0.933493
899 0.916000 0.933473
900 0.920000 0.933458
901 0.926000 0.933450
902 0.928000 0.933444
903 0.950000 0.933462
904 0.940000 0.933470
905 0.948000 0.933486
906 0.940000 0.933493
907 0.922000 0.933480
908 0.928000 0.933474
909 0.920000 0.933459
910 0.920000 0.933445
911 0.944000 0.933456
912 0.934000 0.933457
913 0.948000 0.933473
914 0.930000 0.933469
915 0.928000 0.933463
916 0.952000 0.933483
917 0.942000 0.933492
918 0.938000 0.933497
919 0.950000 0.933515
920 0.956000 0.933540
921 0.938000 0.933544
922 0.940000 0.933551
923 0.942000 0.933561
924 0.916000 0.933542
925 0.924000 0.933531
926 0.922000 0.933519
927 0.924000 0.933509
928 0.912000 0.933485
929 0.924000 0.933475
930 0.930000 0.933472
931 0.946000 0.933485
932 0.940000 0.933492
933 0.914000 0.933471
934 0.928000 0.933465
935 0.928000 0.933459
936 0.932000 0.933458
937 0.942000 0.933467
938 0.946000 0.933480
939 0.928000 0.933474
940 0.936000 0.933477
941 0.938000 0.933482
942 0.922000 0.933470
943 0.922000 0.933458
944 0.932000 0.933456
945 0.930000 0.933452
946 0.932000 0.933451
947 0.930000 0.933447
948 0.938000 0.933452
949 0.936000 0.933455
950 0.938000 0.933460
951 0.928000 0.933454
952 0.932000 0.933452
953 0.930000 0.933449
954 0.958000 0.933474
955 0.942000 0.933483
956 0.932000 0.933482
957 0.930000 0.933478
958 0.930000 0.933474
959 0.934000 0.933475
960 0.924000 0.933465
961 0.936000 0.933468
962 0.940000 0.933475
963 0.932000 0.933473
964 0.926000 0.933465
965 0.932000 0.933464
966 0.942000 0.933473
967 0.928000 0.933467
968 0.912000 0.933445
969 0.924000 0.933435
970 0.950000 0.933452
971 0.918000 0.933436
972 0.938000 0.933441
973 0.946000 0.933454
974 0.932000 0.933452
975 0.932000 0.933451
976 0.924000 0.933441
977 0.932000 0.933440
978 0.938000 0.933444
979 0.938000 0.933449
980 0.934000 0.933450
981 0.940000 0.933456
982 0.920000 0.933443
983 0.926000 0.933435
984 0.934000 0.933436
985 0.946000 0.933448
986 0.934000 0.933449
987 0.932000 0.933447
988 0.934000 0.933448
989 0.938000 0.933453
990 0.930000 0.933449
991 0.946000 0.933462
992 0.934000 0.933462
993 0.926000 0.933455
994 0.934000 0.933455
995 0.944000 0.933466
996 0.932000 0.933464
997 0.938000 0.933469
998 0.946000 0.933481
999 0.944000 0.933492
