0 1.000000 1.000000
1 0.984000 0.992000
2 0.964000 0.982667
3 0.950000 0.974500
4 0.928000 0.965200
5 0.930000 0.959333
6 0.938000 0.956286
7 0.938000 0.954000
8 0.942000 0.952667
9 0.920000 0.949400
10 0.940000 0.948545
11 0.934000 0.947333
12 0.942000 0.946923
13 0.930000 0.945714
14 0.920000 0.944000
15 0.910000 0.941875
16 0.914000 0.940235
17 0.902000 0.938111
18 0.904000 0.936316
19 0.914000 0.935200
20 0.916000 0.934286
21 0.904000 0.932909
22 0.912000 0.932000
23 0.922000 0.931583
24 0.932000 0.931600
25 0.928000 0.931462
26 0.912000 0.930741
27 0.906000 0.929857
28 0.920000 0.929517
29 0.908000 0.928800
30 0.890000 0.927548
31 0.890000 0.926375
32 0.894000 0.925394
33 0.910000 0.924941
34 0.920000 0.924800
35 0.894000 0.923944
36 0.904000 0.923405
37 0.900000 0.922789
38 0.898000 0.922154
39 0.902000 0.921650
40 0.880000 0.920634
41 0.900000 0.920143
42 0.906000 0.919814
43 0.914000 0.919682
44 0.928000 0.919867
45 0.914000 0.919739
46 0.926000 0.919872
47 0.910000 0.919667
48 0.900000 0.919265
49 0.916000 0.919200
50 0.894000 0.918706
51 0.920000 0.918731
52 0.914000 0.918642
53 0.904000 0.918370
54 0.898000 0.918000
55 0.906000 0.917786
56 0.912000 0.917684
57 0.922000 0.917759
58 0.894000 0.917356
59 0.910000 0.917233
60 0.908000 0.917082
61 0.906000 0.916903
62 0.888000 0.916444
63 0.904000 0.916250
64 0.922000 0.916338
65 0.912000 0.916273
66 0.906000 0.916119
67 0.904000 0.915941
68 0.926000 0.916087
69 0.898000 0.915829
70 0.908000 0.915718
71 0.916000 0.915722
72 0.898000 0.915479
73 0.906000 0.915351
74 0.924000 0.915467
75 0.928000 0.915632
76 0.906000 0.915506
77 0.914000 0.915487
78 0.910000 0.915418
79 0.894000 0.915150
80 0.904000 0.915012
81 0.890000 0.914707
82 0.892000 0.914434
83 0.880000 0.914024
84 0.896000 0.913812
85 0.878000 0.913395
86 0.872000 0.912920
87 0.892000 0.912682
88 0.888000 0.912404
89 0.900000 0.912267
90 0.904000 0.912176
91 0.890000 0.911935
92 0.896000 0.911763
93 0.896000 0.911596
94 0.928000 0.911768
95 0.900000 0.911646
96 0.890000 0.911423
97 0.890000 0.911204
98 0.888000 0.910970
99 0.890000 0.910760
100 0.886000 0.910515
101 0.894000 0.910353
102 0.888000 0.910136
103 0.896000 0.910000
104 0.904000 0.909943
105 0.892000 0.909774
106 0.902000 0.909701
107 0.910000 0.909704
108 0.922000 0.909817
109 0.904000 0.909764
110 0.908000 0.909748
111 0.884000 0.909518
112 0.902000 0.909451
113 0.920000 0.909544
114 0.906000 0.909513
115 0.918000 0.909586
116 0.908000 0.909573
117 0.908000 0.909559
118 0.904000 0.909513
119 0.904000 0.909467
120 0.898000 0.909372
121 0.892000 0.909230
122 0.908000 0.909220
123 0.912000 0.909242
124 0.904000 0.909200
125 0.916000 0.909254
126 0.912000 0.909276
127 0.922000 0.909375
128 0.916000 0.909426
129 0.918000 0.909492
130 0.882000 0.909282
131 0.894000 0.909167
132 0.882000 0.908962
133 0.886000 0.908791
134 0.892000 0.908667
135 0.904000 0.908632
136 0.918000 0.908701
137 0.904000 0.908667
138 0.910000 0.908676
139 0.926000 0.908800
140 0.898000 0.908723
141 0.890000 0.908592
142 0.896000 0.908503
143 0.878000 0.908292
144 0.896000 0.908207
145 0.886000 0.908055
146 0.898000 0.907986
147 0.912000 0.908014
148 0.912000 0.908040
149 0.916000 0.908093
150 0.890000 0.907974
151 0.900000 0.907921
152 0.896000 0.907843
153 0.914000 0.907883
154 0.888000 0.907755
155 0.896000 0.907679
156 0.882000 0.907516
157 0.886000 0.907380
158 0.880000 0.907208
159 0.890000 0.907100
160 0.894000 0.907019
161 0.896000 0.906951
162 0.888000 0.906834
163 0.900000 0.906793
164 0.898000 0.906739
165 0.904000 0.906723
166 0.920000 0.906802
167 0.900000 0.906762
168 0.904000 0.906746
169 0.894000 0.906671
170 0.880000 0.906515
171 0.884000 0.906384
172 0.878000 0.906220
173 0.894000 0.906149
174 0.902000 0.906126
175 0.902000 0.906102
176 0.898000 0.906056
177 0.900000 0.906022
178 0.892000 0.905944
179 0.914000 0.905989
180 0.916000 0.906044
181 0.920000 0.906121
182 0.920000 0.906197
183 0.890000 0.906109
184 0.902000 0.906086
185 0.914000 0.906129
186 0.924000 0.906225
187 0.906000 0.906223
188 0.888000 0.906127
189 0.902000 0.906105
190 0.890000 0.906021
191 0.894000 0.905958
192 0.894000 0.905896
193 0.928000 0.906010
194 0.890000 0.905928
195 0.906000 0.905929
196 0.922000 0.906010
197 0.900000 0.905980
198 0.900000 0.905950
199 0.916000 0.906000
200 0.906000 0.906000
201 0.914000 0.906040
202 0.908000 0.906049
203 0.922000 0.906127
204 0.910000 0.906146
205 0.920000 0.906214
206 0.904000 0.906203
207 0.918000 0.906260
208 0.908000 0.906268
209 0.926000 0.906362
210 0.902000 0.906341
211 0.888000 0.906255
212 0.914000 0.906291
213 0.912000 0.906318
214 0.904000 0.906307
215 0.920000 0.906370
216 0.918000 0.906424
217 0.922000 0.906495
218 0.918000 0.906548
219 0.922000 0.906618
220 0.902000 0.906597
221 0.908000 0.906604
222 0.914000 0.906637
223 0.912000 0.906661
224 0.926000 0.906747
225 0.908000 0.906752
226 0.924000 0.906828
227 0.920000 0.906886
228 0.908000 0.906891
229 0.916000 0.906930
230 0.904000 0.906918
231 0.914000 0.906948
232 0.920000 0.907004
233 0.920000 0.907060
234 0.900000 0.907030
235 0.926000 0.907110
236 0.926000 0.907190
237 0.906000 0.907185
238 0.910000 0.907197
239 0.918000 0.907242
240 0.902000 0.907220
241 0.904000 0.907207
242 0.904000 0.907193
243 0.910000 0.907205
244 0.884000 0.907110
245 0.902000 0.907089
246 0.906000 0.907085
247 0.916000 0.907121
248 0.908000 0.907124
249 0.902000 0.907104
250 0.896000 0.907060
251 0.896000 0.907016
252 0.922000 0.907075
253 0.912000 0.907094
254 0.908000 0.907098
255 0.912000 0.907117
256 0.902000 0.907097
257 0.890000 0.907031
258 0.918000 0.907073
259 0.902000 0.907054
260 0.910000 0.907065
261 0.908000 0.907069
262 0.910000 0.907080
263 0.890000 0.907015
264 0.884000 0.906928
265 0.916000 0.906962
266 0.920000 0.907011
267 0.928000 0.907090
268 0.914000 0.907115
269 0.904000 0.907104
270 0.900000 0.907077
271 0.894000 0.907029
272 0.924000 0.907092
273 0.930000 0.907175
274 0.924000 0.907236
275 0.910000 0.907246
276 0.914000 0.907271
277 0.910000 0.907281
278 0.908000 0.907283
279 0.898000 0.907250
280 0.900000 0.907224
281 0.906000 0.907220
282 0.912000 0.907237
283 0.902000 0.907218
284 0.892000 0.907165
285 0.896000 0.907126
286 0.912000 0.907143
287 0.900000 0.907118
288 0.906000 0.907114
289 0.902000 0.907097
290 0.896000 0.907058
291 0.896000 0.907021
292 0.894000 0.906976
293 0.930000 0.907054
294 0.924000 0.907112
295 0.926000 0.907176
296 0.906000 0.907172
297 0.922000 0.907221
298 0.926000 0.907284
299 0.920000 0.907327
300 0.924000 0.907382
301 0.914000 0.907404
302 0.908000 0.907406
303 0.916000 0.907434
304 0.922000 0.907482
305 0.914000 0.907503
306 0.910000 0.907511
307 0.918000 0.907545
308 0.932000 0.907625
309 0.934000 0.907710
310 0.908000 0.907711
311 0.900000 0.907686
312 0.908000 0.907687
313 0.902000 0.907669
314 0.902000 0.907651
315 0.906000 0.907646
316 0.910000 0.907653
317 0.902000 0.907635
318 0.900000 0.907611
319 0.918000 0.907644
320 0.928000 0.907707
321 0.908000 0.907708
322 0.914000 0.907728
323 0.926000 0.907784
324 0.910000 0.907791
325 0.912000 0.907804
326 0.916000 0.907829
327 0.900000 0.907805
328 0.888000 0.907745
329 0.894000 0.907703
330 0.918000 0.907734
331 0.936000 0.907819
332 0.912000 0.907832
333 0.926000 0.907886
334 0.912000 0.907899
335 0.910000 0.907905
336 0.898000 0.907875
337 0.920000 0.907911
338 0.918000 0.907941
339 0.920000 0.907976
340 0.912000 0.907988
341 0.908000 0.907988
342 0.910000 0.907994
343 0.922000 0.908035
344 0.912000 0.908046
345 0.898000 0.908017
346 0.918000 0.908046
347 0.910000 0.908052
348 0.908000 0.908052
349 0.918000 0.908080
350 0.912000 0.908091
351 0.918000 0.908119
352 0.924000 0.908164
353 0.910000 0.908169
354 0.918000 0.908197
355 0.900000 0.908174
356 0.898000 0.908146
357 0.910000 0.908151
358 0.922000 0.908189
359 0.922000 0.908228
360 0.910000 0.908233
361 0.934000 0.908304
362 0.922000 0.908342
363 0.926000 0.908390
364 0.928000 0.908444
365 0.906000 0.908437
366 0.888000 0.908381
367 0.902000 0.908364
368 0.918000 0.908390
369 0.914000 0.908405
370 0.924000 0.908447
371 0.918000 0.908473
372 0.912000 0.908483
373 0.910000 0.908487
374 0.924000 0.908528
375 0.916000 0.908548
376 0.912000 0.908557
377 0.898000 0.908529
378 0.898000 0.908501
379 0.910000 0.908505
380 0.904000 0.908493
381 0.928000 0.908545
382 0.932000 0.908606
383 0.928000 0.908656
384 0.898000 0.908629
385 0.896000 0.908596
386 0.910000 0.908599
387 0.902000 0.908582
388 0.892000 0.908540
389 0.882000 0.908472
390 0.898000 0.908445
391 0.908000 0.908444
392 0.908000 0.908443
393 0.922000 0.908477
394 0.910000 0.908481
395 0.888000 0.908429
396 0.898000 0.908403
397 0.900000 0.908382
398 0.894000 0.908346
399 0.896000 0.908315
400 0.894000 0.908279
401 0.916000 0.908299
402 0.912000 0.908308
403 0.918000 0.908332
404 0.912000 0.908341
405 0.880000 0.908271
406 0.894000 0.908236
407 0.902000 0.908221
408 0.890000 0.908176
409 0.892000 0.908137
410 0.904000 0.908127
411 0.866000 0.908024
412 0.864000 0.907918
413 0.882000 0.907855
414 0.896000 0.907827
415 0.902000 0.907813
416 0.904000 0.907803
417 0.908000 0.907804
418 0.922000 0.907838
419 0.908000 0.907838
420 0.914000 0.907853
421 0.914000 0.907867
422 0.902000 0.907853
423 0.894000 0.907821
424 0.906000 0.907816
425 0.882000 0.907756
426 0.910000 0.907761
427 0.900000 0.907743
428 0.904000 0.907734
429 0.882000 0.907674
430 0.902000 0.907661
431 0.904000 0.907653
432 0.904000 0.907644
433 0.898000 0.907622
434 0.878000 0.907554
435 0.894000 0.907523
436 0.882000 0.907465
437 0.886000 0.907416
438 0.888000 0.907371
439 0.878000 0.907305
440 0.878000 0.907238
441 0.904000 0.907231
442 0.918000 0.907255
443 0.902000 0.907243
444 0.908000 0.907245
445 0.902000 0.907233
446 0.904000 0.907226
447 0.904000 0.907219
448 0.904000 0.907212
449 0.900000 0.907196
450 0.906000 0.907193
451 0.916000 0.907212
452 0.906000 0.907210
453 0.924000 0.907247
454 0.940000 0.907319
455 0.928000 0.907364
456 0.944000 0.907444
457 0.934000 0.907502
458 0.926000 0.907542
459 0.922000 0.907574
460 0.920000 0.907601
461 0.906000 0.907597
462 0.904000 0.907590
463 0.916000 0.907608
464 0.916000 0.907626
465 0.904000 0.907618
466 0.916000 0.907636
467 0.936000 0.907697
468 0.916000 0.907714
469 0.888000 0.907672
470 0.902000 0.907660
471 0.928000 0.907703
472 0.914000 0.907717
473 0.906000 0.907713
474 0.916000 0.907731
475 0.914000 0.907744
476 0.922000 0.907774
477 0.894000 0.907745
478 0.894000 0.907716
479 0.888000 0.907675
480 0.896000 0.907651
481 0.898000 0.907631
482 0.912000 0.907640
483 0.906000 0.907636
484 0.898000 0.907616
485 0.900000 0.907601
486 0.900000 0.907585
487 0.906000 0.907582
488 0.908000 0.907583
489 0.910000 0.907588
490 0.922000 0.907617
491 0.916000 0.907634
492 0.940000 0.907700
493 0.940000 0.907765
494 0.946000 0.907842
495 0.904000 0.907835
496 0.918000 0.907855
497 0.908000 0.907855
498 0.912000 0.907864
499 0.892000 0.907832
500 0.896000 0.907808
501 0.914000 0.907821
502 0.926000 0.907857
503 0.924000 0.907889
504 0.934000 0.907941
505 0.904000 0.907933
506 0.916000 0.907949
507 0.916000 0.907965
508 0.910000 0.907969
509 0.904000 0.907961
510 0.912000 0.907969
511 0.892000 0.907937
512 0.894000 0.907910
513 0.894000 0.907883
514 0.884000 0.907837
515 0.886000 0.907795
516 0.894000 0.907768
517 0.892000 0.907737
518 0.908000 0.907738
519 0.920000 0.907762
520 0.922000 0.907789
521 0.912000 0.907797
522 0.906000 0.907793
523 0.910000 0.907798
524 0.908000 0.907798
525 0.890000 0.907764
526 0.926000 0.907799
527 0.940000 0.907860
528 0.928000 0.907898
529 0.898000 0.907879
530 0.902000 0.907868
531 0.898000 0.907850
532 0.916000 0.907865
533 0.920000 0.907888
534 0.900000 0.907873
535 0.896000 0.907851
536 0.904000 0.907844
537 0.924000 0.907874
538 0.912000 0.907881
539 0.920000 0.907904
540 0.922000 0.907930
541 0.906000 0.907926
542 0.910000 0.907930
543 0.910000 0.907934
544 0.908000 0.907934
545 0.902000 0.907923
546 0.920000 0.907945
547 0.926000 0.907978
548 0.918000 0.907996
549 0.904000 0.907989
550 0.894000 0.907964
551 0.884000 0.907920
552 0.906000 0.907917
553 0.890000 0.907884
554 0.890000 0.907852
555 0.912000 0.907860
556 0.894000 0.907835
557 0.922000 0.907860
558 0.902000 0.907850
559 0.902000 0.907839
560 0.912000 0.907847
561 0.908000 0.907847
562 0.922000 0.907872
563 0.902000 0.907862
564 0.908000 0.907862
565 0.906000 0.907859
566 0.902000 0.907848
567 0.896000 0.907827
568 0.892000 0.907800
569 0.900000 0.907786
570 0.910000 0.907790
571 0.912000 0.907797
572 0.898000 0.907780
573 0.876000 0.907725
574 0.902000 0.907715
575 0.906000 0.907712
576 0.902000 0.907702
577 0.902000 0.907692
578 0.894000 0.907668
579 0.906000 0.907666
580 0.900000 0.907652
581 0.906000 0.907649
582 0.920000 0.907671
583 0.906000 0.907668
584 0.918000 0.907685
585 0.902000 0.907676
586 0.906000 0.907673
587 0.890000 0.907643
588 0.910000 0.907647
589 0.922000 0.907671
590 0.916000 0.907685
591 0.922000 0.907709
592 0.910000 0.907713
593 0.910000 0.907717
594 0.918000 0.907734
595 0.908000 0.907735
596 0.914000 0.907745
597 0.908000 0.907746
598 0.896000 0.907726
599 0.912000 0.907733
600 0.896000 0.907714
601 0.900000 0.907701
602 0.908000 0.907701
603 0.912000 0.907709
604 0.900000 0.907696
605 0.912000 0.907703
606 0.906000 0.907700
607 0.904000 0.907694
608 0.912000 0.907701
609 0.918000 0.907718
610 0.904000 0.907712
611 0.902000 0.907703
612 0.922000 0.907726
613 0.920000 0.907746
614 0.916000 0.907759
615 0.904000 0.907753
616 0.910000 0.907757
617 0.906000 0.907754
618 0.898000 0.907738
619 0.900000 0.907726
620 0.906000 0.907723
621 0.894000 0.907701
622 0.880000 0.907657
623 0.902000 0.907647
624 0.912000 0.907654
625 0.904000 0.907649
626 0.920000 0.907668
627 0.902000 0.907659
628 0.902000 0.907650
629 0.898000 0.907635
630 0.906000 0.907632
631 0.910000 0.907636
632 0.902000 0.907627
633 0.892000 0.907603
634 0.910000 0.907606
635 0.920000 0.907626
636 0.908000 0.907626
637 0.898000 0.907611
638 0.886000 0.907577
639 0.888000 0.907547
640 0.884000 0.907510
641 0.898000 0.907495
642 0.876000 0.907446
643 0.894000 0.907425
644 0.898000 0.907411
645 0.906000 0.907409
646 0.926000 0.907437
647 0.916000 0.907451
648 0.908000 0.907451
649 0.908000 0.907452
650 0.898000 0.907438
651 0.918000 0.907454
652 0.908000 0.907455
653 0.920000 0.907474
654 0.910000 0.907478
655 0.902000 0.907470
656 0.908000 0.907470
657 0.910000 0.907474
658 0.916000 0.907487
659 0.898000 0.907473
660 0.908000 0.907474
661 0.902000 0.907465
662 0.920000 0.907484
663 0.912000 0.907491
664 0.920000 0.907510
665 0.898000 0.907495
666 0.884000 0.907460
667 0.906000 0.907458
668 0.914000 0.907468
669 0.912000 0.907475
670 0.912000 0.907481
671 0.904000 0.907476
672 0.914000 0.907486
673 0.902000 0.907478
674 0.922000 0.907499
675 0.926000 0.907527
676 0.902000 0.907518
677 0.894000 0.907499
678 0.896000 0.907482
679 0.912000 0.907488
680 0.900000 0.907477
681 0.916000 0.907490
682 0.910000 0.907493
683 0.922000 0.907515
684 0.918000 0.907530
685 0.920000 0.907548
686 0.932000 0.907584
687 0.904000 0.907578
688 0.916000 0.907591
689 0.910000 0.907594
690 0.910000 0.907598
691 0.892000 0.907575
692 0.884000 0.907541
693 0.908000 0.907542
694 0.898000 0.907528
695 0.906000 0.907526
696 0.886000 0.907495
697 0.898000 0.907481
698 0.890000 0.907456
699 0.908000 0.907457
700 0.910000 0.907461
701 0.890000 0.907436
702 0.888000 0.907408
703 0.878000 0.907366
704 0.908000 0.907367
705 0.904000 0.907363
706 0.904000 0.907358
707 0.904000 0.907353
708 0.894000 0.907334
709 0.880000 0.907296
710 0.914000 0.907305
711 0.906000 0.907303
712 0.904000 0.907299
713 0.898000 0.907286
714 0.896000 0.907270
715 0.892000 0.907249
716 0.908000 0.907250
717 0.902000 0.907242
718 0.924000 0.907266
719 0.916000 0.907278
720 0.904000 0.907273
721 0.918000 0.907288
722 0.916000 0.907300
723 0.914000 0.907309
724 0.912000 0.907316
725 0.904000 0.907311
726 0.916000 0.907323
727 0.934000 0.907360
728 0.930000 0.907391
729 0.914000 0.907400
730 0.922000 0.907420
731 0.912000 0.907426
732 0.920000 0.907443
733 0.900000 0.907433
734 0.888000 0.907407
735 0.884000 0.907375
736 0.900000 0.907365
737 0.894000 0.907347
738 0.884000 0.907315
739 0.896000 0.907300
740 0.892000 0.907279
741 0.914000 0.907288
742 0.920000 0.907306
743 0.914000 0.907315
744 0.918000 0.907329
745 0.906000 0.907327
746 0.902000 0.907320
747 0.910000 0.907324
748 0.906000 0.907322
749 0.906000 0.907320
750 0.890000 0.907297
751 0.888000 0.907271
752 0.892000 0.907251
753 0.886000 0.907223
754 0.912000 0.907229
755 0.898000 0.907217
756 0.898000 0.907205
757 0.908000 0.907206
758 0.906000 0.907204
759 0.900000 0.907195
760 0.912000 0.907201
761 0.914000 0.907210
762 0.902000 0.907203
763 0.890000 0.907181
764 0.900000 0.907171
765 0.910000 0.907175
766 0.908000 0.907176
767 0.900000 0.907167
768 0.900000 0.907157
769 0.910000 0.907161
770 0.906000 0.907160
771 0.898000 0.907148
772 0.902000 0.907141
773 0.918000 0.907155
774 0.920000 0.907172
775 0.896000 0.907157
776 0.890000 0.907135
777 0.886000 0.907108
778 0.892000 0.907089
779 0.900000 0.907079
780 0.910000 0.907083
781 0.924000 0.907105
782 0.918000 0.907119
783 0.900000 0.907110
784 0.898000 0.907098
785 0.910000 0.907102
786 0.918000 0.907116
787 0.912000 0.907122
788 0.928000 0.907148
789 0.912000 0.907154
790 0.912000 0.907161
791 0.906000 0.907159
792 0.910000 0.907163
793 0.896000 0.907149
794 0.890000 0.907127
795 0.900000 0.907118
796 0.886000 0.907092
797 0.904000 0.907088
798 0.918000 0.907101
799 0.910000 0.907105
800 0.922000 0.907124
801 0.902000 0.907117
802 0.900000 0.907108
803 0.878000 0.907072
804 0.894000 0.907056
805 0.880000 0.907022
806 0.906000 0.907021
807 0.896000 0.907007
808 0.894000 0.906991
809 0.896000 0.906978
810 0.916000 0.906989
811 0.898000 0.906978
812 0.920000 0.906994
813 0.926000 0.907017
814 0.900000 0.907009
815 0.908000 0.907010
816 0.900000 0.907001
817 0.904000 0.906998
818 0.904000 0.906994
819 0.902000 0.906988
820 0.896000 0.906974
821 0.884000 0.906946
822 0.922000 0.906965
823 0.908000 0.906966
824 0.894000 0.906950
825 0.912000 0.906956
826 0.884000 0.906929
827 0.886000 0.906903
828 0.896000 0.906890
829 0.900000 0.906882
830 0.888000 0.906859
831 0.882000 0.906829
832 0.900000 0.906821
833 0.886000 0.906796
834 0.892000 0.906778
835 0.912000 0.906785
836 0.900000 0.906777
837 0.888000 0.906754
838 0.896000 0.906741
839 0.902000 0.906736
840 0.880000 0.906704
841 0.890000 0.906684
842 0.890000 0.906664
843 0.892000 0.906647
844 0.914000 0.906656
845 0.900000 0.906648
846 0.900000 0.906640
847 0.904000 0.906637
848 0.906000 0.906636
849 0.894000 0.906621
850 0.912000 0.906627
851 0.906000 0.906627
852 0.926000 0.906649
853 0.914000 0.906658
854 0.902000 0.906653
855 0.924000 0.906673
856 0.906000 0.906672
857 0.900000 0.906664
858 0.890000 0.906645
859 0.900000 0.906637
860 0.904000 0.906634
861 0.906000 0.906633
862 0.898000 0.906623
863 0.904000 0.906620
864 0.898000 0.906610
865 0.904000 0.906607
866 0.894000 0.906593
867 0.918000 0.906606
868 0.942000 0.906647
869 0.930000 0.906674
870 0.924000 0.906693
871 0.920000 0.906709
872 0.902000 0.906703
873 0.910000 0.906707
874 0.904000 0.906704
875 0.918000 0.906717
876 0.932000 0.906746
877 0.922000 0.906763
878 0.912000 0.906769
879 0.900000 0.906761
880 0.912000 0.906767
881 0.900000 0.906760
882 0.884000 0.906734
883 0.892000 0.906717
884 0.892000 0.906701
885 0.882000 0.906673
886 0.896000 0.906661
887 0.892000 0.906644
888 0.878000 0.906612
889 0.906000 0.906611
890 0.906000 0.906611
891 0.904000 0.906608
892 0.900000 0.906600
893 0.920000 0.906615
894 0.932000 0.906644
895 0.922000 0.906661
896 0.934000 0.906691
897 0.904000 0.906688
898 0.886000 0.906665
899 0.880000 0.906636
900 0.886000 0.906613
901 0.900000 0.906605
902 0.900000 0.906598
903 0.932000 0.906626
904 0.926000 0.906648
905 0.922000 0.906664
906 0.926000 0.906686
907 0.898000 0.906676
908 0.892000 0.906660
909 0.890000 0.906642
910 0.898000 0.906632
911 0.922000 0.906649
912 0.916000 0.906659
913 0.918000 0.906672
914 0.904000 0.906669
915 0.902000 0.906664
916 0.910000 0.906667
917 0.914000 0.906675
918 0.910000 0.906679
919 0.928000 0.906702
920 0.934000 0.906732
921 0.916000 0.906742
922 0.910000 0.906745
923 0.900000 0.906738
924 0.896000 0.906726
925 0.900000 0.906719
926 0.902000 0.906714
927 0.904000 0.906711
928 0.890000 0.906693
929 0.898000 0.906684
930 0.902000 0.906679
931 0.920000 0.906693
932 0.910000 0.906697
933 0.886000 0.906675
934 0.898000 0.906665
935 0.894000 0.906652
936 0.898000 0.906642
937 0.910000 0.906646
938 0.918000 0.906658
939 0.902000 0.906653
940 0.908000 0.906655
941 0.904000 0.906652
942 0.880000 0.906624
943 0.880000 0.906595
944 0.908000 0.906597
945 0.896000 0.906586
946 0.896000 0.906574
947 0.894000 0.906561
948 0.900000 0.906554
949 0.890000 0.906537
950 0.896000 0.906526
951 0.890000 0.906508
952 0.888000 0.906489
953 0.896000 0.906478
954 0.924000 0.906496
955 0.912000 0.906502
956 0.908000 0.906504
957 0.886000 0.906482
958 0.896000 0.906471
959 0.898000 0.906462
960 0.882000 0.906437
961 0.892000 0.906422
962 0.896000 0.906411
963 0.900000 0.906405
964 0.884000 0.906381
965 0.890000 0.906364
966 0.916000 0.906374
967 0.898000 0.906366
968 0.880000 0.906338
969 0.888000 0.906320
970 0.906000 0.906319
971 0.876000 0.906288
972 0.894000 0.906275
973 0.908000 0.906277
974 0.892000 0.906263
975 0.902000 0.906258
976 0.896000 0.906248
977 0.894000 0.906235
978 0.904000 0.906233
979 0.900000 0.906227
980 0.888000 0.906208
981 0.904000 0.906206
982 0.894000 0.906193
983 0.900000 0.906187
984 0.900000 0.906181
985 0.914000 0.906189
986 0.894000 0.906176
987 0.882000 0.906152
988 0.888000 0.906133
989 0.910000 0.906137
990 0.904000 0.906135
991 0.906000 0.906135
992 0.902000 0.906131
993 0.904000 0.906129
994 0.902000 0.906125
995 0.908000 0.906127
996 0.896000 0.906116
997 0.906000 0.906116
998 0.920000 0.906130
999 0.910000 0.906134
