0 1.000000 1.000000
1 0.990000 0.995000
2 0.978000 0.989333
3 0.974000 0.985500
4 0.952000 0.978800
5 0.966000 0.976667
6 0.968000 0.975429
7 0.964000 0.974000
8 0.968000 0.973333
9 0.956000 0.971600
10 0.964000 0.970909
11 0.958000 0.969833
12 0.970000 0.969846
13 0.956000 0.968857
14 0.954000 0.967867
15 0.928000 0.965375
16 0.944000 0.964118
17 0.938000 0.962667
18 0.944000 0.961684
19 0.944000 0.960800
20 0.942000 0.959905
21 0.932000 0.958636
22 0.942000 0.957913
23 0.944000 0.957333
24 0.948000 0.956960
25 0.942000 0.956385
26 0.944000 0.955926
27 0.950000 0.955714
28 0.950000 0.955517
29 0.948000 0.955267
30 0.942000 0.954839
31 0.938000 0.954313
32 0.942000 0.953939
33 0.950000 0.953824
34 0.952000 0.953771
35 0.936000 0.953278
36 0.944000 0.953027
37 0.934000 0.952526
38 0.938000 0.952154
39 0.940000 0.951850
40 0.912000 0.950878
41 0.936000 0.950524
42 0.936000 0.950186
43 0.946000 0.950091
44 0.956000 0.950222
45 0.946000 0.950130
46 0.950000 0.950128
47 0.938000 0.949875
48 0.938000 0.949633
49 0.956000 0.949760
50 0.950000 0.949765
51 0.956000 0.949885
52 0.950000 0.949887
53 0.944000 0.949778
54 0.946000 0.949709
55 0.946000 0.949643
56 0.952000 0.949684
57 0.950000 0.949690
58 0.932000 0.949390
59 0.942000 0.949267
60 0.934000 0.949016
61 0.934000 0.948774
62 0.920000 0.948317
63 0.938000 0.948156
64 0.946000 0.948123
65 0.950000 0.948152
66 0.946000 0.948119
67 0.952000 0.948176
68 0.960000 0.948348
69 0.948000 0.948343
70 0.958000 0.948479
71 0.956000 0.948583
72 0.940000 0.948466
73 0.940000 0.948351
74 0.954000 0.948427
75 0.952000 0.948474
76 0.948000 0.948468
77 0.958000 0.948590
78 0.954000 0.948658
79 0.932000 0.948450
80 0.950000 0.948469
81 0.938000 0.948341
82 0.938000 0.948217
83 0.940000 0.948119
84 0.936000 0.947976
85 0.928000 0.947744
86 0.928000 0.947517
87 0.938000 0.947409
88 0.932000 0.947236
89 0.946000 0.947222
90 0.954000 0.947297
91 0.932000 0.947130
92 0.926000 0.946903
93 0.940000 0.946830
94 0.964000 0.947011
95 0.950000 0.947042
96 0.950000 0.947072
97 0.944000 0.947041
98 0.934000 0.946909
99 0.944000 0.946880
100 0.934000 0.946752
101 0.942000 0.946706
102 0.950000 0.946738
103 0.946000 0.946731
104 0.958000 0.946838
105 0.932000 0.946698
106 0.938000 0.946617
107 0.950000 0.946648
108 0.966000 0.946826
109 0.956000 0.946909
110 0.964000 0.947063
111 0.958000 0.947161
112 0.962000 0.947292
113 0.974000 0.947526
114 0.948000 0.947530
115 0.950000 0.947552
116 0.956000 0.947624
117 0.958000 0.947712
118 0.968000 0.947882
119 0.956000 0.947950
120 0.944000 0.947917
121 0.942000 0.947869
122 0.948000 0.947870
123 0.950000 0.947887
124 0.946000 0.947872
125 0.952000 0.947905
126 0.956000 0.947969
127 0.946000 0.947953
128 0.960000 0.948047
129 0.960000 0.948138
130 0.938000 0.948061
131 0.952000 0.948091
132 0.946000 0.948075
133 0.946000 0.948060
134 0.952000 0.948089
135 0.936000 0.948000
136 0.960000 0.948088
137 0.956000 0.948145
138 0.962000 0.948245
139 0.966000 0.948371
140 0.958000 0.948440
141 0.958000 0.948507
142 0.956000 0.948559
143 0.946000 0.948542
144 0.950000 0.948552
145 0.942000 0.948507
146 0.960000 0.948585
147 0.964000 0.948689
148 0.968000 0.948819
149 0.966000 0.948933
150 0.942000 0.948887
151 0.948000 0.948882
152 0.944000 0.948850
153 0.956000 0.948896
154 0.938000 0.948826
155 0.956000 0.948872
156 0.934000 0.948777
157 0.932000 0.948671
158 0.924000 0.948516
159 0.938000 0.948450
160 0.946000 0.948435
161 0.954000 0.948469
162 0.944000 0.948442
163 0.946000 0.948427
164 0.944000 0.948400
165 0.950000 0.948410
166 0.960000 0.948479
167 0.958000 0.948536
168 0.954000 0.948568
169 0.948000 0.948565
170 0.942000 0.948526
171 0.942000 0.948488
172 0.940000 0.948439
173 0.956000 0.948483
174 0.954000 0.948514
175 0.952000 0.948534
176 0.958000 0.948588
177 0.942000 0.948551
178 0.942000 0.948514
179 0.960000 0.948578
180 0.970000 0.948696
181 0.966000 0.948791
182 0.966000 0.948885
183 0.954000 0.948913
184 0.956000 0.948951
185 0.964000 0.949032
186 0.960000 0.949091
187 0.950000 0.949096
188 0.938000 0.949037
189 0.956000 0.949074
190 0.940000 0.949026
191 0.944000 0.949000
192 0.942000 0.948964
193 0.966000 0.949052
194 0.942000 0.949015
195 0.946000 0.949000
196 0.960000 0.949056
197 0.958000 0.949101
198 0.942000 0.949065
199 0.936000 0.949000
200 0.952000 0.949015
201 0.940000 0.948970
202 0.948000 0.948966
203 0.954000 0.948990
204 0.954000 0.949015
205 0.952000 0.949029
206 0.942000 0.948995
207 0.954000 0.949019
208 0.950000 0.949024
209 0.962000 0.949086
210 0.944000 0.949062
211 0.944000 0.949038
212 0.956000 0.949070
213 0.938000 0.949019
214 0.948000 0.949014
215 0.964000 0.949083
216 0.958000 0.949124
217 0.962000 0.949183
218 0.958000 0.949224
219 0.964000 0.949291
220 0.952000 0.949303
221 0.948000 0.949297
222 0.950000 0.949300
223 0.946000 0.949286
224 0.952000 0.949298
225 0.956000 0.949327
226 0.946000 0.949313
227 0.944000 0.949289
228 0.934000 0.949223
229 0.942000 0.949191
230 0.950000 0.949195
231 0.956000 0.949224
232 0.954000 0.949245
233 0.948000 0.949239
234 0.938000 0.949191
235 0.952000 0.949203
236 0.958000 0.949241
237 0.950000 0.949244
238 0.952000 0.949255
239 0.942000 0.949225
240 0.942000 0.949195
241 0.948000 0.949190
242 0.950000 0.949193
243 0.954000 0.949213
244 0.928000 0.949127
245 0.926000 0.949033
246 0.932000 0.948964
247 0.948000 0.948960
248 0.944000 0.948940
249 0.942000 0.948912
250 0.952000 0.948924
251 0.946000 0.948913
252 0.960000 0.948957
253 0.956000 0.948984
254 0.950000 0.948988
255 0.952000 0.949000
256 0.948000 0.948996
257 0.932000 0.948930
258 0.954000 0.948950
259 0.956000 0.948977
260 0.956000 0.949004
261 0.964000 0.949061
262 0.960000 0.949103
263 0.942000 0.949076
264 0.944000 0.949057
265 0.952000 0.949068
266 0.966000 0.949131
267 0.974000 0.949224
268 0.960000 0.949264
269 0.952000 0.949274
270 0.946000 0.949262
271 0.942000 0.949235
272 0.962000 0.949282
273 0.962000 0.949328
274 0.958000 0.949360
275 0.950000 0.949362
276 0.952000 0.949372
277 0.948000 0.949367
278 0.958000 0.949398
279 0.944000 0.949379
280 0.956000 0.949402
281 0.946000 0.949390
282 0.952000 0.949399
283 0.942000 0.949373
284 0.940000 0.949340
285 0.936000 0.949294
286 0.956000 0.949317
287 0.934000 0.949264
288 0.934000 0.949211
289 0.944000 0.949193
290 0.936000 0.949148
291 0.942000 0.949123
292 0.944000 0.949106
293 0.956000 0.949129
294 0.948000 0.949125
295 0.954000 0.949142
296 0.946000 0.949131
297 0.968000 0.949195
298 0.962000 0.949237
299 0.962000 0.949280
300 0.950000 0.949282
301 0.950000 0.949285
302 0.938000 0.949248
303 0.950000 0.949250
304 0.952000 0.949259
305 0.958000 0.949288
306 0.950000 0.949290
307 0.958000 0.949318
308 0.966000 0.949372
309 0.970000 0.949439
310 0.954000 0.949453
311 0.946000 0.949442
312 0.952000 0.949450
313 0.954000 0.949465
314 0.952000 0.949473
315 0.948000 0.949468
316 0.954000 0.949483
317 0.932000 0.949428
318 0.948000 0.949423
319 0.940000 0.949394
320 0.960000 0.949427
321 0.940000 0.949398
322 0.946000 0.949387
323 0.956000 0.949407
324 0.950000 0.949409
325 0.948000 0.949405
326 0.952000 0.949413
327 0.942000 0.949390
328 0.936000 0.949350
329 0.926000 0.949279
330 0.948000 0.949275
331 0.962000 0.949313
332 0.948000 0.949309
333 0.952000 0.949317
334 0.952000 0.949325
335 0.950000 0.949327
336 0.944000 0.949312
337 0.954000 0.949325
338 0.958000 0.949351
339 0.958000 0.949376
340 0.944000 0.949361
341 0.942000 0.949339
342 0.944000 0.949324
343 0.952000 0.949331
344 0.940000 0.949304
345 0.942000 0.949283
346 0.946000 0.949274
347 0.952000 0.949282
348 0.950000 0.949284
349 0.946000 0.949274
350 0.944000 0.949259
351 0.954000 0.949273
352 0.960000 0.949303
353 0.946000 0.949294
354 0.956000 0.949313
355 0.942000 0.949292
356 0.948000 0.949289
357 0.952000 0.949296
358 0.956000 0.949315
359 0.954000 0.949328
360 0.942000 0.949307
361 0.950000 0.949309
362 0.944000 0.949295
363 0.962000 0.949330
364 0.964000 0.949370
365 0.956000 0.949388
366 0.942000 0.949368
367 0.950000 0.949370
368 0.964000 0.949409
369 0.962000 0.949443
370 0.958000 0.949466
371 0.962000 0.949500
372 0.956000 0.949517
373 0.948000 0.949513
374 0.962000 0.949547
375 0.956000 0.949564
376 0.956000 0.949581
377 0.946000 0.949571
378 0.942000 0.949551
379 0.956000 0.949568
380 0.954000 0.949580
381 0.968000 0.949628
382 0.952000 0.949634
383 0.950000 0.949635
384 0.946000 0.949626
385 0.942000 0.949606
386 0.956000 0.949623
387 0.940000 0.949598
388 0.938000 0.949568
389 0.932000 0.949523
390 0.952000 0.949529
391 0.946000 0.949520
392 0.958000 0.949542
393 0.950000 0.949543
394 0.952000 0.949549
395 0.934000 0.949510
396 0.950000 0.949511
397 0.950000 0.949513
398 0.936000 0.949479
399 0.944000 0.949465
400 0.946000 0.949456
401 0.940000 0.949433
402 0.944000 0.949419
403 0.952000 0.949426
404 0.952000 0.949432
405 0.936000 0.949399
406 0.946000 0.949391
407 0.946000 0.949382
408 0.938000 0.949355
409 0.934000 0.949317
410 0.942000 0.949299
411 0.918000 0.949223
412 0.914000 0.949138
413 0.926000 0.949082
414 0.936000 0.949051
415 0.936000 0.949019
416 0.946000 0.949012
417 0.954000 0.949024
418 0.950000 0.949026
419 0.940000 0.949005
420 0.952000 0.949012
421 0.952000 0.949019
422 0.954000 0.949031
423 0.946000 0.949024
424 0.952000 0.949031
425 0.932000 0.948991
426 0.942000 0.948974
427 0.940000 0.948953
428 0.946000 0.948946
429 0.934000 0.948912
430 0.932000 0.948872
431 0.944000 0.948861
432 0.946000 0.948855
433 0.952000 0.948862
434 0.948000 0.948860
435 0.950000 0.948862
436 0.934000 0.948828
437 0.932000 0.948790
438 0.936000 0.948761
439 0.922000 0.948700
440 0.926000 0.948649
441 0.948000 0.948647
442 0.958000 0.948668
443 0.936000 0.948640
444 0.950000 0.948643
445 0.940000 0.948623
446 0.956000 0.948640
447 0.948000 0.948638
448 0.948000 0.948637
449 0.940000 0.948618
450 0.954000 0.948630
451 0.954000 0.948642
452 0.948000 0.948640
453 0.958000 0.948661
454 0.962000 0.948690
455 0.954000 0.948702
456 0.966000 0.948740
457 0.950000 0.948742
458 0.958000 0.948763
459 0.962000 0.948791
460 0.962000 0.948820
461 0.946000 0.948814
462 0.944000 0.948803
463 0.958000 0.948823
464 0.946000 0.948817
465 0.944000 0.948807
466 0.944000 0.948797
467 0.956000 0.948812
468 0.936000 0.948785
469 0.920000 0.948723
470 0.922000 0.948667
471 0.950000 0.948669
472 0.946000 0.948664
473 0.940000 0.948646
474 0.944000 0.948636
475 0.948000 0.948634
476 0.954000 0.948646
477 0.940000 0.948628
478 0.946000 0.948622
479 0.950000 0.948625
480 0.960000 0.948649
481 0.956000 0.948664
482 0.962000 0.948692
483 0.954000 0.948702
484 0.944000 0.948693
485 0.940000 0.948675
486 0.934000 0.948645
487 0.952000 0.948652
488 0.948000 0.948650
489 0.942000 0.948637
490 0.962000 0.948664
491 0.970000 0.948707
492 0.980000 0.948771
493 0.984000 0.948842
494 0.982000 0.948909
495 0.952000 0.948915
496 0.948000 0.948913
497 0.950000 0.948916
498 0.942000 0.948902
499 0.940000 0.948884
500 0.930000 0.948846
501 0.952000 0.948853
502 0.948000 0.948851
503 0.958000 0.948869
504 0.968000 0.948907
505 0.948000 0.948905
506 0.944000 0.948895
507 0.942000 0.948882
508 0.956000 0.948896
509 0.952000 0.948902
510 0.958000 0.948920
511 0.944000 0.948910
512 0.938000 0.948889
513 0.950000 0.948891
514 0.944000 0.948882
515 0.948000 0.948880
516 0.952000 0.948886
517 0.950000 0.948888
518 0.952000 0.948894
519 0.958000 0.948912
520 0.954000 0.948921
521 0.956000 0.948935
522 0.952000 0.948941
523 0.948000 0.948939
524 0.950000 0.948941
525 0.936000 0.948916
526 0.962000 0.948941
527 0.974000 0.948989
528 0.968000 0.949025
529 0.948000 0.949023
530 0.952000 0.949028
531 0.946000 0.949023
532 0.950000 0.949024
533 0.956000 0.949037
534 0.938000 0.949017
535 0.958000 0.949034
536 0.938000 0.949013
537 0.958000 0.949030
538 0.952000 0.949035
539 0.962000 0.949059
540 0.958000 0.949076
541 0.950000 0.949077
542 0.944000 0.949068
543 0.946000 0.949063
544 0.940000 0.949046
545 0.942000 0.949033
546 0.962000 0.949057
547 0.964000 0.949084
548 0.966000 0.949115
549 0.960000 0.949135
550 0.948000 0.949132
551 0.946000 0.949127
552 0.956000 0.949139
553 0.942000 0.949126
554 0.944000 0.949117
555 0.952000 0.949122
556 0.942000 0.949110
557 0.962000 0.949133
558 0.946000 0.949127
559 0.944000 0.949118
560 0.952000 0.949123
561 0.948000 0.949121
562 0.956000 0.949133
563 0.948000 0.949131
564 0.948000 0.949129
565 0.944000 0.949120
566 0.950000 0.949122
567 0.932000 0.949092
568 0.922000 0.949044
569 0.948000 0.949042
570 0.950000 0.949044
571 0.954000 0.949052
572 0.936000 0.949030
573 0.946000 0.949024
574 0.950000 0.949026
575 0.940000 0.949010
576 0.942000 0.948998
577 0.942000 0.948986
578 0.932000 0.948957
579 0.946000 0.948952
580 0.940000 0.948936
581 0.948000 0.948935
582 0.946000 0.948930
583 0.950000 0.948932
584 0.956000 0.948944
585 0.952000 0.948949
586 0.954000 0.948957
587 0.952000 0.948963
588 0.950000 0.948964
589 0.956000 0.948976
590 0.958000 0.948992
591 0.960000 0.949010
592 0.938000 0.948992
593 0.940000 0.948976
594 0.954000 0.948985
595 0.942000 0.948973
596 0.942000 0.948961
597 0.950000 0.948963
598 0.948000 0.948962
599 0.946000 0.948957
600 0.932000 0.948928
601 0.940000 0.948914
602 0.948000 0.948912
603 0.942000 0.948901
604 0.948000 0.948899
605 0.944000 0.948891
606 0.944000 0.948883
607 0.952000 0.948888
608 0.946000 0.948883
609 0.950000 0.948885
610 0.946000 0.948881
611 0.954000 0.948889
612 0.960000 0.948907
613 0.958000 0.948922
614 0.956000 0.948933
615 0.942000 0.948922
616 0.960000 0.948940
617 0.948000 0.948939
618 0.950000 0.948940
619 0.950000 0.948942
620 0.944000 0.948934
621 0.942000 0.948923
622 0.930000 0.948892
623 0.944000 0.948885
624 0.940000 0.948870
625 0.936000 0.948850
626 0.950000 0.948852
627 0.946000 0.948847
628 0.944000 0.948839
629 0.932000 0.948813
630 0.940000 0.948799
631 0.936000 0.948778
632 0.934000 0.948755
633 0.922000 0.948713
634 0.942000 0.948702
635 0.946000 0.948698
636 0.946000 0.948694
637 0.944000 0.948687
638 0.932000 0.948660
639 0.938000 0.948644
640 0.944000 0.948637
641 0.942000 0.948626
642 0.928000 0.948594
643 0.936000 0.948575
644 0.938000 0.948558
645 0.946000 0.948554
646 0.972000 0.948590
647 0.954000 0.948599
648 0.948000 0.948598
649 0.952000 0.948603
650 0.942000 0.948593
651 0.962000 0.948613
652 0.954000 0.948622
653 0.958000 0.948636
654 0.954000 0.948644
655 0.944000 0.948637
656 0.942000 0.948627
657 0.936000 0.948608
658 0.950000 0.948610
659 0.944000 0.948603
660 0.952000 0.948608
661 0.944000 0.948601
662 0.956000 0.948612
663 0.952000 0.948617
664 0.960000 0.948635
665 0.944000 0.948628
666 0.952000 0.948633
667 0.948000 0.948632
668 0.950000 0.948634
669 0.956000 0.948645
670 0.958000 0.948659
671 0.952000 0.948664
672 0.946000 0.948660
673 0.952000 0.948665
674 0.962000 0.948684
675 0.962000 0.948704
676 0.940000 0.948691
677 0.944000 0.948684
678 0.948000 0.948683
679 0.958000 0.948697
680 0.948000 0.948696
681 0.960000 0.948713
682 0.956000 0.948723
683 0.954000 0.948731
684 0.954000 0.948739
685 0.954000 0.948746
686 0.964000 0.948769
687 0.946000 0.948765
688 0.954000 0.948772
689 0.944000 0.948765
690 0.940000 0.948753
691 0.944000 0.948746
692 0.932000 0.948722
693 0.954000 0.948729
694 0.948000 0.948728
695 0.956000 0.948739
696 0.940000 0.948726
697 0.946000 0.948722
698 0.936000 0.948704
699 0.938000 0.948689
700 0.936000 0.948670
701 0.932000 0.948647
702 0.944000 0.948640
703 0.946000 0.948636
704 0.946000 0.948633
705 0.940000 0.948620
706 0.952000 0.948625
707 0.950000 0.948627
708 0.942000 0.948618
709 0.932000 0.948594
710 0.952000 0.948599
711 0.942000 0.948590
712 0.946000 0.948586
713 0.952000 0.948591
714 0.940000 0.948579
715 0.938000 0.948564
716 0.950000 0.948566
717 0.948000 0.948565
718 0.960000 0.948581
719 0.946000 0.948578
720 0.924000 0.948544
721 0.948000 0.948543
722 0.960000 0.948559
723 0.950000 0.948561
724 0.944000 0.948554
725 0.938000 0.948540
726 0.946000 0.948536
727 0.954000 0.948544
728 0.960000 0.948560
729 0.958000 0.948573
730 0.970000 0.948602
731 0.962000 0.948620
732 0.964000 0.948641
733 0.938000 0.948627
734 0.950000 0.948629
735 0.944000 0.948622
736 0.958000 0.948635
737 0.948000 0.948634
738 0.944000 0.948628
739 0.950000 0.948630
740 0.950000 0.948632
741 0.952000 0.948636
742 0.950000 0.948638
743 0.944000 0.948632
744 0.946000 0.948628
745 0.940000 0.948617
746 0.948000 0.948616
747 0.958000 0.948628
748 0.954000 0.948636
749 0.948000 0.948635
750 0.940000 0.948623
751 0.948000 0.948622
752 0.954000 0.948629
753 0.936000 0.948613
754 0.948000 0.948612
755 0.938000 0.948598
756 0.946000 0.948594
757 0.964000 0.948615
758 0.952000 0.948619
759 0.952000 0.948624
760 0.960000 0.948639
761 0.950000 0.948640
762 0.940000 0.948629
763 0.944000 0.948623
764 0.954000 0.948630
765 0.944000 0.948624
766 0.952000 0.948628
767 0.944000 0.948622
768 0.950000 0.948624
769 0.956000 0.948634
770 0.942000 0.948625
771 0.942000 0.948617
772 0.944000 0.948611
773 0.954000 0.948618
774 0.952000 0.948622
775 0.944000 0.948616
776 0.934000 0.948597
777 0.940000 0.948586
778 0.944000 0.948580
779 0.942000 0.948572
780 0.958000 0.948584
781 0.976000 0.948619
782 0.968000 0.948644
783 0.946000 0.948640
784 0.950000 0.948642
785 0.954000 0.948649
786 0.970000 0.948676
787 0.956000 0.948685
788 0.966000 0.948707
789 0.946000 0.948704
790 0.950000 0.948705
791 0.938000 0.948692
792 0.948000 0.948691
793 0.944000 0.948685
794 0.950000 0.948687
795 0.952000 0.948691
796 0.954000 0.948698
797 0.942000 0.948689
798 0.968000 0.948713
799 0.960000 0.948727
800 0.960000 0.948742
801 0.946000 0.948738
802 0.946000 0.948735
803 0.926000 0.948706
804 0.936000 0.948691
805 0.934000 0.948672
806 0.950000 0.948674
807 0.950000 0.948676
808 0.932000 0.948655
809 0.946000 0.948652
810 0.952000 0.948656
811 0.942000 0.948648
812 0.956000 0.948657
813 0.962000 0.948673
814 0.950000 0.948675
815 0.962000 0.948691
816 0.964000 0.948710
817 0.954000 0.948716
818 0.950000 0.948718
819 0.942000 0.948710
820 0.946000 0.948706
821 0.944000 0.948701
822 0.958000 0.948712
823 0.956000 0.948721
824 0.948000 0.948720
825 0.956000 0.948729
826 0.936000 0.948713
827 0.948000 0.948713
828 0.952000 0.948717
829 0.946000 0.948713
830 0.948000 0.948712
831 0.942000 0.948704
832 0.948000 0.948703
833 0.936000 0.948688
834 0.938000 0.948675
835 0.956000 0.948684
836 0.948000 0.948683
837 0.940000 0.948673
838 0.940000 0.948663
839 0.948000 0.948662
840 0.928000 0.948637
841 0.930000 0.948615
842 0.928000 0.948591
843 0.932000 0.948571
844 0.940000 0.948561
845 0.946000 0.948558
846 0.956000 0.948567
847 0.962000 0.948583
848 0.944000 0.948577
849 0.936000 0.948562
850 0.938000 0.948550
851 0.940000 0.948540
852 0.948000 0.948539
853 0.966000 0.948560
854 0.952000 0.948564
855 0.964000 0.948582
856 0.946000 0.948579
857 0.954000 0.948585
858 0.938000 0.948573
859 0.944000 0.948567
860 0.952000 0.948571
861 0.938000 0.948559
862 0.942000 0.948552
863 0.934000 0.948535
864 0.940000 0.948525
865 0.948000 0.948524
866 0.952000 0.948528
867 0.966000 0.948548
868 0.974000 0.948578
869 0.968000 0.948600
870 0.968000 0.948622
871 0.964000 0.948640
872 0.946000 0.948637
873 0.962000 0.948652
874 0.952000 0.948656
875 0.964000 0.948674
876 0.972000 0.948700
877 0.962000 0.948715
878 0.954000 0.948721
879 0.954000 0.948727
880 0.962000 0.948742
881 0.946000 0.948739
882 0.926000 0.948713
883 0.936000 0.948699
884 0.944000 0.948694
885 0.932000 0.948675
886 0.954000 0.948681
887 0.958000 0.948691
888 0.938000 0.948679
889 0.938000 0.948667
890 0.942000 0.948660
891 0.930000 0.948639
892 0.942000 0.948632
893 0.950000 0.948633
894 0.958000 0.948644
895 0.946000 0.948641
896 0.956000 0.948649
897 0.940000 0.948639
898 0.936000 0.948625
899 0.930000 0.948604
900 0.934000 0.948588
901 0.946000 0.948585
902 0.944000 0.948580
903 0.960000 0.948593
904 0.946000 0.948590
905 0.952000 0.948594
906 0.942000 0.948587
907 0.936000 0.948573
908 0.944000 0.948568
909 0.940000 0.948558
910 0.940000 0.948549
911 0.954000 0.948555
912 0.948000 0.948554
913 0.962000 0.948569
914 0.938000 0.948557
915 0.944000 0.948552
916 0.958000 0.948563
917 0.954000 0.948569
918 0.942000 0.948561
919 0.946000 0.948559
920 0.956000 0.948567
921 0.946000 0.948564
922 0.956000 0.948572
923 0.952000 0.948576
924 0.936000 0.948562
925 0.946000 0.948559
926 0.950000 0.948561
927 0.946000 0.948558
928 0.936000 0.948545
929 0.948000 0.948544
930 0.948000 0.948544
931 0.956000 0.948552
932 0.944000 0.948547
933 0.932000 0.948529
934 0.944000 0.948524
935 0.948000 0.948524
936 0.956000 0.948531
937 0.958000 0.948542
938 0.962000 0.948556
939 0.946000 0.948553
940 0.948000 0.948553
941 0.954000 0.948558
942 0.940000 0.948549
943 0.940000 0.948540
944 0.950000 0.948542
945 0.944000 0.948537
946 0.946000 0.948534
947 0.942000 0.948527
948 0.948000 0.948527
949 0.948000 0.948526
950 0.952000 0.948530
951 0.944000 0.948525
952 0.948000 0.948525
953 0.946000 0.948522
954 0.962000 0.948536
955 0.952000 0.948540
956 0.954000 0.948545
957 0.950000 0.948547
958 0.944000 0.948542
959 0.946000 0.948540
960 0.940000 0.948531
961 0.948000 0.948530
962 0.942000 0.948523
963 0.942000 0.948517
964 0.940000 0.948508
965 0.946000 0.948505
966 0.956000 0.948513
967 0.942000 0.948506
968 0.932000 0.948489
969 0.938000 0.948478
970 0.962000 0.948492
971 0.934000 0.948477
972 0.944000 0.948473
973 0.956000 0.948480
974 0.944000 0.948476
975 0.942000 0.948469
976 0.936000 0.948456
977 0.946000 0.948454
978 0.946000 0.948451
979 0.950000 0.948453
980 0.942000 0.948446
981 0.946000 0.948444
982 0.936000 0.948431
983 0.942000 0.948425
984 0.948000 0.948424
985 0.956000 0.948432
986 0.942000 0.948426
987 0.952000 0.948429
988 0.946000 0.948427
989 0.946000 0.948424
990 0.938000 0.948414
991 0.952000 0.948417
992 0.942000 0.948411
993 0.934000 0.948396
994 0.938000 0.948386
995 0.946000 0.948384
996 0.942000 0.948377
997 0.944000 0.948373
998 0.950000 0.948374
999 0.960000 0.948386
