0 1.000000 1.000000
1 0.984000 0.992000
2 0.960000 0.981333
3 0.944000 0.972000
4 0.916000 0.960800
5 0.926000 0.955000
6 0.936000 0.952286
7 0.932000 0.949750
8 0.930000 0.947556
9 0.910000 0.943800
10 0.922000 0.941818
11 0.924000 0.940333
12 0.930000 0.939538
13 0.924000 0.938429
14 0.910000 0.936533
15 0.902000 0.934375
16 0.896000 0.932118
17 0.892000 0.929889
18 0.888000 0.927684
19 0.888000 0.925700
20 0.906000 0.924762
21 0.898000 0.923545
22 0.908000 0.922870
23 0.920000 0.922750
24 0.922000 0.922720
25 0.900000 0.921846
26 0.894000 0.920815
27 0.890000 0.919714
28 0.900000 0.919034
29 0.892000 0.918133
30 0.882000 0.916968
31 0.882000 0.915875
32 0.872000 0.914545
33 0.892000 0.913882
34 0.900000 0.913486
35 0.878000 0.912500
36 0.884000 0.911730
37 0.880000 0.910895
38 0.880000 0.910103
39 0.884000 0.909450
40 0.860000 0.908244
41 0.880000 0.907571
42 0.894000 0.907256
43 0.898000 0.907045
44 0.910000 0.907111
45 0.902000 0.907000
46 0.908000 0.907021
47 0.890000 0.906667
48 0.880000 0.906122
49 0.900000 0.906000
50 0.882000 0.905529
51 0.906000 0.905538
52 0.908000 0.905585
53 0.890000 0.905296
54 0.892000 0.905055
55 0.898000 0.904929
56 0.900000 0.904842
57 0.912000 0.904966
58 0.888000 0.904678
59 0.892000 0.904467
60 0.878000 0.904033
61 0.884000 0.903710
62 0.868000 0.903143
63 0.882000 0.902813
64 0.898000 0.902738
65 0.882000 0.902424
66 0.882000 0.902119
67 0.876000 0.901735
68 0.896000 0.901652
69 0.870000 0.901200
70 0.890000 0.901042
71 0.900000 0.901028
72 0.880000 0.900740
73 0.886000 0.900541
74 0.894000 0.900453
75 0.904000 0.900500
76 0.884000 0.900286
77 0.888000 0.900128
78 0.876000 0.899823
79 0.862000 0.899350
80 0.884000 0.899160
81 0.876000 0.898878
82 0.872000 0.898554
83 0.862000 0.898119
84 0.874000 0.897835
85 0.862000 0.897419
86 0.850000 0.896874
87 0.856000 0.896409
88 0.858000 0.895978
89 0.872000 0.895711
90 0.874000 0.895473
91 0.868000 0.895174
92 0.878000 0.894989
93 0.876000 0.894787
94 0.894000 0.894779
95 0.876000 0.894583
96 0.878000 0.894412
97 0.866000 0.894122
98 0.868000 0.893859
99 0.876000 0.893680
100 0.870000 0.893446
101 0.884000 0.893353
102 0.874000 0.893165
103 0.886000 0.893096
104 0.890000 0.893067
105 0.884000 0.892981
106 0.886000 0.892916
107 0.898000 0.892963
108 0.902000 0.893046
109 0.878000 0.892909
110 0.884000 0.892829
111 0.862000 0.892554
112 0.872000 0.892372
113 0.894000 0.892386
114 0.900000 0.892452
115 0.908000 0.892586
116 0.892000 0.892581
117 0.894000 0.892593
118 0.888000 0.892555
119 0.886000 0.892500
120 0.882000 0.892413
121 0.876000 0.892279
122 0.880000 0.892179
123 0.888000 0.892145
124 0.876000 0.892016
125 0.884000 0.891952
126 0.884000 0.891890
127 0.898000 0.891938
128 0.892000 0.891938
129 0.900000 0.892000
130 0.854000 0.891710
131 0.876000 0.891591
132 0.872000 0.891444
133 0.882000 0.891373
134 0.880000 0.891289
135 0.888000 0.891265
136 0.902000 0.891343
137 0.872000 0.891203
138 0.892000 0.891209
139 0.912000 0.891357
140 0.878000 0.891262
141 0.876000 0.891155
142 0.880000 0.891077
143 0.868000 0.890917
144 0.880000 0.890841
145 0.874000 0.890726
146 0.878000 0.890639
147 0.904000 0.890730
148 0.894000 0.890752
149 0.910000 0.890880
150 0.878000 0.890795
151 0.890000 0.890789
152 0.888000 0.890771
153 0.904000 0.890857
154 0.878000 0.890774
155 0.884000 0.890731
156 0.866000 0.890573
157 0.868000 0.890430
158 0.864000 0.890264
159 0.872000 0.890150
160 0.880000 0.890087
161 0.884000 0.890049
162 0.880000 0.889988
163 0.888000 0.889976
164 0.878000 0.889903
165 0.870000 0.889783
166 0.902000 0.889856
167 0.878000 0.889786
168 0.886000 0.889763
169 0.882000 0.889718
170 0.870000 0.889602
171 0.888000 0.889593
172 0.872000 0.889491
173 0.878000 0.889425
174 0.890000 0.889429
175 0.884000 0.889398
176 0.878000 0.889333
177 0.884000 0.889303
178 0.882000 0.889263
179 0.904000 0.889344
180 0.906000 0.889436
181 0.908000 0.889538
182 0.896000 0.889574
183 0.872000 0.889478
184 0.888000 0.889470
185 0.892000 0.889484
186 0.902000 0.889551
187 0.890000 0.889553
188 0.874000 0.889471
189 0.878000 0.889411
190 0.880000 0.889361
191 0.876000 0.889292
192 0.876000 0.889223
193 0.902000 0.889289
194 0.860000 0.889138
195 0.882000 0.889102
196 0.904000 0.889178
197 0.886000 0.889162
198 0.870000 0.889065
199 0.888000 0.889060
200 0.884000 0.889035
201 0.888000 0.889030
202 0.882000 0.888995
203 0.904000 0.889069
204 0.894000 0.889093
205 0.904000 0.889165
206 0.902000 0.889227
207 0.906000 0.889308
208 0.892000 0.889321
209 0.896000 0.889352
210 0.876000 0.889289
211 0.872000 0.889208
212 0.894000 0.889230
213 0.888000 0.889224
214 0.882000 0.889191
215 0.896000 0.889222
216 0.892000 0.889235
217 0.898000 0.889275
218 0.892000 0.889288
219 0.902000 0.889345
220 0.886000 0.889330
221 0.878000 0.889279
222 0.880000 0.889238
223 0.886000 0.889223
224 0.902000 0.889280
225 0.886000 0.889265
226 0.906000 0.889339
227 0.900000 0.889386
228 0.896000 0.889415
229 0.900000 0.889461
230 0.888000 0.889455
231 0.900000 0.889500
232 0.908000 0.889579
233 0.888000 0.889573
234 0.878000 0.889523
235 0.902000 0.889576
236 0.904000 0.889637
237 0.892000 0.889647
238 0.898000 0.889682
239 0.910000 0.889767
240 0.892000 0.889776
241 0.878000 0.889727
242 0.880000 0.889687
243 0.892000 0.889697
244 0.872000 0.889624
245 0.884000 0.889602
246 0.882000 0.889571
247 0.888000 0.889565
248 0.876000 0.889510
249 0.886000 0.889496
250 0.880000 0.889458
251 0.872000 0.889389
252 0.904000 0.889447
253 0.886000 0.889433
254 0.890000 0.889435
255 0.902000 0.889484
256 0.894000 0.889502
257 0.872000 0.889434
258 0.894000 0.889452
259 0.870000 0.889377
260 0.888000 0.889372
261 0.890000 0.889374
262 0.888000 0.889369
263 0.864000 0.889273
264 0.860000 0.889162
265 0.892000 0.889173
266 0.904000 0.889228
267 0.906000 0.889291
268 0.902000 0.889338
269 0.888000 0.889333
270 0.896000 0.889358
271 0.882000 0.889331
272 0.910000 0.889407
273 0.912000 0.889489
274 0.906000 0.889549
275 0.890000 0.889551
276 0.908000 0.889617
277 0.902000 0.889662
278 0.898000 0.889692
279 0.886000 0.889679
280 0.888000 0.889673
281 0.890000 0.889674
282 0.894000 0.889689
283 0.882000 0.889662
284 0.878000 0.889621
285 0.876000 0.889573
286 0.902000 0.889617
287 0.880000 0.889583
288 0.896000 0.889606
289 0.884000 0.889586
290 0.872000 0.889526
291 0.866000 0.889445
292 0.870000 0.889379
293 0.908000 0.889442
294 0.912000 0.889519
295 0.908000 0.889581
296 0.884000 0.889562
297 0.896000 0.889584
298 0.898000 0.889612
299 0.894000 0.889627
300 0.894000 0.889641
301 0.878000 0.889603
302 0.880000 0.889571
303 0.896000 0.889592
304 0.906000 0.889646
305 0.882000 0.889621
306 0.890000 0.889622
307 0.880000 0.889591
308 0.904000 0.889638
309 0.904000 0.889684
310 0.884000 0.889666
311 0.874000 0.889615
312 0.882000 0.889591
313 0.868000 0.889522
314 0.866000 0.889448
315 0.872000 0.889392
316 0.884000 0.889375
317 0.876000 0.889333
318 0.876000 0.889292
319 0.896000 0.889312
320 0.910000 0.889377
321 0.886000 0.889366
322 0.892000 0.889375
323 0.904000 0.889420
324 0.888000 0.889415
325 0.896000 0.889436
326 0.906000 0.889486
327 0.886000 0.889476
328 0.864000 0.889398
329 0.868000 0.889333
330 0.876000 0.889293
331 0.902000 0.889331
332 0.882000 0.889309
333 0.902000 0.889347
334 0.884000 0.889331
335 0.894000 0.889345
336 0.884000 0.889329
337 0.910000 0.889391
338 0.904000 0.889434
339 0.918000 0.889518
340 0.902000 0.889554
341 0.900000 0.889585
342 0.898000 0.889609
343 0.910000 0.889669
344 0.902000 0.889704
345 0.876000 0.889665
346 0.896000 0.889683
347 0.902000 0.889718
348 0.884000 0.889702
349 0.894000 0.889714
350 0.898000 0.889738
351 0.900000 0.889767
352 0.904000 0.889807
353 0.890000 0.889808
354 0.904000 0.889848
355 0.886000 0.889837
356 0.880000 0.889810
357 0.894000 0.889821
358 0.900000 0.889850
359 0.906000 0.889894
360 0.898000 0.889917
361 0.922000 0.890006
362 0.912000 0.890066
363 0.912000 0.890126
364 0.904000 0.890164
365 0.890000 0.890164
366 0.880000 0.890136
367 0.902000 0.890168
368 0.920000 0.890249
369 0.912000 0.890308
370 0.912000 0.890367
371 0.894000 0.890376
372 0.890000 0.890375
373 0.888000 0.890369
374 0.908000 0.890416
375 0.902000 0.890447
376 0.896000 0.890462
377 0.880000 0.890434
378 0.876000 0.890396
379 0.892000 0.890400
380 0.882000 0.890378
381 0.906000 0.890419
382 0.908000 0.890465
383 0.910000 0.890516
384 0.886000 0.890504
385 0.876000 0.890466
386 0.890000 0.890465
387 0.892000 0.890469
388 0.878000 0.890437
389 0.858000 0.890354
390 0.888000 0.890348
391 0.902000 0.890378
392 0.900000 0.890402
393 0.906000 0.890442
394 0.894000 0.890451
395 0.882000 0.890429
396 0.888000 0.890423
397 0.882000 0.890402
398 0.880000 0.890376
399 0.884000 0.890360
400 0.894000 0.890369
401 0.904000 0.890403
402 0.908000 0.890447
403 0.904000 0.890480
404 0.900000 0.890504
405 0.868000 0.890448
406 0.882000 0.890428
407 0.888000 0.890422
408 0.880000 0.890396
409 0.876000 0.890361
410 0.892000 0.890365
411 0.862000 0.890296
412 0.846000 0.890189
413 0.864000 0.890126
414 0.872000 0.890082
415 0.890000 0.890082
416 0.900000 0.890106
417 0.902000 0.890134
418 0.910000 0.890181
419 0.896000 0.890195
420 0.896000 0.890209
421 0.908000 0.890251
422 0.894000 0.890260
423 0.890000 0.890259
424 0.898000 0.890278
425 0.876000 0.890244
426 0.888000 0.890239
427 0.886000 0.890229
428 0.888000 0.890224
429 0.864000 0.890163
430 0.872000 0.890121
431 0.878000 0.890093
432 0.888000 0.890088
433 0.880000 0.890065
434 0.868000 0.890014
435 0.894000 0.890023
436 0.876000 0.889991
437 0.886000 0.889982
438 0.884000 0.889968
439 0.868000 0.889918
440 0.864000 0.889859
441 0.892000 0.889864
442 0.906000 0.889901
443 0.882000 0.889883
444 0.894000 0.889892
445 0.888000 0.889888
446 0.890000 0.889888
447 0.902000 0.889915
448 0.902000 0.889942
449 0.896000 0.889956
450 0.896000 0.889969
451 0.904000 0.890000
452 0.888000 0.889996
453 0.908000 0.890035
454 0.924000 0.890110
455 0.924000 0.890184
456 0.928000 0.890267
457 0.920000 0.890332
458 0.908000 0.890370
459 0.918000 0.890430
460 0.908000 0.890469
461 0.890000 0.890468
462 0.890000 0.890467
463 0.902000 0.890491
464 0.896000 0.890503
465 0.888000 0.890498
466 0.896000 0.890510
467 0.920000 0.890573
468 0.912000 0.890618
469 0.882000 0.890600
470 0.894000 0.890607
471 0.918000 0.890665
472 0.908000 0.890702
473 0.900000 0.890722
474 0.906000 0.890754
475 0.898000 0.890769
476 0.902000 0.890792
477 0.884000 0.890778
478 0.882000 0.890760
479 0.872000 0.890721
480 0.876000 0.890690
481 0.886000 0.890680
482 0.904000 0.890708
483 0.900000 0.890727
484 0.886000 0.890718
485 0.884000 0.890704
486 0.888000 0.890698
487 0.896000 0.890709
488 0.902000 0.890732
489 0.900000 0.890751
490 0.904000 0.890778
491 0.904000 0.890805
492 0.928000 0.890880
493 0.926000 0.890951
494 0.926000 0.891022
495 0.886000 0.891012
496 0.896000 0.891022
497 0.894000 0.891028
498 0.890000 0.891026
499 0.866000 0.890976
500 0.878000 0.890950
501 0.898000 0.890964
502 0.908000 0.890998
503 0.892000 0.891000
504 0.908000 0.891034
505 0.872000 0.890996
506 0.890000 0.890994
507 0.898000 0.891008
508 0.884000 0.890994
509 0.872000 0.890957
510 0.886000 0.890947
511 0.868000 0.890902
512 0.868000 0.890858
513 0.856000 0.890790
514 0.864000 0.890738
515 0.864000 0.890686
516 0.878000 0.890662
517 0.880000 0.890641
518 0.880000 0.890620
519 0.896000 0.890631
520 0.904000 0.890656
521 0.882000 0.890640
522 0.870000 0.890600
523 0.878000 0.890576
524 0.880000 0.890556
525 0.868000 0.890513
526 0.914000 0.890558
527 0.920000 0.890614
528 0.914000 0.890658
529 0.874000 0.890626
530 0.882000 0.890610
531 0.880000 0.890590
532 0.904000 0.890615
533 0.912000 0.890655
534 0.892000 0.890658
535 0.888000 0.890653
536 0.892000 0.890655
537 0.914000 0.890699
538 0.910000 0.890735
539 0.918000 0.890785
540 0.914000 0.890828
541 0.892000 0.890830
542 0.904000 0.890855
543 0.894000 0.890860
544 0.896000 0.890870
545 0.892000 0.890872
546 0.914000 0.890914
547 0.912000 0.890953
548 0.906000 0.890980
549 0.892000 0.890982
550 0.876000 0.890955
551 0.876000 0.890928
552 0.894000 0.890933
553 0.874000 0.890903
554 0.886000 0.890894
555 0.902000 0.890914
556 0.874000 0.890883
557 0.894000 0.890889
558 0.886000 0.890880
559 0.886000 0.890871
560 0.888000 0.890866
561 0.890000 0.890865
562 0.906000 0.890892
563 0.878000 0.890869
564 0.890000 0.890867
565 0.886000 0.890859
566 0.894000 0.890864
567 0.880000 0.890845
568 0.868000 0.890805
569 0.886000 0.890796
570 0.894000 0.890802
571 0.886000 0.890794
572 0.880000 0.890775
573 0.872000 0.890742
574 0.898000 0.890755
575 0.890000 0.890753
576 0.884000 0.890742
577 0.886000 0.890734
578 0.878000 0.890712
579 0.892000 0.890714
580 0.882000 0.890699
581 0.888000 0.890694
582 0.898000 0.890707
583 0.886000 0.890699
584 0.906000 0.890725
585 0.898000 0.890737
586 0.894000 0.890743
587 0.882000 0.890728
588 0.892000 0.890730
589 0.898000 0.890742
590 0.888000 0.890738
591 0.906000 0.890764
592 0.900000 0.890779
593 0.898000 0.890791
594 0.904000 0.890813
595 0.888000 0.890809
596 0.894000 0.890814
597 0.882000 0.890799
598 0.876000 0.890775
599 0.904000 0.890797
600 0.884000 0.890785
601 0.890000 0.890784
602 0.890000 0.890783
603 0.900000 0.890798
604 0.890000 0.890797
605 0.898000 0.890809
606 0.892000 0.890811
607 0.886000 0.890803
608 0.884000 0.890791
609 0.902000 0.890810
610 0.886000 0.890802
611 0.882000 0.890788
612 0.902000 0.890806
613 0.898000 0.890818
614 0.906000 0.890842
615 0.890000 0.890841
616 0.892000 0.890843
617 0.894000 0.890848
618 0.882000 0.890834
619 0.892000 0.890835
620 0.884000 0.890824
621 0.868000 0.890788
622 0.852000 0.890726
623 0.886000 0.890718
624 0.900000 0.890733
625 0.880000 0.890716
626 0.906000 0.890740
627 0.884000 0.890729
628 0.896000 0.890738
629 0.888000 0.890733
630 0.902000 0.890751
631 0.902000 0.890769
632 0.894000 0.890774
633 0.880000 0.890757
634 0.898000 0.890769
635 0.906000 0.890792
636 0.884000 0.890782
637 0.890000 0.890781
638 0.882000 0.890767
639 0.880000 0.890750
640 0.876000 0.890727
641 0.884000 0.890717
642 0.862000 0.890672
643 0.886000 0.890665
644 0.888000 0.890660
645 0.892000 0.890663
646 0.918000 0.890705
647 0.904000 0.890725
648 0.894000 0.890730
649 0.888000 0.890726
650 0.888000 0.890722
651 0.910000 0.890752
652 0.898000 0.890763
653 0.908000 0.890789
654 0.890000 0.890788
655 0.880000 0.890771
656 0.882000 0.890758
657 0.886000 0.890751
658 0.890000 0.890750
659 0.876000 0.890727
660 0.888000 0.890723
661 0.882000 0.890710
662 0.890000 0.890709
663 0.894000 0.890714
664 0.904000 0.890734
665 0.888000 0.890730
666 0.876000 0.890708
667 0.896000 0.890716
668 0.912000 0.890747
669 0.904000 0.890767
670 0.900000 0.890781
671 0.882000 0.890768
672 0.892000 0.890770
673 0.890000 0.890769
674 0.906000 0.890791
675 0.904000 0.890811
676 0.892000 0.890812
677 0.882000 0.890799
678 0.878000 0.890781
679 0.896000 0.890788
680 0.890000 0.890787
681 0.906000 0.890809
682 0.898000 0.890820
683 0.898000 0.890830
684 0.904000 0.890850
685 0.900000 0.890863
686 0.910000 0.890891
687 0.880000 0.890875
688 0.900000 0.890888
689 0.888000 0.890884
690 0.890000 0.890883
691 0.886000 0.890876
692 0.874000 0.890851
693 0.900000 0.890865
694 0.884000 0.890855
695 0.894000 0.890859
696 0.884000 0.890849
697 0.880000 0.890834
698 0.884000 0.890824
699 0.904000 0.890843
700 0.902000 0.890859
701 0.876000 0.890838
702 0.870000 0.890808
703 0.850000 0.890750
704 0.884000 0.890740
705 0.890000 0.890739
706 0.884000 0.890730
707 0.886000 0.890723
708 0.878000 0.890705
709 0.872000 0.890679
710 0.902000 0.890695
711 0.896000 0.890702
712 0.894000 0.890707
713 0.886000 0.890700
714 0.884000 0.890691
715 0.874000 0.890668
716 0.882000 0.890656
717 0.876000 0.890635
718 0.910000 0.890662
719 0.908000 0.890686
720 0.890000 0.890685
721 0.900000 0.890698
722 0.894000 0.890703
723 0.902000 0.890718
724 0.898000 0.890728
725 0.890000 0.890727
726 0.904000 0.890746
727 0.918000 0.890783
728 0.924000 0.890829
729 0.910000 0.890855
730 0.922000 0.890897
731 0.908000 0.890921
732 0.920000 0.890960
733 0.892000 0.890962
734 0.888000 0.890958
735 0.870000 0.890929
736 0.894000 0.890934
737 0.892000 0.890935
738 0.874000 0.890912
739 0.892000 0.890914
740 0.886000 0.890907
741 0.902000 0.890922
742 0.902000 0.890937
743 0.896000 0.890944
744 0.912000 0.890972
745 0.902000 0.890987
746 0.894000 0.890991
747 0.912000 0.891019
748 0.902000 0.891033
749 0.878000 0.891016
750 0.866000 0.890983
751 0.870000 0.890955
752 0.874000 0.890932
753 0.874000 0.890910
754 0.900000 0.890922
755 0.892000 0.890923
756 0.890000 0.890922
757 0.900000 0.890934
758 0.900000 0.890946
759 0.896000 0.890953
760 0.916000 0.890986
761 0.912000 0.891013
762 0.900000 0.891025
763 0.892000 0.891026
764 0.900000 0.891038
765 0.910000 0.891063
766 0.904000 0.891080
767 0.892000 0.891081
768 0.896000 0.891087
769 0.902000 0.891101
770 0.900000 0.891113
771 0.898000 0.891122
772 0.896000 0.891128
773 0.912000 0.891155
774 0.920000 0.891192
775 0.902000 0.891206
776 0.886000 0.891199
777 0.882000 0.891188
778 0.884000 0.891178
779 0.878000 0.891162
780 0.898000 0.891170
781 0.910000 0.891194
782 0.912000 0.891221
783 0.892000 0.891222
784 0.886000 0.891215
785 0.910000 0.891239
786 0.914000 0.891268
787 0.914000 0.891297
788 0.926000 0.891341
789 0.908000 0.891362
790 0.912000 0.891388
791 0.902000 0.891402
792 0.902000 0.891415
793 0.892000 0.891416
794 0.884000 0.891406
795 0.894000 0.891410
796 0.878000 0.891393
797 0.896000 0.891398
798 0.904000 0.891414
799 0.892000 0.891415
800 0.910000 0.891438
801 0.886000 0.891431
802 0.896000 0.891437
803 0.868000 0.891408
804 0.894000 0.891411
805 0.874000 0.891390
806 0.902000 0.891403
807 0.888000 0.891399
808 0.900000 0.891409
809 0.886000 0.891402
810 0.906000 0.891420
811 0.880000 0.891406
812 0.908000 0.891427
813 0.912000 0.891452
814 0.888000 0.891448
815 0.902000 0.891461
816 0.896000 0.891466
817 0.898000 0.891474
818 0.900000 0.891485
819 0.890000 0.891483
820 0.872000 0.891459
821 0.864000 0.891426
822 0.906000 0.891443
823 0.896000 0.891449
824 0.882000 0.891438
825 0.892000 0.891438
826 0.878000 0.891422
827 0.874000 0.891401
828 0.882000 0.891390
829 0.884000 0.891381
830 0.878000 0.891365
831 0.870000 0.891339
832 0.890000 0.891337
833 0.868000 0.891309
834 0.860000 0.891272
835 0.876000 0.891254
836 0.872000 0.891231
837 0.864000 0.891198
838 0.876000 0.891180
839 0.890000 0.891179
840 0.848000 0.891127
841 0.870000 0.891102
842 0.860000 0.891065
843 0.868000 0.891038
844 0.884000 0.891030
845 0.866000 0.891000
846 0.880000 0.890987
847 0.884000 0.890979
848 0.882000 0.890968
849 0.870000 0.890944
850 0.896000 0.890949
851 0.896000 0.890955
852 0.904000 0.890971
853 0.896000 0.890977
854 0.894000 0.890980
855 0.910000 0.891002
856 0.890000 0.891001
857 0.884000 0.890993
858 0.884000 0.890985
859 0.888000 0.890981
860 0.890000 0.890980
861 0.888000 0.890977
862 0.876000 0.890959
863 0.882000 0.890949
864 0.870000 0.890925
865 0.880000 0.890912
866 0.874000 0.890893
867 0.904000 0.890908
868 0.932000 0.890955
869 0.912000 0.890979
870 0.892000 0.890980
871 0.894000 0.890984
872 0.884000 0.890976
873 0.902000 0.890989
874 0.890000 0.890987
875 0.886000 0.890982
876 0.908000 0.891001
877 0.904000 0.891016
878 0.904000 0.891031
879 0.900000 0.891041
880 0.908000 0.891060
881 0.890000 0.891059
882 0.872000 0.891037
883 0.878000 0.891023
884 0.868000 0.890997
885 0.862000 0.890964
886 0.892000 0.890965
887 0.886000 0.890959
888 0.868000 0.890934
889 0.886000 0.890928
890 0.890000 0.890927
891 0.894000 0.890930
892 0.884000 0.890923
893 0.908000 0.890942
894 0.920000 0.890974
895 0.900000 0.890984
896 0.916000 0.891012
897 0.884000 0.891004
898 0.884000 0.890997
899 0.868000 0.890971
900 0.870000 0.890948
901 0.876000 0.890931
902 0.880000 0.890919
903 0.912000 0.890942
904 0.910000 0.890964
905 0.912000 0.890987
906 0.908000 0.891006
907 0.888000 0.891002
908 0.878000 0.890988
909 0.876000 0.890971
910 0.882000 0.890962
911 0.914000 0.890987
912 0.902000 0.890999
913 0.912000 0.891022
914 0.896000 0.891027
915 0.904000 0.891041
916 0.910000 0.891062
917 0.910000 0.891083
918 0.904000 0.891097
919 0.916000 0.891124
920 0.936000 0.891173
921 0.906000 0.891189
922 0.892000 0.891190
923 0.882000 0.891180
924 0.878000 0.891165
925 0.880000 0.891153
926 0.882000 0.891143
927 0.886000 0.891138
928 0.860000 0.891104
929 0.884000 0.891097
930 0.896000 0.891102
931 0.918000 0.891131
932 0.908000 0.891149
933 0.886000 0.891143
934 0.888000 0.891140
935 0.886000 0.891135
936 0.888000 0.891131
937 0.898000 0.891139
938 0.906000 0.891154
939 0.890000 0.891153
940 0.900000 0.891163
941 0.894000 0.891166
942 0.868000 0.891141
943 0.868000 0.891117
944 0.900000 0.891126
945 0.886000 0.891121
946 0.884000 0.891113
947 0.882000 0.891103
948 0.896000 0.891109
949 0.884000 0.891101
950 0.896000 0.891106
951 0.888000 0.891103
952 0.876000 0.891087
953 0.896000 0.891092
954 0.920000 0.891123
955 0.904000 0.891136
956 0.898000 0.891143
957 0.878000 0.891129
958 0.870000 0.891107
959 0.878000 0.891094
960 0.872000 0.891074
961 0.880000 0.891062
962 0.890000 0.891061
963 0.886000 0.891056
964 0.870000 0.891034
965 0.880000 0.891023
966 0.894000 0.891026
967 0.886000 0.891021
968 0.868000 0.890997
969 0.878000 0.890984
970 0.896000 0.890989
971 0.864000 0.890961
972 0.886000 0.890956
973 0.902000 0.890967
974 0.880000 0.890956
975 0.888000 0.890953
976 0.886000 0.890948
977 0.878000 0.890935
978 0.890000 0.890934
979 0.876000 0.890918
980 0.862000 0.890889
981 0.886000 0.890884
982 0.882000 0.890875
983 0.886000 0.890870
984 0.888000 0.890867
985 0.906000 0.890882
986 0.888000 0.890879
987 0.868000 0.890856
988 0.872000 0.890837
989 0.892000 0.890838
990 0.894000 0.890842
991 0.890000 0.890841
992 0.894000 0.890844
993 0.884000 0.890837
994 0.892000 0.890838
995 0.900000 0.890847
996 0.886000 0.890843
997 0.894000 0.890846
998 0.906000 0.890861
999 0.896000 0.890866
