0 1.000000 1.000000
1 0.944000 0.972000
2 0.884000 0.942667
3 0.806000 0.908500
4 0.772000 0.881200
5 0.760000 0.861000
6 0.752000 0.845429
7 0.720000 0.829750
8 0.700000 0.815333
9 0.664000 0.800200
10 0.684000 0.789636
11 0.642000 0.777333
12 0.650000 0.767538
13 0.656000 0.759571
14 0.656000 0.752667
15 0.628000 0.744875
16 0.574000 0.734824
17 0.582000 0.726333
18 0.554000 0.717263
19 0.534000 0.708100
20 0.536000 0.699905
21 0.574000 0.694182
22 0.560000 0.688348
23 0.560000 0.683000
24 0.508000 0.676000
25 0.534000 0.670538
26 0.516000 0.664815
27 0.506000 0.659143
28 0.504000 0.653793
29 0.516000 0.649200
30 0.514000 0.644839
31 0.452000 0.638813
32 0.418000 0.632121
33 0.404000 0.625412
34 0.444000 0.620229
35 0.436000 0.615111
36 0.436000 0.610270
37 0.418000 0.605211
38 0.392000 0.599744
39 0.384000 0.594350
40 0.384000 0.589220
41 0.378000 0.584190
42 0.352000 0.578791
43 0.356000 0.573727
44 0.340000 0.568533
45 0.362000 0.564043
46 0.358000 0.559660
47 0.334000 0.554958
48 0.328000 0.550327
49 0.296000 0.545240
50 0.250000 0.539451
51 0.294000 0.534731
52 0.268000 0.529698
53 0.276000 0.525000
54 0.324000 0.521345
55 0.316000 0.517679
56 0.294000 0.513754
57 0.300000 0.510069
58 0.312000 0.506712
59 0.296000 0.503200
60 0.298000 0.499836
61 0.284000 0.496355
62 0.254000 0.492508
63 0.254000 0.488781
64 0.244000 0.485015
65 0.238000 0.481273
66 0.234000 0.477582
67 0.244000 0.474147
68 0.254000 0.470957
69 0.274000 0.468143
70 0.258000 0.465183
71 0.256000 0.462278
72 0.232000 0.459123
73 0.238000 0.456135
74 0.256000 0.453467
75 0.228000 0.450500
76 0.218000 0.447481
77 0.262000 0.445103
78 0.244000 0.442557
79 0.178000 0.439250
80 0.206000 0.436370
81 0.182000 0.433268
82 0.196000 0.430410
83 0.200000 0.427667
84 0.226000 0.425294
85 0.196000 0.422628
86 0.244000 0.420575
87 0.182000 0.417864
88 0.184000 0.415236
89 0.234000 0.413222
90 0.222000 0.411121
91 0.210000 0.408935
92 0.212000 0.406817
93 0.202000 0.404638
94 0.204000 0.402526
95 0.216000 0.400583
96 0.202000 0.398536
97 0.232000 0.396837
98 0.230000 0.395152
99 0.222000 0.393420
100 0.204000 0.391545
101 0.204000 0.389706
102 0.178000 0.387650
103 0.156000 0.385423
104 0.190000 0.383562
105 0.204000 0.381868
106 0.184000 0.380019
107 0.196000 0.378315
108 0.200000 0.376679
109 0.198000 0.375055
110 0.176000 0.373261
111 0.172000 0.371464
112 0.210000 0.370035
113 0.212000 0.368649
114 0.148000 0.366730
115 0.168000 0.365017
116 0.158000 0.363248
117 0.128000 0.361254
118 0.160000 0.359563
119 0.140000 0.357733
120 0.154000 0.356050
121 0.152000 0.354377
122 0.152000 0.352732
123 0.188000 0.351403
124 0.188000 0.350096
125 0.194000 0.348857
126 0.146000 0.347260
127 0.138000 0.345625
128 0.156000 0.344155
129 0.162000 0.342754
130 0.122000 0.341069
131 0.134000 0.339500
132 0.144000 0.338030
133 0.124000 0.336433
134 0.084000 0.334563
135 0.110000 0.332912
136 0.110000 0.331285
137 0.068000 0.329377
138 0.090000 0.327655
139 0.064000 0.325771
140 0.106000 0.324213
141 0.102000 0.322648
142 0.096000 0.321063
143 0.092000 0.319472
144 0.098000 0.317945
145 0.118000 0.316575
146 0.116000 0.315211
147 0.102000 0.313770
148 0.120000 0.312470
149 0.100000 0.311053
150 0.092000 0.309603
151 0.108000 0.308276
152 0.144000 0.307203
153 0.110000 0.305922
154 0.020000 0.304077
155 0.092000 0.302718
156 0.064000 0.301197
157 0.072000 0.299747
158 0.094000 0.298453
159 0.082000 0.297100
160 0.080000 0.295752
161 0.088000 0.294469
162 0.094000 0.293239
163 0.052000 0.291768
164 0.060000 0.290364
165 0.098000 0.289205
166 0.098000 0.288060
167 0.028000 0.286512
168 0.066000 0.285207
169 0.098000 0.284106
170 0.100000 0.283029
171 0.122000 0.282093
172 0.096000 0.281017
173 0.090000 0.279920
174 0.084000 0.278800
175 0.086000 0.277705
176 0.110000 0.276757
177 0.114000 0.275843
178 0.114000 0.274939
179 0.106000 0.274000
180 0.092000 0.272994
181 0.108000 0.272088
182 0.128000 0.271301
183 0.088000 0.270304
184 0.086000 0.269308
185 0.074000 0.268258
186 0.110000 0.267412
187 0.114000 0.266596
188 0.090000 0.265661
189 0.128000 0.264937
190 0.118000 0.264168
191 0.130000 0.263469
192 0.078000 0.262508
193 0.106000 0.261701
194 0.110000 0.260923
195 0.122000 0.260214
196 0.134000 0.259574
197 0.094000 0.258737
198 0.106000 0.257970
199 0.118000 0.257270
200 0.136000 0.256667
201 0.096000 0.255871
202 0.038000 0.254798
203 0.090000 0.253990
204 0.090000 0.253190
205 0.102000 0.252456
206 0.064000 0.251546
207 0.018000 0.250423
208 0.062000 0.249522
209 0.068000 0.248657
210 0.040000 0.247668
211 0.074000 0.246849
212 0.074000 0.246038
213 0.076000 0.245243
214 0.074000 0.244447
215 0.062000 0.243602
216 0.062000 0.242765
217 0.048000 0.241872
218 0.028000 0.240895
219 -0.014000 0.239736
220 0.000000 0.238652
221 0.012000 0.237631
222 0.026000 0.236682
223 0.044000 0.235821
224 0.030000 0.234907
225 0.036000 0.234027
226 0.054000 0.233233
227 0.052000 0.232439
228 0.024000 0.231528
229 0.028000 0.230643
230 0.058000 0.229896
231 0.038000 0.229069
232 0.056000 0.228326
233 0.034000 0.227496
234 0.030000 0.226655
235 0.040000 0.225864
236 0.072000 0.225215
237 0.050000 0.224479
238 0.006000 0.223565
239 0.042000 0.222808
240 0.048000 0.222083
241 0.042000 0.221339
242 0.046000 0.220617
243 0.084000 0.220057
244 0.064000 0.219420
245 0.070000 0.218813
246 0.050000 0.218130
247 0.074000 0.217548
248 0.010000 0.216715
249 0.012000 0.215896
250 0.018000 0.215108
251 0.016000 0.214317
252 0.026000 0.213573
253 0.038000 0.212882
254 0.046000 0.212227
255 0.018000 0.211469
256 0.028000 0.210755
257 0.026000 0.210039
258 0.022000 0.209313
259 0.016000 0.208569
260 0.044000 0.207939
261 0.038000 0.207290
262 0.016000 0.206563
263 0.016000 0.205841
264 0.038000 0.205208
265 0.012000 0.204481
266 0.042000 0.203873
267 0.050000 0.203299
268 0.050000 0.202729
269 0.056000 0.202185
270 0.056000 0.201646
271 0.032000 0.201022
272 0.008000 0.200315
273 -0.030000 0.199474
274 -0.030000 0.198640
275 -0.016000 0.197862
276 -0.014000 0.197097
277 0.008000 0.196417
278 0.020000 0.195785
279 -0.020000 0.195014
280 0.000000 0.194320
281 -0.026000 0.193539
282 -0.010000 0.192820
283 -0.008000 0.192113
284 0.024000 0.191523
285 0.056000 0.191049
286 -0.008000 0.190355
287 -0.016000 0.189639
288 -0.026000 0.188893
289 -0.036000 0.188117
290 -0.014000 0.187423
291 0.008000 0.186808
292 0.004000 0.186184
293 0.002000 0.185558
294 0.060000 0.185132
295 0.034000 0.184622
296 0.004000 0.184013
297 0.070000 0.183631
298 0.028000 0.183110
299 0.042000 0.182640
300 0.058000 0.182226
301 -0.004000 0.181609
302 0.012000 0.181050
303 0.014000 0.180500
304 0.036000 0.180026
305 0.034000 0.179549
306 0.026000 0.179049
307 0.038000 0.178591
308 0.054000 0.178188
309 0.002000 0.177619
310 0.030000 0.177145
311 0.042000 0.176712
312 0.054000 0.176319
313 0.048000 0.175911
314 0.024000 0.175429
315 0.012000 0.174911
316 0.008000 0.174385
317 0.020000 0.173899
318 0.052000 0.173517
319 0.036000 0.173088
320 0.050000 0.172704
321 0.076000 0.172404
322 0.068000 0.172080
323 0.050000 0.171704
324 0.024000 0.171249
325 0.034000 0.170828
326 0.072000 0.170526
327 0.032000 0.170104
328 0.018000 0.169641
329 0.062000 0.169315
330 0.066000 0.169003
331 0.036000 0.168602
332 0.052000 0.168252
333 0.052000 0.167904
334 0.022000 0.167469
335 0.034000 0.167071
336 0.026000 0.166653
337 0.062000 0.166343
338 0.050000 0.166000
339 0.034000 0.165612
340 0.070000 0.165331
341 0.000000 0.164848
342 0.034000 0.164466
343 0.016000 0.164035
344 0.032000 0.163652
345 0.068000 0.163376
346 0.064000 0.163089
347 0.092000 0.162885
348 0.078000 0.162642
349 0.058000 0.162343
350 0.058000 0.162046
351 0.060000 0.161756
352 0.048000 0.161433
353 0.030000 0.161062
354 0.038000 0.160715
355 0.046000 0.160393
356 0.030000 0.160028
357 0.042000 0.159698
358 0.062000 0.159426
359 0.034000 0.159078
360 0.018000 0.158687
361 0.022000 0.158309
362 0.036000 0.157972
363 0.062000 0.157709
364 0.086000 0.157512
365 0.058000 0.157240
366 -0.012000 0.156779
367 -0.008000 0.156332
368 -0.012000 0.155875
369 -0.026000 0.155384
370 0.012000 0.154997
371 0.034000 0.154672
372 -0.002000 0.154252
373 -0.014000 0.153802
374 -0.052000 0.153253
375 -0.024000 0.152782
376 -0.006000 0.152361
377 -0.010000 0.151931
378 -0.034000 0.151441
379 -0.036000 0.150947
380 -0.008000 0.150530
381 -0.004000 0.150126
382 0.004000 0.149744
383 0.026000 0.149422
384 0.010000 0.149060
385 -0.016000 0.148632
386 -0.014000 0.148212
387 0.048000 0.147954
388 0.012000 0.147604
389 0.026000 0.147292
390 0.014000 0.146951
391 0.038000 0.146673
392 0.038000 0.146397
393 0.044000 0.146137
394 0.040000 0.145868
395 0.050000 0.145626
396 0.048000 0.145380
397 0.068000 0.145186
398 0.042000 0.144927
399 -0.014000 0.144530
400 0.028000 0.144239
401 0.040000 0.143980
402 0.006000 0.143638
403 -0.004000 0.143272
404 0.010000 0.142943
405 0.022000 0.142645
406 0.044000 0.142403
407 0.044000 0.142162
408 0.026000 0.141878
409 0.068000 0.141698
410 0.050000 0.141474
411 0.028000 0.141199
412 0.040000 0.140954
413 0.038000 0.140705
414 0.048000 0.140482
415 0.048000 0.140260
416 0.034000 0.140005
417 0.002000 0.139675
418 0.042000 0.139442
419 0.006000 0.139124
420 0.002000 0.138798
421 0.048000 0.138583
422 0.054000 0.138383
423 0.074000 0.138231
424 0.104000 0.138151
425 0.042000 0.137925
426 0.042000 0.137700
427 0.006000 0.137393
428 0.054000 0.137198
429 0.056000 0.137009
430 0.060000 0.136831
431 0.062000 0.136657
432 0.008000 0.136360
433 0.044000 0.136147
434 0.050000 0.135949
435 -0.016000 0.135601
436 0.000000 0.135291
437 -0.030000 0.134913
438 0.018000 0.134647
439 0.016000 0.134377
440 0.008000 0.134091
441 -0.034000 0.133710
442 -0.044000 0.133309
443 -0.068000 0.132856
444 -0.048000 0.132449
445 -0.028000 0.132090
446 -0.004000 0.131785
447 0.008000 0.131509
448 0.038000 0.131301
449 0.026000 0.131067
450 0.002000 0.130780
451 -0.044000 0.130394
452 -0.014000 0.130075
453 -0.046000 0.129687
454 -0.050000 0.129292
455 -0.006000 0.128996
456 0.026000 0.128770
457 0.014000 0.128520
458 0.028000 0.128301
459 0.016000 0.128057
460 -0.006000 0.127766
461 -0.004000 0.127481
462 -0.008000 0.127188
463 -0.046000 0.126815
464 -0.058000 0.126417
465 -0.016000 0.126112
466 -0.032000 0.125773
467 -0.036000 0.125427
468 0.000000 0.125160
469 -0.050000 0.124787
470 -0.034000 0.124450
471 -0.054000 0.124072
472 0.004000 0.123818
473 -0.024000 0.123506
474 -0.012000 0.123221
475 -0.022000 0.122916
476 -0.032000 0.122591
477 -0.006000 0.122322
478 -0.056000 0.121950
479 -0.020000 0.121654
480 -0.002000 0.121397
481 0.040000 0.121228
482 0.016000 0.121010
483 0.004000 0.120769
484 0.002000 0.120524
485 -0.056000 0.120160
486 -0.028000 0.119856
487 -0.024000 0.119561
488 -0.044000 0.119227
489 -0.046000 0.118890
490 -0.052000 0.118542
491 -0.036000 0.118228
492 -0.040000 0.117907
493 -0.060000 0.117547
494 -0.054000 0.117200
495 -0.078000 0.116806
496 -0.076000 0.116419
497 -0.042000 0.116100
498 -0.036000 0.115796
499 -0.070000 0.115424
500 -0.052000 0.115090
501 -0.052000 0.114757
502 -0.022000 0.114485
503 -0.024000 0.114210
504 -0.020000 0.113945
505 -0.024000 0.113672
506 -0.002000 0.113444
507 -0.030000 0.113161
508 -0.062000 0.112817
509 -0.078000 0.112443
510 -0.030000 0.112164
511 -0.048000 0.111852
512 -0.038000 0.111559
513 -0.046000 0.111253
514 -0.040000 0.110959
515 -0.034000 0.110678
516 -0.032000 0.110402
517 -0.022000 0.110147
518 -0.014000 0.109908
519 -0.030000 0.109638
520 -0.024000 0.109382
521 -0.006000 0.109161
522 0.000000 0.108952
523 -0.026000 0.108695
524 0.018000 0.108522
525 0.016000 0.108346
526 0.002000 0.108144
527 0.034000 0.108004
528 0.004000 0.107807
529 -0.026000 0.107555
530 -0.036000 0.107284
531 0.012000 0.107105
532 0.004000 0.106912
533 0.030000 0.106768
534 0.030000 0.106624
535 0.018000 0.106459
536 0.012000 0.106283
537 -0.006000 0.106074
538 -0.002000 0.105874
539 0.010000 0.105696
540 -0.022000 0.105460
541 -0.032000 0.105207
542 -0.040000 0.104939
543 -0.044000 0.104665
544 -0.004000 0.104466
545 -0.006000 0.104264
546 -0.026000 0.104026
547 0.004000 0.103843
548 0.026000 0.103701
549 -0.006000 0.103502
550 -0.012000 0.103292
551 -0.036000 0.103040
552 -0.046000 0.102770
553 -0.006000 0.102574
554 -0.006000 0.102378
555 0.018000 0.102227
556 0.034000 0.102104
557 0.002000 0.101925
558 -0.006000 0.101732
559 0.068000 0.101671
560 0.026000 0.101537
561 0.026000 0.101402
562 0.000000 0.101222
563 0.006000 0.101053
564 -0.030000 0.100821
565 -0.074000 0.100512
566 -0.030000 0.100282
567 -0.046000 0.100025
568 -0.066000 0.099733
569 -0.044000 0.099481
570 -0.054000 0.099212
571 -0.078000 0.098902
572 -0.054000 0.098635
573 -0.046000 0.098383
574 -0.032000 0.098157
575 -0.022000 0.097948
576 -0.018000 0.097747
577 0.010000 0.097595
578 -0.014000 0.097402
579 -0.002000 0.097231
580 -0.042000 0.096991
581 -0.028000 0.096777
582 -0.048000 0.096528
583 -0.004000 0.096356
584 0.034000 0.096250
585 0.030000 0.096137
586 0.026000 0.096017
587 0.046000 0.095932
588 0.008000 0.095783
589 0.008000 0.095634
590 0.030000 0.095523
591 0.014000 0.095385
592 -0.012000 0.095204
593 -0.020000 0.095010
594 -0.046000 0.094773
595 -0.042000 0.094544
596 -0.072000 0.094265
597 -0.034000 0.094050
598 -0.034000 0.093836
599 -0.010000 0.093663
600 0.002000 0.093511
601 0.044000 0.093429
602 0.032000 0.093327
603 0.004000 0.093179
604 -0.012000 0.093005
605 -0.014000 0.092828
606 0.002000 0.092679
607 -0.014000 0.092503
608 -0.018000 0.092322
609 -0.014000 0.092148
610 0.004000 0.092003
611 0.014000 0.091876
612 0.010000 0.091742
613 0.034000 0.091648
614 0.060000 0.091597
615 0.020000 0.091481
616 0.014000 0.091355
617 0.028000 0.091252
618 0.018000 0.091134
619 -0.038000 0.090926
620 -0.028000 0.090734
621 0.010000 0.090605
622 -0.012000 0.090440
623 -0.004000 0.090288
624 0.022000 0.090179
625 0.026000 0.090077
626 0.012000 0.089952
627 0.000000 0.089809
628 0.006000 0.089676
629 -0.004000 0.089527
630 0.006000 0.089395
631 0.026000 0.089294
632 0.022000 0.089188
633 0.042000 0.089114
634 0.026000 0.089014
635 0.030000 0.088921
636 0.008000 0.088794
637 0.050000 0.088734
638 0.032000 0.088645
639 0.002000 0.088509
640 0.002000 0.088374
641 -0.010000 0.088221
642 -0.022000 0.088050
643 -0.006000 0.087904
644 0.042000 0.087833
645 0.002000 0.087700
646 -0.030000 0.087518
647 -0.012000 0.087364
648 -0.002000 0.087227
649 -0.004000 0.087086
650 -0.026000 0.086912
651 -0.004000 0.086773
652 -0.014000 0.086619
653 -0.054000 0.086404
654 -0.046000 0.086202
655 -0.046000 0.086000
656 -0.052000 0.085790
657 -0.054000 0.085578
658 -0.028000 0.085405
659 -0.024000 0.085239
660 -0.034000 0.085059
661 -0.016000 0.084906
662 -0.018000 0.084751
663 -0.072000 0.084515
664 -0.074000 0.084277
665 -0.036000 0.084096
666 -0.026000 0.083931
667 -0.030000 0.083760
668 -0.020000 0.083605
669 -0.046000 0.083412
670 -0.090000 0.083154
671 -0.080000 0.082911
672 -0.032000 0.082740
673 -0.068000 0.082516
674 -0.076000 0.082281
675 -0.050000 0.082086
676 -0.032000 0.081917
677 -0.036000 0.081743
678 -0.010000 0.081608
679 -0.038000 0.081432
680 -0.062000 0.081222
681 -0.052000 0.081026
682 -0.062000 0.080817
683 -0.040000 0.080640
684 -0.036000 0.080470
685 -0.018000 0.080327
686 -0.008000 0.080198
687 -0.012000 0.080064
688 0.014000 0.079968
689 -0.020000 0.079823
690 -0.046000 0.079641
691 -0.012000 0.079509
692 -0.046000 0.079328
693 -0.060000 0.079127
694 -0.078000 0.078901
695 -0.064000 0.078695
696 -0.030000 0.078539
697 -0.016000 0.078404
698 -0.038000 0.078237
699 -0.028000 0.078086
700 -0.020000 0.077946
701 -0.012000 0.077818
702 0.018000 0.077733
703 0.010000 0.077636
704 0.000000 0.077526
705 -0.018000 0.077391
706 -0.020000 0.077253
707 -0.028000 0.077105
708 -0.054000 0.076920
709 -0.048000 0.076744
710 -0.008000 0.076624
711 0.004000 0.076522
712 -0.008000 0.076404
713 0.026000 0.076333
714 0.026000 0.076263
715 -0.020000 0.076128
716 0.008000 0.076033
717 0.014000 0.075947
718 0.022000 0.075872
719 0.032000 0.075811
720 0.050000 0.075775
721 0.014000 0.075690
722 0.024000 0.075618
723 -0.038000 0.075461
724 0.028000 0.075396
725 0.014000 0.075311
726 0.034000 0.075254
727 0.036000 0.075201
728 0.068000 0.075191
729 0.060000 0.075170
730 0.056000 0.075144
731 0.046000 0.075104
732 -0.018000 0.074977
733 -0.022000 0.074845
734 0.000000 0.074743
735 0.024000 0.074674
736 0.026000 0.074608
737 0.032000 0.074550
738 0.034000 0.074495
739 -0.006000 0.074386
740 0.012000 0.074302
741 -0.006000 0.074194
742 0.024000 0.074127
743 0.020000 0.074054
744 0.046000 0.074016
745 0.042000 0.073973
746 0.008000 0.073885
747 0.032000 0.073829
748 0.002000 0.073733
749 0.014000 0.073653
750 0.030000 0.073595
751 0.014000 0.073516
752 0.030000 0.073458
753 0.036000 0.073408
754 0.024000 0.073343
755 0.074000 0.073344
756 0.064000 0.073332
757 0.060000 0.073314
758 0.038000 0.073267
759 -0.022000 0.073142
760 -0.010000 0.073033
761 0.008000 0.072948
762 -0.026000 0.072818
763 -0.044000 0.072665
764 -0.016000 0.072549
765 -0.034000 0.072410
766 -0.032000 0.072274
767 0.008000 0.072190
768 0.044000 0.072153
769 0.000000 0.072060
770 -0.006000 0.071958
771 0.030000 0.071904
772 0.024000 0.071842
773 0.032000 0.071791
774 0.012000 0.071714
775 0.022000 0.071649
776 0.020000 0.071583
777 0.008000 0.071501
778 0.022000 0.071438
779 0.062000 0.071426
780 0.020000 0.071360
781 0.060000 0.071345
782 0.040000 0.071305
783 0.030000 0.071253
784 0.046000 0.071220
785 0.044000 0.071186
786 0.036000 0.071141
787 0.032000 0.071091
788 0.008000 0.071011
789 0.040000 0.070972
790 0.020000 0.070908
791 0.048000 0.070879
792 0.050000 0.070852
793 0.064000 0.070844
794 0.072000 0.070845
795 0.086000 0.070864
796 0.030000 0.070813
797 -0.006000 0.070717
798 -0.012000 0.070613
799 0.046000 0.070582
800 0.050000 0.070557
801 0.084000 0.070574
802 0.070000 0.070573
803 0.084000 0.070590
804 0.064000 0.070581
805 -0.006000 0.070486
806 0.010000 0.070411
807 0.004000 0.070329
808 0.026000 0.070274
809 -0.010000 0.070175
810 -0.012000 0.070074
811 0.002000 0.069990
812 0.006000 0.069911
813 0.006000 0.069833
814 0.008000 0.069757
815 0.026000 0.069703
816 0.030000 0.069655
817 -0.004000 0.069565
818 0.000000 0.069480
819 0.022000 0.069422
820 0.070000 0.069423
821 0.090000 0.069448
822 0.050000 0.069424
823 0.036000 0.069383
824 0.040000 0.069348
825 0.032000 0.069303
826 0.062000 0.069294
827 0.036000 0.069254
828 0.030000 0.069206
829 0.052000 0.069186
830 0.052000 0.069165
831 0.088000 0.069187
832 0.104000 0.069229
833 0.086000 0.069249
834 0.116000 0.069305
835 0.106000 0.069349
836 0.118000 0.069407
837 0.086000 0.069427
838 0.084000 0.069445
839 0.090000 0.069469
840 0.038000 0.069432
841 -0.004000 0.069344
842 0.008000 0.069272
843 0.014000 0.069206
844 -0.002000 0.069122
845 0.028000 0.069073
846 0.006000 0.068999
847 0.014000 0.068934
848 0.012000 0.068867
849 0.004000 0.068791
850 0.016000 0.068729
851 -0.004000 0.068643
852 -0.006000 0.068556
853 -0.008000 0.068466
854 0.002000 0.068388
855 -0.044000 0.068257
856 0.008000 0.068187
857 0.008000 0.068117
858 0.014000 0.068054
859 -0.022000 0.067949
860 0.006000 0.067877
861 0.020000 0.067821
862 0.002000 0.067745
863 0.022000 0.067692
864 0.054000 0.067676
865 0.024000 0.067626
866 0.054000 0.067610
867 0.012000 0.067546
868 0.010000 0.067480
869 -0.018000 0.067382
870 0.020000 0.067327
871 0.010000 0.067261
872 0.012000 0.067198
873 -0.008000 0.067112
874 0.028000 0.067067
875 0.048000 0.067046
876 0.024000 0.066997
877 -0.002000 0.066918
878 0.056000 0.066906
879 0.022000 0.066855
880 0.010000 0.066790
881 -0.010000 0.066703
882 0.002000 0.066630
883 0.018000 0.066575
884 0.014000 0.066515
885 0.020000 0.066463
886 0.062000 0.066458
887 0.016000 0.066401
888 -0.014000 0.066310
889 0.054000 0.066297
890 0.028000 0.066254
891 0.052000 0.066238
892 0.060000 0.066231
893 0.024000 0.066183
894 0.032000 0.066145
895 0.036000 0.066112
896 0.012000 0.066051
897 0.002000 0.065980
898 0.030000 0.065940
899 0.016000 0.065884
900 0.014000 0.065827
901 0.038000 0.065796
902 0.038000 0.065765
903 0.030000 0.065726
904 0.066000 0.065726
905 0.046000 0.065704
906 0.028000 0.065663
907 0.030000 0.065623
908 0.062000 0.065619
909 0.066000 0.065620
910 0.052000 0.065605
911 0.044000 0.065581
912 0.016000 0.065527
913 0.044000 0.065503
914 0.056000 0.065493
915 0.030000 0.065454
916 0.020000 0.065405
917 0.042000 0.065379
918 0.034000 0.065345
919 0.016000 0.065291
920 0.032000 0.065255
921 0.044000 0.065232
922 0.070000 0.065237
923 0.010000 0.065177
924 -0.002000 0.065105
925 0.032000 0.065069
926 -0.002000 0.064997
927 0.030000 0.064959
928 0.006000 0.064896
929 0.020000 0.064847
930 0.018000 0.064797
931 0.024000 0.064753
932 0.014000 0.064699
933 0.010000 0.064640
934 0.006000 0.064578
935 -0.018000 0.064489
936 0.000000 0.064420
937 -0.016000 0.064335
938 0.016000 0.064283
939 0.008000 0.064223
940 0.030000 0.064187
941 0.024000 0.064144
942 0.048000 0.064127
943 0.084000 0.064148
944 0.038000 0.064121
945 0.020000 0.064074
946 -0.006000 0.064000
947 -0.010000 0.063922
948 0.002000 0.063857
949 0.010000 0.063800
950 -0.006000 0.063727
951 -0.016000 0.063643
952 0.006000 0.063582
953 -0.018000 0.063497
954 -0.016000 0.063414
955 0.012000 0.063360
956 0.066000 0.063363
957 0.026000 0.063324
958 -0.008000 0.063249
959 0.018000 0.063202
960 -0.004000 0.063132
961 -0.010000 0.063056
962 0.008000 0.062999
963 -0.002000 0.062932
964 -0.014000 0.062852
965 0.030000 0.062818
966 0.046000 0.062800
967 0.050000 0.062787
968 0.020000 0.062743
969 0.004000 0.062682
970 0.022000 0.062641
971 0.030000 0.062607
972 0.058000 0.062602
973 0.046000 0.062585
974 0.006000 0.062527
975 0.010000 0.062473
976 0.010000 0.062420
977 -0.012000 0.062344
978 0.022000 0.062302
979 0.010000 0.062249
980 0.040000 0.062226
981 0.032000 0.062196
982 0.006000 0.062138
983 0.022000 0.062098
984 0.036000 0.062071
985 0.068000 0.062077
986 0.034000 0.062049
987 0.026000 0.062012
988 0.014000 0.061964
989 0.020000 0.061921
990 0.048000 0.061907
991 0.030000 0.061875
992 -0.006000 0.061807
993 0.004000 0.061748
994 0.036000 0.061723
995 0.042000 0.061703
996 0.072000 0.061713
997 0.052000 0.061703
998 0.014000 0.061656
999 0.062000 0.061656
