0 1.000000 1.000000
1 0.984000 0.992000
2 0.968000 0.984000
3 0.964000 0.979000
4 0.942000 0.971600
5 0.958000 0.969333
6 0.958000 0.967714
7 0.958000 0.966500
8 0.962000 0.966000
9 0.944000 0.963800
10 0.952000 0.962727
11 0.946000 0.961333
12 0.956000 0.960923
13 0.944000 0.959714
14 0.942000 0.958533
15 0.926000 0.956500
16 0.938000 0.955412
17 0.934000 0.954222
18 0.938000 0.953368
19 0.936000 0.952500
20 0.932000 0.951524
21 0.930000 0.950545
22 0.940000 0.950087
23 0.936000 0.949500
24 0.948000 0.949440
25 0.940000 0.949077
26 0.940000 0.948741
27 0.940000 0.948429
28 0.944000 0.948276
29 0.936000 0.947867
30 0.924000 0.947097
31 0.918000 0.946187
32 0.926000 0.945576
33 0.936000 0.945294
34 0.942000 0.945200
35 0.920000 0.944500
36 0.932000 0.944162
37 0.924000 0.943632
38 0.928000 0.943231
39 0.934000 0.943000
40 0.906000 0.942098
41 0.918000 0.941524
42 0.922000 0.941070
43 0.928000 0.940773
44 0.944000 0.940844
45 0.932000 0.940652
46 0.940000 0.940638
47 0.926000 0.940333
48 0.926000 0.940041
49 0.942000 0.940080
50 0.934000 0.939961
51 0.940000 0.939962
52 0.942000 0.940000
53 0.932000 0.939852
54 0.938000 0.939818
55 0.938000 0.939786
56 0.942000 0.939825
57 0.946000 0.939931
58 0.924000 0.939661
59 0.938000 0.939633
60 0.924000 0.939377
61 0.926000 0.939161
62 0.914000 0.938762
63 0.926000 0.938562
64 0.938000 0.938554
65 0.940000 0.938576
66 0.932000 0.938478
67 0.940000 0.938500
68 0.954000 0.938725
69 0.932000 0.938629
70 0.946000 0.938732
71 0.946000 0.938833
72 0.930000 0.938712
73 0.926000 0.938541
74 0.944000 0.938613
75 0.942000 0.938658
76 0.938000 0.938649
77 0.950000 0.938795
78 0.946000 0.938886
79 0.926000 0.938725
80 0.942000 0.938765
81 0.930000 0.938659
82 0.930000 0.938554
83 0.936000 0.938524
84 0.932000 0.938447
85 0.916000 0.938186
86 0.916000 0.937931
87 0.924000 0.937773
88 0.918000 0.937551
89 0.932000 0.937489
90 0.948000 0.937604
91 0.924000 0.937457
92 0.926000 0.937333
93 0.926000 0.937213
94 0.954000 0.937389
95 0.940000 0.937417
96 0.926000 0.937299
97 0.924000 0.937163
98 0.924000 0.937030
99 0.934000 0.937000
100 0.926000 0.936891
101 0.932000 0.936843
102 0.934000 0.936816
103 0.934000 0.936788
104 0.946000 0.936876
105 0.930000 0.936811
106 0.940000 0.936841
107 0.948000 0.936944
108 0.964000 0.937193
109 0.950000 0.937309
110 0.956000 0.937477
111 0.950000 0.937589
112 0.954000 0.937735
113 0.970000 0.938018
114 0.944000 0.938070
115 0.940000 0.938086
116 0.946000 0.938154
117 0.944000 0.938203
118 0.960000 0.938387
119 0.948000 0.938467
120 0.938000 0.938463
121 0.936000 0.938443
122 0.936000 0.938423
123 0.936000 0.938403
124 0.928000 0.938320
125 0.942000 0.938349
126 0.942000 0.938378
127 0.936000 0.938359
128 0.934000 0.938326
129 0.946000 0.938385
130 0.924000 0.938275
131 0.938000 0.938273
132 0.918000 0.938120
133 0.922000 0.938000
134 0.934000 0.937970
135 0.926000 0.937882
136 0.950000 0.937971
137 0.944000 0.938014
138 0.950000 0.938101
139 0.956000 0.938229
140 0.948000 0.938298
141 0.944000 0.938338
142 0.940000 0.938350
143 0.938000 0.938347
144 0.938000 0.938345
145 0.936000 0.938329
146 0.950000 0.938408
147 0.956000 0.938527
148 0.958000 0.938658
149 0.958000 0.938787
150 0.926000 0.938702
151 0.936000 0.938684
152 0.936000 0.938667
153 0.950000 0.938740
154 0.928000 0.938671
155 0.948000 0.938731
156 0.918000 0.938599
157 0.918000 0.938468
158 0.914000 0.938314
159 0.920000 0.938200
160 0.932000 0.938161
161 0.936000 0.938148
162 0.928000 0.938086
163 0.932000 0.938049
164 0.928000 0.937988
165 0.922000 0.937892
166 0.936000 0.937880
167 0.936000 0.937869
168 0.950000 0.937941
169 0.940000 0.937953
170 0.936000 0.937942
171 0.932000 0.937907
172 0.928000 0.937850
173 0.946000 0.937897
174 0.946000 0.937943
175 0.940000 0.937955
176 0.944000 0.937989
177 0.932000 0.937955
178 0.930000 0.937911
179 0.950000 0.937978
180 0.960000 0.938099
181 0.956000 0.938198
182 0.958000 0.938306
183 0.938000 0.938304
184 0.948000 0.938357
185 0.948000 0.938409
186 0.950000 0.938471
187 0.942000 0.938489
188 0.924000 0.938413
189 0.944000 0.938442
190 0.926000 0.938377
191 0.938000 0.938375
192 0.932000 0.938342
193 0.958000 0.938443
194 0.926000 0.938379
195 0.932000 0.938347
196 0.952000 0.938416
197 0.952000 0.938485
198 0.936000 0.938472
199 0.930000 0.938430
200 0.946000 0.938468
201 0.934000 0.938446
202 0.940000 0.938453
203 0.950000 0.938510
204 0.950000 0.938566
205 0.944000 0.938592
206 0.936000 0.938580
207 0.944000 0.938606
208 0.940000 0.938612
209 0.952000 0.938676
210 0.924000 0.938607
211 0.932000 0.938575
212 0.944000 0.938601
213 0.936000 0.938589
214 0.932000 0.938558
215 0.960000 0.938657
216 0.952000 0.938719
217 0.956000 0.938798
218 0.952000 0.938858
219 0.946000 0.938891
220 0.938000 0.938887
221 0.930000 0.938847
222 0.934000 0.938825
223 0.936000 0.938813
224 0.942000 0.938827
225 0.942000 0.938841
226 0.936000 0.938828
227 0.934000 0.938807
228 0.922000 0.938734
229 0.934000 0.938713
230 0.936000 0.938701
231 0.944000 0.938724
232 0.944000 0.938747
233 0.934000 0.938726
234 0.922000 0.938655
235 0.932000 0.938627
236 0.942000 0.938641
237 0.930000 0.938605
238 0.926000 0.938552
239 0.932000 0.938525
240 0.926000 0.938473
241 0.936000 0.938463
242 0.946000 0.938494
243 0.952000 0.938549
244 0.914000 0.938449
245 0.922000 0.938382
246 0.924000 0.938324
247 0.938000 0.938323
248 0.932000 0.938297
249 0.918000 0.938216
250 0.930000 0.938183
251 0.920000 0.938111
252 0.938000 0.938111
253 0.938000 0.938110
254 0.928000 0.938071
255 0.944000 0.938094
256 0.936000 0.938086
257 0.920000 0.938016
258 0.946000 0.938046
259 0.946000 0.938077
260 0.944000 0.938100
261 0.950000 0.938145
262 0.948000 0.938183
263 0.926000 0.938136
264 0.922000 0.938075
265 0.942000 0.938090
266 0.952000 0.938142
267 0.962000 0.938231
268 0.944000 0.938253
269 0.936000 0.938244
270 0.932000 0.938221
271 0.926000 0.938176
272 0.954000 0.938234
273 0.956000 0.938299
274 0.952000 0.938349
275 0.942000 0.938362
276 0.936000 0.938354
277 0.938000 0.938353
278 0.940000 0.938358
279 0.930000 0.938329
280 0.950000 0.938370
281 0.940000 0.938376
282 0.940000 0.938382
283 0.932000 0.938359
284 0.930000 0.938330
285 0.928000 0.938294
286 0.944000 0.938314
287 0.922000 0.938257
288 0.924000 0.938208
289 0.930000 0.938179
290 0.928000 0.938144
291 0.926000 0.938103
292 0.932000 0.938082
293 0.948000 0.938116
294 0.948000 0.938149
295 0.946000 0.938176
296 0.934000 0.938162
297 0.950000 0.938201
298 0.950000 0.938241
299 0.950000 0.938280
300 0.940000 0.938286
301 0.946000 0.938311
302 0.930000 0.938284
303 0.942000 0.938296
304 0.940000 0.938302
305 0.950000 0.938340
306 0.942000 0.938352
307 0.952000 0.938396
308 0.960000 0.938466
309 0.960000 0.938535
310 0.940000 0.938540
311 0.934000 0.938526
312 0.944000 0.938543
313 0.936000 0.938535
314 0.934000 0.938521
315 0.934000 0.938506
316 0.944000 0.938524
317 0.924000 0.938478
318 0.934000 0.938464
319 0.934000 0.938450
320 0.956000 0.938505
321 0.936000 0.938497
322 0.942000 0.938508
323 0.948000 0.938537
324 0.942000 0.938548
325 0.942000 0.938558
326 0.942000 0.938569
327 0.924000 0.938524
328 0.918000 0.938462
329 0.908000 0.938370
330 0.942000 0.938381
331 0.958000 0.938440
332 0.944000 0.938456
333 0.948000 0.938485
334 0.942000 0.938496
335 0.936000 0.938488
336 0.930000 0.938463
337 0.942000 0.938473
338 0.952000 0.938513
339 0.946000 0.938535
340 0.938000 0.938534
341 0.928000 0.938503
342 0.930000 0.938478
343 0.940000 0.938483
344 0.928000 0.938452
345 0.928000 0.938422
346 0.934000 0.938409
347 0.936000 0.938402
348 0.942000 0.938413
349 0.940000 0.938417
350 0.938000 0.938416
351 0.950000 0.938449
352 0.952000 0.938487
353 0.946000 0.938508
354 0.954000 0.938552
355 0.932000 0.938534
356 0.926000 0.938499
357 0.940000 0.938503
358 0.954000 0.938546
359 0.950000 0.938578
360 0.938000 0.938576
361 0.948000 0.938602
362 0.938000 0.938601
363 0.946000 0.938621
364 0.950000 0.938652
365 0.940000 0.938656
366 0.926000 0.938621
367 0.940000 0.938625
368 0.954000 0.938667
369 0.950000 0.938697
370 0.948000 0.938722
371 0.952000 0.938758
372 0.942000 0.938767
373 0.940000 0.938770
374 0.954000 0.938811
375 0.954000 0.938851
376 0.944000 0.938865
377 0.934000 0.938852
378 0.932000 0.938834
379 0.946000 0.938853
380 0.938000 0.938850
381 0.952000 0.938885
382 0.944000 0.938898
383 0.944000 0.938911
384 0.934000 0.938899
385 0.928000 0.938870
386 0.948000 0.938894
387 0.930000 0.938871
388 0.928000 0.938843
389 0.924000 0.938805
390 0.938000 0.938803
391 0.934000 0.938791
392 0.944000 0.938804
393 0.946000 0.938822
394 0.940000 0.938825
395 0.922000 0.938783
396 0.940000 0.938786
397 0.942000 0.938794
398 0.924000 0.938757
399 0.930000 0.938735
400 0.938000 0.938733
401 0.936000 0.938726
402 0.940000 0.938730
403 0.950000 0.938757
404 0.944000 0.938770
405 0.922000 0.938729
406 0.932000 0.938713
407 0.940000 0.938716
408 0.928000 0.938689
409 0.924000 0.938654
410 0.932000 0.938637
411 0.912000 0.938573
412 0.898000 0.938475
413 0.918000 0.938425
414 0.924000 0.938390
415 0.924000 0.938356
416 0.932000 0.938341
417 0.938000 0.938340
418 0.936000 0.938334
419 0.924000 0.938300
420 0.934000 0.938290
421 0.930000 0.938270
422 0.932000 0.938255
423 0.930000 0.938236
424 0.940000 0.938240
425 0.916000 0.938188
426 0.932000 0.938173
427 0.926000 0.938145
428 0.934000 0.938135
429 0.924000 0.938102
430 0.920000 0.938060
431 0.930000 0.938042
432 0.938000 0.938042
433 0.946000 0.938060
434 0.934000 0.938051
435 0.946000 0.938069
436 0.922000 0.938032
437 0.920000 0.937991
438 0.920000 0.937950
439 0.908000 0.937882
440 0.908000 0.937814
441 0.934000 0.937805
442 0.948000 0.937828
443 0.930000 0.937811
444 0.938000 0.937811
445 0.932000 0.937798
446 0.946000 0.937817
447 0.936000 0.937813
448 0.942000 0.937822
449 0.934000 0.937813
450 0.948000 0.937836
451 0.950000 0.937863
452 0.942000 0.937872
453 0.950000 0.937899
454 0.952000 0.937930
455 0.944000 0.937943
456 0.960000 0.937991
457 0.948000 0.938013
458 0.952000 0.938044
459 0.960000 0.938091
460 0.954000 0.938126
461 0.940000 0.938130
462 0.938000 0.938130
463 0.952000 0.938159
464 0.938000 0.938159
465 0.936000 0.938155
466 0.936000 0.938150
467 0.954000 0.938184
468 0.930000 0.938166
469 0.910000 0.938106
470 0.916000 0.938059
471 0.940000 0.938064
472 0.934000 0.938055
473 0.932000 0.938042
474 0.938000 0.938042
475 0.944000 0.938055
476 0.950000 0.938080
477 0.934000 0.938071
478 0.932000 0.938058
479 0.936000 0.938054
480 0.940000 0.938058
481 0.936000 0.938054
482 0.948000 0.938075
483 0.942000 0.938083
484 0.928000 0.938062
485 0.928000 0.938041
486 0.922000 0.938008
487 0.936000 0.938004
488 0.944000 0.938016
489 0.940000 0.938020
490 0.958000 0.938061
491 0.960000 0.938106
492 0.968000 0.938166
493 0.976000 0.938243
494 0.974000 0.938315
495 0.944000 0.938327
496 0.944000 0.938338
497 0.938000 0.938337
498 0.934000 0.938329
499 0.924000 0.938300
500 0.926000 0.938275
501 0.944000 0.938287
502 0.940000 0.938290
503 0.946000 0.938306
504 0.958000 0.938345
505 0.932000 0.938332
506 0.934000 0.938323
507 0.932000 0.938311
508 0.948000 0.938330
509 0.938000 0.938329
510 0.948000 0.938348
511 0.934000 0.938340
512 0.928000 0.938320
513 0.938000 0.938319
514 0.936000 0.938315
515 0.940000 0.938318
516 0.940000 0.938321
517 0.934000 0.938313
518 0.934000 0.938304
519 0.938000 0.938304
520 0.938000 0.938303
521 0.936000 0.938299
522 0.942000 0.938306
523 0.944000 0.938317
524 0.946000 0.938331
525 0.926000 0.938308
526 0.950000 0.938330
527 0.962000 0.938375
528 0.954000 0.938405
529 0.928000 0.938385
530 0.934000 0.938377
531 0.936000 0.938372
532 0.944000 0.938383
533 0.948000 0.938401
534 0.924000 0.938374
535 0.942000 0.938381
536 0.928000 0.938361
537 0.946000 0.938375
538 0.938000 0.938375
539 0.946000 0.938389
540 0.950000 0.938410
541 0.946000 0.938424
542 0.934000 0.938416
543 0.940000 0.938419
544 0.934000 0.938411
545 0.936000 0.938407
546 0.954000 0.938435
547 0.956000 0.938467
548 0.964000 0.938514
549 0.956000 0.938545
550 0.940000 0.938548
551 0.930000 0.938533
552 0.946000 0.938546
553 0.930000 0.938531
554 0.930000 0.938515
555 0.944000 0.938525
556 0.932000 0.938513
557 0.954000 0.938541
558 0.932000 0.938530
559 0.932000 0.938518
560 0.942000 0.938524
561 0.936000 0.938520
562 0.942000 0.938526
563 0.926000 0.938504
564 0.930000 0.938488
565 0.926000 0.938466
566 0.928000 0.938448
567 0.918000 0.938412
568 0.910000 0.938362
569 0.940000 0.938365
570 0.940000 0.938368
571 0.936000 0.938364
572 0.922000 0.938335
573 0.928000 0.938317
574 0.934000 0.938310
575 0.930000 0.938295
576 0.932000 0.938284
577 0.930000 0.938270
578 0.918000 0.938235
579 0.928000 0.938217
580 0.928000 0.938200
581 0.938000 0.938199
582 0.942000 0.938206
583 0.934000 0.938199
584 0.956000 0.938229
585 0.940000 0.938232
586 0.942000 0.938239
587 0.934000 0.938231
588 0.940000 0.938234
589 0.944000 0.938244
590 0.942000 0.938250
591 0.944000 0.938260
592 0.930000 0.938246
593 0.930000 0.938232
594 0.940000 0.938235
595 0.932000 0.938225
596 0.930000 0.938211
597 0.936000 0.938207
598 0.934000 0.938200
599 0.936000 0.938197
600 0.916000 0.938160
601 0.922000 0.938133
602 0.928000 0.938116
603 0.932000 0.938106
604 0.938000 0.938106
605 0.934000 0.938099
606 0.930000 0.938086
607 0.938000 0.938086
608 0.934000 0.938079
609 0.938000 0.938079
610 0.930000 0.938065
611 0.936000 0.938062
612 0.944000 0.938072
613 0.940000 0.938075
614 0.940000 0.938078
615 0.930000 0.938065
616 0.946000 0.938078
617 0.932000 0.938068
618 0.938000 0.938068
619 0.944000 0.938077
620 0.934000 0.938071
621 0.916000 0.938035
622 0.918000 0.938003
623 0.932000 0.937994
624 0.936000 0.937990
625 0.928000 0.937974
626 0.942000 0.937981
627 0.934000 0.937975
628 0.938000 0.937975
629 0.920000 0.937946
630 0.926000 0.937927
631 0.930000 0.937915
632 0.926000 0.937896
633 0.910000 0.937852
634 0.932000 0.937843
635 0.940000 0.937846
636 0.942000 0.937852
637 0.932000 0.937843
638 0.930000 0.937831
639 0.928000 0.937816
640 0.934000 0.937810
641 0.930000 0.937798
642 0.912000 0.937757
643 0.924000 0.937736
644 0.926000 0.937718
645 0.928000 0.937703
646 0.954000 0.937728
647 0.938000 0.937728
648 0.930000 0.937716
649 0.932000 0.937708
650 0.922000 0.937684
651 0.946000 0.937696
652 0.948000 0.937712
653 0.954000 0.937737
654 0.944000 0.937747
655 0.938000 0.937747
656 0.936000 0.937744
657 0.930000 0.937733
658 0.950000 0.937751
659 0.934000 0.937745
660 0.944000 0.937755
661 0.940000 0.937758
662 0.948000 0.937774
663 0.942000 0.937780
664 0.950000 0.937798
665 0.926000 0.937781
666 0.932000 0.937772
667 0.934000 0.937766
668 0.944000 0.937776
669 0.952000 0.937797
670 0.950000 0.937815
671 0.938000 0.937815
672 0.936000 0.937813
673 0.936000 0.937810
674 0.948000 0.937825
675 0.950000 0.937843
676 0.928000 0.937829
677 0.932000 0.937820
678 0.934000 0.937814
679 0.944000 0.937824
680 0.932000 0.937815
681 0.944000 0.937824
682 0.936000 0.937821
683 0.948000 0.937836
684 0.944000 0.937845
685 0.944000 0.937854
686 0.956000 0.937881
687 0.936000 0.937878
688 0.948000 0.937893
689 0.934000 0.937887
690 0.934000 0.937881
691 0.930000 0.937870
692 0.914000 0.937835
693 0.940000 0.937839
694 0.930000 0.937827
695 0.934000 0.937822
696 0.922000 0.937799
697 0.934000 0.937794
698 0.928000 0.937780
699 0.930000 0.937769
700 0.928000 0.937755
701 0.922000 0.937732
702 0.938000 0.937733
703 0.936000 0.937730
704 0.938000 0.937730
705 0.940000 0.937734
706 0.944000 0.937743
707 0.934000 0.937737
708 0.924000 0.937718
709 0.922000 0.937696
710 0.942000 0.937702
711 0.934000 0.937697
712 0.938000 0.937697
713 0.936000 0.937695
714 0.926000 0.937678
715 0.926000 0.937662
716 0.930000 0.937651
717 0.932000 0.937643
718 0.946000 0.937655
719 0.938000 0.937656
720 0.928000 0.937642
721 0.944000 0.937651
722 0.948000 0.937665
723 0.944000 0.937674
724 0.938000 0.937674
725 0.930000 0.937664
726 0.936000 0.937662
727 0.944000 0.937670
728 0.948000 0.937684
729 0.946000 0.937696
730 0.962000 0.937729
731 0.948000 0.937743
732 0.954000 0.937765
733 0.928000 0.937752
734 0.932000 0.937744
735 0.932000 0.937736
736 0.948000 0.937750
737 0.938000 0.937751
738 0.928000 0.937737
739 0.932000 0.937730
740 0.928000 0.937717
741 0.940000 0.937720
742 0.946000 0.937731
743 0.940000 0.937734
744 0.936000 0.937732
745 0.936000 0.937729
746 0.946000 0.937740
747 0.950000 0.937757
748 0.948000 0.937770
749 0.940000 0.937773
750 0.930000 0.937763
751 0.936000 0.937761
752 0.946000 0.937772
753 0.930000 0.937761
754 0.938000 0.937762
755 0.932000 0.937754
756 0.932000 0.937746
757 0.948000 0.937760
758 0.940000 0.937763
759 0.946000 0.937774
760 0.954000 0.937795
761 0.946000 0.937806
762 0.936000 0.937803
763 0.928000 0.937791
764 0.940000 0.937793
765 0.936000 0.937791
766 0.944000 0.937799
767 0.926000 0.937784
768 0.938000 0.937784
769 0.946000 0.937795
770 0.940000 0.937798
771 0.936000 0.937795
772 0.938000 0.937796
773 0.948000 0.937809
774 0.954000 0.937830
775 0.940000 0.937832
776 0.930000 0.937822
777 0.930000 0.937812
778 0.930000 0.937802
779 0.940000 0.937805
780 0.950000 0.937821
781 0.960000 0.937849
782 0.952000 0.937867
783 0.934000 0.937862
784 0.934000 0.937857
785 0.938000 0.937858
786 0.956000 0.937881
787 0.948000 0.937893
788 0.960000 0.937921
789 0.940000 0.937924
790 0.934000 0.937919
791 0.936000 0.937917
792 0.940000 0.937919
793 0.936000 0.937917
794 0.932000 0.937909
795 0.940000 0.937912
796 0.926000 0.937897
797 0.932000 0.937890
798 0.946000 0.937900
799 0.940000 0.937903
800 0.950000 0.937918
801 0.926000 0.937903
802 0.932000 0.937895
803 0.914000 0.937866
804 0.924000 0.937848
805 0.928000 0.937836
806 0.942000 0.937841
807 0.936000 0.937839
808 0.920000 0.937817
809 0.926000 0.937802
810 0.940000 0.937805
811 0.926000 0.937791
812 0.946000 0.937801
813 0.956000 0.937823
814 0.936000 0.937821
815 0.948000 0.937833
816 0.942000 0.937838
817 0.946000 0.937848
818 0.940000 0.937851
819 0.934000 0.937846
820 0.930000 0.937837
821 0.924000 0.937820
822 0.954000 0.937840
823 0.944000 0.937847
824 0.934000 0.937842
825 0.948000 0.937855
826 0.924000 0.937838
827 0.936000 0.937836
828 0.942000 0.937841
829 0.940000 0.937843
830 0.934000 0.937839
831 0.926000 0.937825
832 0.938000 0.937825
833 0.922000 0.937806
834 0.932000 0.937799
835 0.940000 0.937801
836 0.938000 0.937802
837 0.936000 0.937800
838 0.932000 0.937793
839 0.936000 0.937790
840 0.912000 0.937760
841 0.920000 0.937739
842 0.922000 0.937720
843 0.922000 0.937701
844 0.930000 0.937692
845 0.928000 0.937681
846 0.940000 0.937684
847 0.946000 0.937693
848 0.926000 0.937680
849 0.918000 0.937656
850 0.926000 0.937643
851 0.928000 0.937631
852 0.940000 0.937634
853 0.956000 0.937656
854 0.938000 0.937656
855 0.950000 0.937671
856 0.932000 0.937664
857 0.946000 0.937674
858 0.926000 0.937660
859 0.930000 0.937651
860 0.934000 0.937647
861 0.928000 0.937636
862 0.934000 0.937632
863 0.926000 0.937618
864 0.922000 0.937600
865 0.938000 0.937600
866 0.944000 0.937608
867 0.962000 0.937636
868 0.974000 0.937678
869 0.968000 0.937713
870 0.960000 0.937738
871 0.956000 0.937759
872 0.936000 0.937757
873 0.950000 0.937771
874 0.938000 0.937771
875 0.958000 0.937795
876 0.968000 0.937829
877 0.954000 0.937847
878 0.942000 0.937852
879 0.946000 0.937861
880 0.954000 0.937880
881 0.934000 0.937875
882 0.908000 0.937841
883 0.922000 0.937824
884 0.934000 0.937819
885 0.918000 0.937797
886 0.940000 0.937799
887 0.946000 0.937809
888 0.920000 0.937789
889 0.926000 0.937775
890 0.930000 0.937767
891 0.918000 0.937744
892 0.926000 0.937731
893 0.948000 0.937743
894 0.950000 0.937756
895 0.940000 0.937759
896 0.954000 0.937777
897 0.934000 0.937773
898 0.924000 0.937758
899 0.920000 0.937738
900 0.930000 0.937729
901 0.936000 0.937727
902 0.930000 0.937719
903 0.956000 0.937739
904 0.942000 0.937744
905 0.950000 0.937757
906 0.940000 0.937760
907 0.928000 0.937749
908 0.938000 0.937749
909 0.928000 0.937738
910 0.928000 0.937728
911 0.950000 0.937741
912 0.940000 0.937744
913 0.954000 0.937761
914 0.930000 0.937753
915 0.934000 0.937749
916 0.954000 0.937767
917 0.950000 0.937780
918 0.940000 0.937782
919 0.954000 0.937800
920 0.958000 0.937822
921 0.942000 0.937826
922 0.944000 0.937833
923 0.948000 0.937844
924 0.922000 0.937827
925 0.934000 0.937823
926 0.934000 0.937819
927 0.932000 0.937813
928 0.920000 0.937793
929 0.938000 0.937794
930 0.942000 0.937798
931 0.952000 0.937813
932 0.942000 0.937818
933 0.916000 0.937794
934 0.926000 0.937782
935 0.930000 0.937774
936 0.934000 0.937769
937 0.942000 0.937774
938 0.946000 0.937783
939 0.930000 0.937774
940 0.936000 0.937773
941 0.940000 0.937775
942 0.928000 0.937765
943 0.922000 0.937748
944 0.934000 0.937744
945 0.926000 0.937732
946 0.934000 0.937728
947 0.930000 0.937719
948 0.938000 0.937720
949 0.938000 0.937720
950 0.942000 0.937725
951 0.934000 0.937721
952 0.942000 0.937725
953 0.934000 0.937721
954 0.958000 0.937742
955 0.942000 0.937747
956 0.932000 0.937741
957 0.934000 0.937737
958 0.936000 0.937735
959 0.938000 0.937735
960 0.930000 0.937727
961 0.944000 0.937734
962 0.940000 0.937736
963 0.934000 0.937732
964 0.932000 0.937726
965 0.936000 0.937725
966 0.948000 0.937735
967 0.932000 0.937729
968 0.916000 0.937707
969 0.928000 0.937697
970 0.956000 0.937716
971 0.926000 0.937704
972 0.938000 0.937704
973 0.950000 0.937717
974 0.940000 0.937719
975 0.936000 0.937717
976 0.932000 0.937711
977 0.936000 0.937710
978 0.942000 0.937714
979 0.944000 0.937720
980 0.934000 0.937717
981 0.940000 0.937719
982 0.926000 0.937707
983 0.932000 0.937701
984 0.940000 0.937704
985 0.952000 0.937718
986 0.936000 0.937716
987 0.936000 0.937715
988 0.936000 0.937713
989 0.940000 0.937715
990 0.934000 0.937711
991 0.946000 0.937720
992 0.934000 0.937716
993 0.928000 0.937706
994 0.936000 0.937705
995 0.946000 0.937713
996 0.938000 0.937713
997 0.940000 0.937715
998 0.948000 0.937726
999 0.948000 0.937736
