0 1.000000 1.000000
1 0.972000 0.986000
2 0.928000 0.966667
3 0.890000 0.947500
4 0.856000 0.929200
5 0.852000 0.916333
6 0.858000 0.908000
7 0.866000 0.902750
8 0.866000 0.898667
9 0.836000 0.892400
10 0.878000 0.891091
11 0.846000 0.887333
12 0.842000 0.883846
13 0.834000 0.880286
14 0.832000 0.877067
15 0.822000 0.873625
16 0.804000 0.869529
17 0.810000 0.866222
18 0.788000 0.862105
19 0.798000 0.858900
20 0.796000 0.855905
21 0.806000 0.853636
22 0.816000 0.852000
23 0.808000 0.850167
24 0.804000 0.848320
25 0.794000 0.846231
26 0.802000 0.844593
27 0.774000 0.842071
28 0.780000 0.839931
29 0.760000 0.837267
30 0.766000 0.834968
31 0.750000 0.832313
32 0.724000 0.829030
33 0.736000 0.826294
34 0.730000 0.823543
35 0.692000 0.819889
36 0.716000 0.817081
37 0.740000 0.815053
38 0.722000 0.812667
39 0.716000 0.810250
40 0.698000 0.807512
41 0.704000 0.805048
42 0.706000 0.802744
43 0.720000 0.800864
44 0.744000 0.799600
45 0.742000 0.798348
46 0.748000 0.797277
47 0.720000 0.795667
48 0.700000 0.793714
49 0.718000 0.792200
50 0.686000 0.790118
51 0.728000 0.788923
52 0.694000 0.787132
53 0.684000 0.785222
54 0.694000 0.783564
55 0.676000 0.781643
56 0.678000 0.779825
57 0.686000 0.778207
58 0.692000 0.776746
59 0.686000 0.775233
60 0.676000 0.773607
61 0.668000 0.771903
62 0.674000 0.770349
63 0.724000 0.769625
64 0.718000 0.768831
65 0.700000 0.767788
66 0.692000 0.766657
67 0.692000 0.765559
68 0.688000 0.764435
69 0.686000 0.763314
70 0.712000 0.762592
71 0.706000 0.761806
72 0.708000 0.761068
73 0.708000 0.760351
74 0.704000 0.759600
75 0.676000 0.758500
76 0.654000 0.757143
77 0.672000 0.756051
78 0.656000 0.754785
79 0.668000 0.753700
80 0.668000 0.752642
81 0.652000 0.751415
82 0.666000 0.750386
83 0.678000 0.749524
84 0.646000 0.748306
85 0.646000 0.747116
86 0.648000 0.745977
87 0.636000 0.744727
88 0.642000 0.743573
89 0.666000 0.742711
90 0.682000 0.742044
91 0.672000 0.741283
92 0.684000 0.740667
93 0.660000 0.739809
94 0.690000 0.739284
95 0.682000 0.738688
96 0.666000 0.737938
97 0.636000 0.736898
98 0.670000 0.736222
99 0.636000 0.735220
100 0.600000 0.733881
101 0.656000 0.733118
102 0.642000 0.732233
103 0.636000 0.731308
104 0.646000 0.730495
105 0.634000 0.729585
106 0.632000 0.728673
107 0.642000 0.727870
108 0.630000 0.726972
109 0.618000 0.725982
110 0.638000 0.725189
111 0.634000 0.724375
112 0.644000 0.723664
113 0.640000 0.722930
114 0.676000 0.722522
115 0.674000 0.722103
116 0.660000 0.721573
117 0.654000 0.721000
118 0.642000 0.720336
119 0.648000 0.719733
120 0.634000 0.719025
121 0.638000 0.718361
122 0.680000 0.718049
123 0.652000 0.717516
124 0.656000 0.717024
125 0.664000 0.716603
126 0.632000 0.715937
127 0.646000 0.715391
128 0.636000 0.714775
129 0.670000 0.714431
130 0.648000 0.713924
131 0.658000 0.713500
132 0.622000 0.712812
133 0.622000 0.712134
134 0.586000 0.711200
135 0.610000 0.710456
136 0.630000 0.709869
137 0.600000 0.709072
138 0.628000 0.708489
139 0.604000 0.707743
140 0.620000 0.707121
141 0.636000 0.706620
142 0.644000 0.706182
143 0.658000 0.705847
144 0.654000 0.705490
145 0.658000 0.705164
146 0.622000 0.704599
147 0.656000 0.704270
148 0.626000 0.703745
149 0.618000 0.703173
150 0.582000 0.702371
151 0.582000 0.701579
152 0.584000 0.700810
153 0.616000 0.700260
154 0.600000 0.699613
155 0.586000 0.698885
156 0.562000 0.698013
157 0.590000 0.697329
158 0.568000 0.696516
159 0.578000 0.695775
160 0.566000 0.694969
161 0.578000 0.694247
162 0.604000 0.693693
163 0.594000 0.693085
164 0.564000 0.692303
165 0.550000 0.691446
166 0.586000 0.690814
167 0.586000 0.690190
168 0.588000 0.689586
169 0.572000 0.688894
170 0.558000 0.688129
171 0.604000 0.687640
172 0.620000 0.687249
173 0.576000 0.686609
174 0.580000 0.686000
175 0.578000 0.685386
176 0.594000 0.684870
177 0.588000 0.684326
178 0.568000 0.683676
179 0.588000 0.683144
180 0.596000 0.682663
181 0.626000 0.682352
182 0.606000 0.681934
183 0.582000 0.681391
184 0.604000 0.680973
185 0.622000 0.680656
186 0.652000 0.680503
187 0.628000 0.680223
188 0.632000 0.679968
189 0.620000 0.679653
190 0.576000 0.679110
191 0.562000 0.678500
192 0.564000 0.677907
193 0.576000 0.677381
194 0.582000 0.676892
195 0.598000 0.676490
196 0.596000 0.676081
197 0.604000 0.675717
198 0.574000 0.675206
199 0.582000 0.674740
200 0.578000 0.674259
201 0.534000 0.673564
202 0.532000 0.672867
203 0.558000 0.672304
204 0.560000 0.671756
205 0.570000 0.671262
206 0.568000 0.670763
207 0.588000 0.670365
208 0.568000 0.669876
209 0.580000 0.669448
210 0.552000 0.668891
211 0.542000 0.668292
212 0.562000 0.667793
213 0.560000 0.667290
214 0.548000 0.666735
215 0.560000 0.666241
216 0.548000 0.665696
217 0.542000 0.665128
218 0.602000 0.664840
219 0.600000 0.664545
220 0.542000 0.663991
221 0.538000 0.663423
222 0.550000 0.662915
223 0.542000 0.662375
224 0.552000 0.661884
225 0.526000 0.661283
226 0.584000 0.660943
227 0.572000 0.660553
228 0.566000 0.660140
229 0.584000 0.659809
230 0.570000 0.659420
231 0.572000 0.659043
232 0.574000 0.658678
233 0.534000 0.658145
234 0.512000 0.657523
235 0.568000 0.657144
236 0.556000 0.656717
237 0.558000 0.656303
238 0.560000 0.655900
239 0.566000 0.655525
240 0.570000 0.655170
241 0.548000 0.654727
242 0.530000 0.654214
243 0.546000 0.653770
244 0.538000 0.653298
245 0.518000 0.652748
246 0.544000 0.652308
247 0.504000 0.651710
248 0.538000 0.651253
249 0.558000 0.650880
250 0.558000 0.650510
251 0.546000 0.650095
252 0.596000 0.649881
253 0.560000 0.649528
254 0.590000 0.649294
255 0.624000 0.649195
256 0.602000 0.649012
257 0.584000 0.648760
258 0.582000 0.648502
259 0.540000 0.648085
260 0.568000 0.647778
261 0.566000 0.647466
262 0.568000 0.647163
263 0.614000 0.647038
264 0.592000 0.646830
265 0.596000 0.646639
266 0.558000 0.646307
267 0.588000 0.646090
268 0.590000 0.645881
269 0.590000 0.645674
270 0.582000 0.645439
271 0.542000 0.645059
272 0.552000 0.644718
273 0.566000 0.644431
274 0.560000 0.644124
275 0.584000 0.643906
276 0.560000 0.643603
277 0.562000 0.643309
278 0.570000 0.643047
279 0.542000 0.642686
280 0.548000 0.642349
281 0.570000 0.642092
282 0.566000 0.641823
283 0.546000 0.641486
284 0.536000 0.641116
285 0.506000 0.640643
286 0.566000 0.640383
287 0.536000 0.640021
288 0.564000 0.639758
289 0.538000 0.639407
290 0.520000 0.638997
291 0.530000 0.638623
292 0.550000 0.638321
293 0.546000 0.638007
294 0.554000 0.637722
295 0.566000 0.637480
296 0.550000 0.637185
297 0.574000 0.636973
298 0.602000 0.636856
299 0.564000 0.636613
300 0.580000 0.636425
301 0.538000 0.636099
302 0.568000 0.635875
303 0.574000 0.635671
304 0.598000 0.635548
305 0.560000 0.635301
306 0.576000 0.635107
307 0.610000 0.635026
308 0.588000 0.634874
309 0.582000 0.634703
310 0.568000 0.634489
311 0.586000 0.634333
312 0.592000 0.634198
313 0.552000 0.633936
314 0.552000 0.633676
315 0.552000 0.633418
316 0.530000 0.633091
317 0.554000 0.632843
318 0.512000 0.632464
319 0.522000 0.632119
320 0.526000 0.631788
321 0.544000 0.631516
322 0.532000 0.631207
323 0.548000 0.630951
324 0.562000 0.630738
325 0.572000 0.630558
326 0.560000 0.630343
327 0.518000 0.630000
328 0.526000 0.629684
329 0.522000 0.629358
330 0.520000 0.629027
331 0.540000 0.628759
332 0.512000 0.628408
333 0.518000 0.628078
334 0.526000 0.627773
335 0.542000 0.627518
336 0.526000 0.627217
337 0.550000 0.626988
338 0.536000 0.626720
339 0.522000 0.626412
340 0.514000 0.626082
341 0.502000 0.625719
342 0.482000 0.625300
343 0.512000 0.624971
344 0.482000 0.624557
345 0.512000 0.624231
346 0.514000 0.623914
347 0.542000 0.623678
348 0.540000 0.623438
349 0.538000 0.623194
350 0.562000 0.623020
351 0.522000 0.622733
352 0.550000 0.622527
353 0.520000 0.622237
354 0.554000 0.622045
355 0.502000 0.621708
356 0.484000 0.621322
357 0.540000 0.621095
358 0.520000 0.620813
359 0.514000 0.620517
360 0.524000 0.620249
361 0.568000 0.620105
362 0.554000 0.619923
363 0.532000 0.619681
364 0.504000 0.619364
365 0.532000 0.619126
366 0.504000 0.618812
367 0.512000 0.618522
368 0.538000 0.618304
369 0.530000 0.618065
370 0.538000 0.617849
371 0.516000 0.617575
372 0.496000 0.617249
373 0.500000 0.616936
374 0.530000 0.616704
375 0.534000 0.616484
376 0.486000 0.616138
377 0.482000 0.615783
378 0.500000 0.615478
379 0.492000 0.615153
380 0.498000 0.614845
381 0.484000 0.614503
382 0.498000 0.614198
383 0.464000 0.613807
384 0.502000 0.613517
385 0.506000 0.613238
386 0.488000 0.612915
387 0.474000 0.612557
388 0.490000 0.612242
389 0.496000 0.611944
390 0.484000 0.611616
391 0.504000 0.611342
392 0.496000 0.611048
393 0.514000 0.610802
394 0.482000 0.610476
395 0.484000 0.610157
396 0.502000 0.609884
397 0.504000 0.609618
398 0.512000 0.609373
399 0.502000 0.609105
400 0.458000 0.608728
401 0.446000 0.608323
402 0.472000 0.607985
403 0.472000 0.607649
404 0.482000 0.607338
405 0.446000 0.606941
406 0.464000 0.606590
407 0.432000 0.606162
408 0.466000 0.605819
409 0.468000 0.605483
410 0.462000 0.605134
411 0.470000 0.604806
412 0.434000 0.604392
413 0.484000 0.604101
414 0.464000 0.603764
415 0.512000 0.603543
416 0.510000 0.603319
417 0.482000 0.603029
418 0.512000 0.602811
419 0.520000 0.602614
420 0.480000 0.602323
421 0.482000 0.602038
422 0.474000 0.601735
423 0.478000 0.601443
424 0.506000 0.601219
425 0.500000 0.600981
426 0.486000 0.600712
427 0.482000 0.600435
428 0.504000 0.600210
429 0.480000 0.599930
430 0.474000 0.599638
431 0.508000 0.599426
432 0.474000 0.599136
433 0.446000 0.598783
434 0.458000 0.598460
435 0.440000 0.598096
436 0.478000 0.597822
437 0.482000 0.597557
438 0.492000 0.597317
439 0.476000 0.597041
440 0.476000 0.596766
441 0.502000 0.596552
442 0.444000 0.596208
443 0.444000 0.595865
444 0.494000 0.595636
445 0.500000 0.595422
446 0.488000 0.595181
447 0.484000 0.594933
448 0.500000 0.594722
449 0.486000 0.594480
450 0.486000 0.594239
451 0.480000 0.593987
452 0.458000 0.593687
453 0.466000 0.593405
454 0.480000 0.593156
455 0.470000 0.592886
456 0.500000 0.592683
457 0.508000 0.592498
458 0.474000 0.592240
459 0.478000 0.591991
460 0.494000 0.591779
461 0.498000 0.591576
462 0.508000 0.591395
463 0.488000 0.591172
464 0.472000 0.590916
465 0.462000 0.590639
466 0.464000 0.590368
467 0.456000 0.590081
468 0.460000 0.589804
469 0.436000 0.589477
470 0.442000 0.589163
471 0.474000 0.588919
472 0.464000 0.588655
473 0.468000 0.588401
474 0.476000 0.588164
475 0.474000 0.587924
476 0.466000 0.587669
477 0.464000 0.587410
478 0.460000 0.587144
479 0.490000 0.586942
480 0.456000 0.586669
481 0.442000 0.586369
482 0.444000 0.586075
483 0.428000 0.585748
484 0.438000 0.585443
485 0.450000 0.585165
486 0.452000 0.584891
487 0.454000 0.584623
488 0.434000 0.584315
489 0.474000 0.584090
490 0.442000 0.583800
491 0.448000 0.583524
492 0.472000 0.583298
493 0.486000 0.583101
494 0.456000 0.582844
495 0.468000 0.582613
496 0.448000 0.582342
497 0.430000 0.582036
498 0.460000 0.581792
499 0.418000 0.581464
500 0.418000 0.581138
501 0.426000 0.580829
502 0.448000 0.580565
503 0.486000 0.580377
504 0.470000 0.580158
505 0.420000 0.579842
506 0.430000 0.579546
507 0.426000 0.579244
508 0.440000 0.578971
509 0.456000 0.578729
510 0.424000 0.578427
511 0.426000 0.578129
512 0.460000 0.577899
513 0.440000 0.577630
514 0.442000 0.577367
515 0.448000 0.577116
516 0.450000 0.576870
517 0.424000 0.576575
518 0.412000 0.576258
519 0.406000 0.575931
520 0.414000 0.575620
521 0.416000 0.575314
522 0.386000 0.574952
523 0.382000 0.574584
524 0.394000 0.574240
525 0.392000 0.573894
526 0.408000 0.573579
527 0.410000 0.573269
528 0.412000 0.572964
529 0.412000 0.572660
530 0.408000 0.572350
531 0.434000 0.572090
532 0.422000 0.571809
533 0.412000 0.571509
534 0.418000 0.571222
535 0.446000 0.570989
536 0.432000 0.570730
537 0.460000 0.570524
538 0.454000 0.570308
539 0.454000 0.570093
540 0.458000 0.569885
541 0.432000 0.569631
542 0.438000 0.569389
543 0.450000 0.569169
544 0.452000 0.568954
545 0.456000 0.568747
546 0.460000 0.568548
547 0.424000 0.568285
548 0.398000 0.567974
549 0.424000 0.567713
550 0.412000 0.567430
551 0.448000 0.567214
552 0.412000 0.566933
553 0.412000 0.566653
554 0.442000 0.566429
555 0.444000 0.566209
556 0.410000 0.565928
557 0.432000 0.565688
558 0.448000 0.565478
559 0.444000 0.565261
560 0.442000 0.565041
561 0.442000 0.564822
562 0.436000 0.564593
563 0.428000 0.564351
564 0.426000 0.564106
565 0.444000 0.563894
566 0.452000 0.563697
567 0.446000 0.563489
568 0.452000 0.563293
569 0.466000 0.563123
570 0.466000 0.562953
571 0.436000 0.562731
572 0.426000 0.562492
573 0.416000 0.562237
574 0.438000 0.562021
575 0.428000 0.561788
576 0.412000 0.561529
577 0.398000 0.561246
578 0.416000 0.560995
579 0.400000 0.560717
580 0.402000 0.560444
581 0.388000 0.560148
582 0.394000 0.559863
583 0.386000 0.559565
584 0.388000 0.559272
585 0.402000 0.559003
586 0.406000 0.558743
587 0.426000 0.558517
588 0.414000 0.558272
589 0.388000 0.557983
590 0.386000 0.557692
591 0.428000 0.557473
592 0.432000 0.557261
593 0.452000 0.557084
594 0.436000 0.556881
595 0.426000 0.556661
596 0.424000 0.556439
597 0.442000 0.556247
598 0.448000 0.556067
599 0.452000 0.555893
600 0.444000 0.555707
601 0.438000 0.555512
602 0.450000 0.555337
603 0.426000 0.555123
604 0.438000 0.554929
605 0.450000 0.554756
606 0.456000 0.554593
607 0.440000 0.554405
608 0.456000 0.554243
609 0.414000 0.554013
610 0.436000 0.553820
611 0.470000 0.553683
612 0.472000 0.553550
613 0.446000 0.553375
614 0.422000 0.553161
615 0.408000 0.552925
616 0.454000 0.552765
617 0.446000 0.552592
618 0.432000 0.552397
619 0.412000 0.552171
620 0.396000 0.551919
621 0.400000 0.551675
622 0.408000 0.551445
623 0.414000 0.551224
624 0.412000 0.551002
625 0.430000 0.550808
626 0.430000 0.550616
627 0.406000 0.550385
628 0.438000 0.550207
629 0.408000 0.549981
630 0.452000 0.549826
631 0.426000 0.549630
632 0.412000 0.549412
633 0.376000 0.549139
634 0.386000 0.548882
635 0.410000 0.548664
636 0.436000 0.548487
637 0.428000 0.548298
638 0.446000 0.548138
639 0.410000 0.547922
640 0.444000 0.547760
641 0.426000 0.547570
642 0.444000 0.547409
643 0.432000 0.547230
644 0.432000 0.547051
645 0.422000 0.546858
646 0.452000 0.546711
647 0.448000 0.546559
648 0.432000 0.546382
649 0.414000 0.546178
650 0.396000 0.545948
651 0.442000 0.545788
652 0.438000 0.545623
653 0.460000 0.545492
654 0.450000 0.545347
655 0.450000 0.545201
656 0.436000 0.545035
657 0.402000 0.544818
658 0.416000 0.544622
659 0.394000 0.544394
660 0.402000 0.544179
661 0.442000 0.544024
662 0.460000 0.543897
663 0.454000 0.543762
664 0.462000 0.543639
665 0.438000 0.543480
666 0.444000 0.543331
667 0.422000 0.543150
668 0.438000 0.542993
669 0.428000 0.542821
670 0.430000 0.542653
671 0.438000 0.542497
672 0.422000 0.542318
673 0.412000 0.542125
674 0.424000 0.541950
675 0.410000 0.541754
676 0.384000 0.541521
677 0.410000 0.541327
678 0.382000 0.541093
679 0.400000 0.540885
680 0.414000 0.540699
681 0.408000 0.540504
682 0.382000 0.540272
683 0.398000 0.540064
684 0.404000 0.539866
685 0.404000 0.539668
686 0.418000 0.539491
687 0.422000 0.539320
688 0.456000 0.539199
689 0.410000 0.539012
690 0.390000 0.538796
691 0.392000 0.538584
692 0.390000 0.538369
693 0.398000 0.538167
694 0.392000 0.537957
695 0.412000 0.537776
696 0.406000 0.537587
697 0.404000 0.537395
698 0.380000 0.537170
699 0.374000 0.536937
700 0.368000 0.536696
701 0.386000 0.536481
702 0.366000 0.536239
703 0.398000 0.536043
704 0.396000 0.535844
705 0.416000 0.535674
706 0.366000 0.535434
707 0.366000 0.535195
708 0.354000 0.534939
709 0.376000 0.534715
710 0.400000 0.534526
711 0.362000 0.534284
712 0.372000 0.534056
713 0.346000 0.533793
714 0.344000 0.533527
715 0.376000 0.533307
716 0.358000 0.533063
717 0.374000 0.532841
718 0.402000 0.532659
719 0.376000 0.532442
720 0.380000 0.532230
721 0.384000 0.532025
722 0.382000 0.531817
723 0.370000 0.531594
724 0.386000 0.531393
725 0.336000 0.531124
726 0.380000 0.530916
727 0.360000 0.530681
728 0.386000 0.530483
729 0.408000 0.530315
730 0.432000 0.530181
731 0.406000 0.530011
732 0.376000 0.529801
733 0.344000 0.529548
734 0.356000 0.529312
735 0.344000 0.529060
736 0.392000 0.528874
737 0.364000 0.528650
738 0.382000 0.528452
739 0.394000 0.528270
740 0.388000 0.528081
741 0.418000 0.527933
742 0.372000 0.527723
743 0.342000 0.527473
744 0.354000 0.527240
745 0.354000 0.527008
746 0.374000 0.526803
747 0.364000 0.526586
748 0.348000 0.526347
749 0.356000 0.526120
750 0.356000 0.525893
751 0.372000 0.525689
752 0.370000 0.525482
753 0.350000 0.525249
754 0.370000 0.525044
755 0.356000 0.524820
756 0.330000 0.524563
757 0.332000 0.524309
758 0.318000 0.524037
759 0.338000 0.523792
760 0.358000 0.523574
761 0.342000 0.523336
762 0.324000 0.523075
763 0.334000 0.522827
764 0.334000 0.522580
765 0.334000 0.522334
766 0.386000 0.522156
767 0.392000 0.521987
768 0.398000 0.521826
769 0.380000 0.521642
770 0.366000 0.521440
771 0.370000 0.521244
772 0.366000 0.521043
773 0.384000 0.520866
774 0.384000 0.520689
775 0.388000 0.520518
776 0.376000 0.520332
777 0.388000 0.520162
778 0.372000 0.519972
779 0.362000 0.519769
780 0.364000 0.519570
781 0.370000 0.519379
782 0.346000 0.519157
783 0.350000 0.518941
784 0.354000 0.518731
785 0.378000 0.518552
786 0.364000 0.518356
787 0.360000 0.518155
788 0.376000 0.517975
789 0.344000 0.517754
790 0.354000 0.517547
791 0.376000 0.517369
792 0.376000 0.517190
793 0.418000 0.517065
794 0.372000 0.516883
795 0.404000 0.516741
796 0.384000 0.516575
797 0.368000 0.516388
798 0.364000 0.516198
799 0.360000 0.516003
800 0.370000 0.515820
801 0.344000 0.515606
802 0.370000 0.515425
803 0.390000 0.515269
804 0.374000 0.515093
805 0.362000 0.514903
806 0.350000 0.514699
807 0.336000 0.514478
808 0.338000 0.514260
809 0.340000 0.514044
810 0.374000 0.513872
811 0.350000 0.513670
812 0.366000 0.513488
813 0.402000 0.513351
814 0.374000 0.513180
815 0.404000 0.513047
816 0.414000 0.512925
817 0.396000 0.512782
818 0.402000 0.512647
819 0.368000 0.512471
820 0.360000 0.512285
821 0.376000 0.512119
822 0.398000 0.511981
823 0.378000 0.511818
824 0.382000 0.511661
825 0.382000 0.511504
826 0.378000 0.511342
827 0.358000 0.511157
828 0.336000 0.510946
829 0.340000 0.510740
830 0.356000 0.510554
831 0.360000 0.510373
832 0.360000 0.510192
833 0.370000 0.510024
834 0.366000 0.509851
835 0.392000 0.509711
836 0.380000 0.509556
837 0.360000 0.509377
838 0.402000 0.509249
839 0.362000 0.509074
840 0.356000 0.508892
841 0.372000 0.508729
842 0.366000 0.508560
843 0.378000 0.508405
844 0.342000 0.508208
845 0.338000 0.508007
846 0.346000 0.507816
847 0.356000 0.507637
848 0.354000 0.507456
849 0.314000 0.507228
850 0.346000 0.507039
851 0.330000 0.506831
852 0.326000 0.506619
853 0.346000 0.506431
854 0.330000 0.506225
855 0.348000 0.506040
856 0.350000 0.505858
857 0.318000 0.505639
858 0.368000 0.505478
859 0.368000 0.505319
860 0.356000 0.505145
861 0.328000 0.504940
862 0.372000 0.504786
863 0.368000 0.504627
864 0.368000 0.504469
865 0.414000 0.504365
866 0.384000 0.504226
867 0.372000 0.504074
868 0.388000 0.503940
869 0.378000 0.503795
870 0.352000 0.503621
871 0.312000 0.503401
872 0.310000 0.503180
873 0.336000 0.502989
874 0.336000 0.502798
875 0.360000 0.502635
876 0.330000 0.502438
877 0.342000 0.502255
878 0.326000 0.502055
879 0.348000 0.501880
880 0.314000 0.501666
881 0.286000 0.501422
882 0.314000 0.501210
883 0.336000 0.501023
884 0.338000 0.500838
885 0.354000 0.500673
886 0.350000 0.500503
887 0.344000 0.500327
888 0.328000 0.500133
889 0.346000 0.499960
890 0.348000 0.499789
891 0.322000 0.499590
892 0.306000 0.499373
893 0.322000 0.499174
894 0.354000 0.499012
895 0.360000 0.498857
896 0.360000 0.498702
897 0.344000 0.498530
898 0.312000 0.498323
899 0.314000 0.498118
900 0.322000 0.497922
901 0.362000 0.497772
902 0.386000 0.497648
903 0.354000 0.497489
904 0.392000 0.497372
905 0.370000 0.497232
906 0.332000 0.497050
907 0.336000 0.496872
908 0.340000 0.496700
909 0.340000 0.496527
910 0.306000 0.496318
911 0.326000 0.496132
912 0.324000 0.495943
913 0.324000 0.495755
914 0.286000 0.495526
915 0.266000 0.495275
916 0.306000 0.495069
917 0.318000 0.494876
918 0.312000 0.494677
919 0.330000 0.494498
920 0.336000 0.494326
921 0.340000 0.494158
922 0.358000 0.494011
923 0.372000 0.493879
924 0.382000 0.493758
925 0.354000 0.493607
926 0.374000 0.493478
927 0.354000 0.493328
928 0.362000 0.493186
929 0.344000 0.493026
930 0.386000 0.492911
931 0.368000 0.492777
932 0.354000 0.492628
933 0.344000 0.492469
934 0.332000 0.492297
935 0.340000 0.492135
936 0.318000 0.491949
937 0.312000 0.491757
938 0.312000 0.491565
939 0.336000 0.491400
940 0.352000 0.491252
941 0.342000 0.491093
942 0.320000 0.490912
943 0.344000 0.490756
944 0.360000 0.490618
945 0.350000 0.490469
946 0.326000 0.490296
947 0.314000 0.490110
948 0.336000 0.489947
949 0.344000 0.489794
950 0.316000 0.489611
951 0.356000 0.489471
952 0.360000 0.489335
953 0.324000 0.489161
954 0.342000 0.489007
955 0.310000 0.488820
956 0.328000 0.488652
957 0.298000 0.488453
958 0.306000 0.488263
959 0.292000 0.488058
960 0.298000 0.487861
961 0.314000 0.487680
962 0.306000 0.487491
963 0.308000 0.487305
964 0.296000 0.487107
965 0.278000 0.486890
966 0.314000 0.486711
967 0.336000 0.486556
968 0.352000 0.486417
969 0.320000 0.486245
970 0.376000 0.486132
971 0.330000 0.485971
972 0.362000 0.485844
973 0.410000 0.485766
974 0.388000 0.485666
975 0.364000 0.485541
976 0.372000 0.485425
977 0.360000 0.485297
978 0.356000 0.485164
979 0.338000 0.485014
980 0.324000 0.484850
981 0.308000 0.484670
982 0.334000 0.484517
983 0.298000 0.484327
984 0.328000 0.484169
985 0.358000 0.484041
986 0.328000 0.483882
987 0.334000 0.483731
988 0.324000 0.483569
989 0.356000 0.483440
990 0.354000 0.483310
991 0.332000 0.483157
992 0.306000 0.482979
993 0.292000 0.482787
994 0.288000 0.482591
995 0.320000 0.482428
996 0.296000 0.482241
997 0.294000 0.482052
998 0.320000 0.481890
999 0.314000 0.481722
