0 1.000000 1.000000
1 0.990000 0.995000
2 0.978000 0.989333
3 0.976000 0.986000
4 0.958000 0.980400
5 0.968000 0.978333
6 0.972000 0.977429
7 0.972000 0.976750
8 0.972000 0.976222
9 0.958000 0.974400
10 0.962000 0.973273
11 0.962000 0.972333
12 0.976000 0.972615
13 0.956000 0.971429
14 0.956000 0.970400
15 0.930000 0.967875
16 0.946000 0.966588
17 0.944000 0.965333
18 0.942000 0.964105
19 0.948000 0.963300
20 0.946000 0.962476
21 0.936000 0.961273
22 0.944000 0.960522
23 0.948000 0.960000
24 0.954000 0.959760
25 0.948000 0.959308
26 0.946000 0.958815
27 0.956000 0.958714
28 0.952000 0.958483
29 0.948000 0.958133
30 0.946000 0.957742
31 0.942000 0.957250
32 0.948000 0.956970
33 0.954000 0.956882
34 0.958000 0.956914
35 0.942000 0.956500
36 0.950000 0.956324
37 0.940000 0.955895
38 0.944000 0.955590
39 0.946000 0.955350
40 0.918000 0.954439
41 0.940000 0.954095
42 0.940000 0.953767
43 0.948000 0.953636
44 0.958000 0.953733
45 0.950000 0.953652
46 0.956000 0.953702
47 0.946000 0.953542
48 0.940000 0.953265
49 0.956000 0.953320
50 0.954000 0.953333
51 0.958000 0.953423
52 0.952000 0.953396
53 0.946000 0.953259
54 0.950000 0.953200
55 0.950000 0.953143
56 0.956000 0.953193
57 0.954000 0.953207
58 0.942000 0.953017
59 0.948000 0.952933
60 0.938000 0.952689
61 0.936000 0.952419
62 0.924000 0.951968
63 0.938000 0.951750
64 0.946000 0.951662
65 0.950000 0.951636
66 0.948000 0.951582
67 0.952000 0.951588
68 0.960000 0.951710
69 0.948000 0.951657
70 0.958000 0.951746
71 0.958000 0.951833
72 0.942000 0.951699
73 0.942000 0.951568
74 0.954000 0.951600
75 0.954000 0.951632
76 0.950000 0.951610
77 0.960000 0.951718
78 0.958000 0.951797
79 0.934000 0.951575
80 0.950000 0.951556
81 0.938000 0.951390
82 0.940000 0.951253
83 0.942000 0.951143
84 0.938000 0.950988
85 0.932000 0.950767
86 0.936000 0.950598
87 0.944000 0.950523
88 0.934000 0.950337
89 0.946000 0.950289
90 0.954000 0.950330
91 0.936000 0.950174
92 0.934000 0.950000
93 0.948000 0.949979
94 0.968000 0.950168
95 0.954000 0.950208
96 0.954000 0.950247
97 0.948000 0.950224
98 0.940000 0.950121
99 0.952000 0.950140
100 0.938000 0.950020
101 0.944000 0.949961
102 0.952000 0.949981
103 0.948000 0.949962
104 0.960000 0.950057
105 0.934000 0.949906
106 0.940000 0.949813
107 0.952000 0.949833
108 0.970000 0.950018
109 0.960000 0.950109
110 0.968000 0.950270
111 0.958000 0.950339
112 0.962000 0.950442
113 0.976000 0.950667
114 0.952000 0.950678
115 0.958000 0.950741
116 0.958000 0.950803
117 0.964000 0.950915
118 0.974000 0.951109
119 0.958000 0.951167
120 0.946000 0.951124
121 0.944000 0.951066
122 0.950000 0.951057
123 0.954000 0.951081
124 0.946000 0.951040
125 0.952000 0.951048
126 0.956000 0.951087
127 0.950000 0.951078
128 0.962000 0.951163
129 0.964000 0.951262
130 0.942000 0.951191
131 0.952000 0.951197
132 0.950000 0.951188
133 0.952000 0.951194
134 0.956000 0.951230
135 0.936000 0.951118
136 0.962000 0.951197
137 0.958000 0.951246
138 0.966000 0.951353
139 0.970000 0.951486
140 0.962000 0.951560
141 0.964000 0.951648
142 0.958000 0.951692
143 0.954000 0.951708
144 0.956000 0.951738
145 0.956000 0.951767
146 0.964000 0.951850
147 0.966000 0.951946
148 0.972000 0.952081
149 0.970000 0.952200
150 0.950000 0.952185
151 0.958000 0.952224
152 0.950000 0.952209
153 0.960000 0.952260
154 0.944000 0.952206
155 0.962000 0.952269
156 0.936000 0.952166
157 0.934000 0.952051
158 0.928000 0.951899
159 0.940000 0.951825
160 0.948000 0.951801
161 0.954000 0.951815
162 0.948000 0.951791
163 0.950000 0.951780
164 0.946000 0.951745
165 0.952000 0.951747
166 0.962000 0.951808
167 0.960000 0.951857
168 0.956000 0.951882
169 0.950000 0.951871
170 0.948000 0.951848
171 0.946000 0.951814
172 0.946000 0.951780
173 0.960000 0.951828
174 0.960000 0.951874
175 0.956000 0.951898
176 0.962000 0.951955
177 0.950000 0.951944
178 0.944000 0.951899
179 0.962000 0.951956
180 0.970000 0.952055
181 0.968000 0.952143
182 0.966000 0.952219
183 0.958000 0.952250
184 0.962000 0.952303
185 0.970000 0.952398
186 0.960000 0.952439
187 0.952000 0.952436
188 0.938000 0.952360
189 0.958000 0.952389
190 0.940000 0.952325
191 0.944000 0.952281
192 0.942000 0.952228
193 0.966000 0.952299
194 0.940000 0.952236
195 0.946000 0.952204
196 0.960000 0.952244
197 0.958000 0.952273
198 0.942000 0.952221
199 0.940000 0.952160
200 0.952000 0.952159
201 0.940000 0.952099
202 0.948000 0.952079
203 0.954000 0.952088
204 0.954000 0.952098
205 0.950000 0.952087
206 0.940000 0.952029
207 0.956000 0.952048
208 0.956000 0.952067
209 0.964000 0.952124
210 0.948000 0.952104
211 0.944000 0.952066
212 0.960000 0.952103
213 0.942000 0.952056
214 0.948000 0.952037
215 0.964000 0.952093
216 0.958000 0.952120
217 0.964000 0.952174
218 0.960000 0.952210
219 0.964000 0.952264
220 0.954000 0.952271
221 0.950000 0.952261
222 0.956000 0.952278
223 0.950000 0.952268
224 0.956000 0.952284
225 0.958000 0.952310
226 0.950000 0.952300
227 0.944000 0.952263
228 0.936000 0.952192
229 0.944000 0.952157
230 0.954000 0.952165
231 0.954000 0.952172
232 0.954000 0.952180
233 0.950000 0.952171
234 0.936000 0.952102
235 0.952000 0.952102
236 0.960000 0.952135
237 0.952000 0.952134
238 0.956000 0.952151
239 0.950000 0.952142
240 0.948000 0.952124
241 0.958000 0.952149
242 0.956000 0.952165
243 0.962000 0.952205
244 0.940000 0.952155
245 0.934000 0.952081
246 0.934000 0.952008
247 0.950000 0.952000
248 0.948000 0.951984
249 0.948000 0.951968
250 0.954000 0.951976
251 0.948000 0.951960
252 0.962000 0.952000
253 0.960000 0.952031
254 0.952000 0.952031
255 0.950000 0.952023
256 0.950000 0.952016
257 0.932000 0.951938
258 0.954000 0.951946
259 0.962000 0.951985
260 0.960000 0.952015
261 0.966000 0.952069
262 0.960000 0.952099
263 0.942000 0.952061
264 0.946000 0.952038
265 0.954000 0.952045
266 0.968000 0.952105
267 0.976000 0.952194
268 0.962000 0.952230
269 0.956000 0.952244
270 0.948000 0.952229
271 0.946000 0.952206
272 0.964000 0.952249
273 0.968000 0.952307
274 0.964000 0.952349
275 0.956000 0.952362
276 0.954000 0.952368
277 0.950000 0.952360
278 0.960000 0.952387
279 0.946000 0.952364
280 0.960000 0.952391
281 0.950000 0.952383
282 0.952000 0.952382
283 0.944000 0.952352
284 0.944000 0.952323
285 0.936000 0.952266
286 0.956000 0.952279
287 0.938000 0.952229
288 0.940000 0.952187
289 0.952000 0.952186
290 0.942000 0.952151
291 0.954000 0.952158
292 0.956000 0.952171
293 0.958000 0.952190
294 0.954000 0.952197
295 0.958000 0.952216
296 0.952000 0.952215
297 0.970000 0.952275
298 0.962000 0.952308
299 0.960000 0.952333
300 0.944000 0.952306
301 0.948000 0.952291
302 0.932000 0.952224
303 0.948000 0.952211
304 0.952000 0.952210
305 0.960000 0.952235
306 0.950000 0.952228
307 0.960000 0.952253
308 0.970000 0.952311
309 0.974000 0.952381
310 0.956000 0.952392
311 0.948000 0.952378
312 0.956000 0.952390
313 0.960000 0.952414
314 0.956000 0.952425
315 0.952000 0.952424
316 0.958000 0.952442
317 0.938000 0.952396
318 0.956000 0.952408
319 0.946000 0.952388
320 0.962000 0.952417
321 0.948000 0.952404
322 0.950000 0.952396
323 0.956000 0.952407
324 0.958000 0.952425
325 0.952000 0.952423
326 0.958000 0.952440
327 0.948000 0.952427
328 0.942000 0.952395
329 0.932000 0.952333
330 0.950000 0.952326
331 0.964000 0.952361
332 0.952000 0.952360
333 0.956000 0.952371
334 0.954000 0.952376
335 0.952000 0.952375
336 0.950000 0.952368
337 0.956000 0.952379
338 0.960000 0.952401
339 0.962000 0.952429
340 0.952000 0.952428
341 0.944000 0.952404
342 0.948000 0.952391
343 0.956000 0.952401
344 0.944000 0.952377
345 0.944000 0.952353
346 0.944000 0.952329
347 0.954000 0.952333
348 0.952000 0.952332
349 0.948000 0.952320
350 0.946000 0.952302
351 0.958000 0.952318
352 0.960000 0.952340
353 0.948000 0.952328
354 0.958000 0.952344
355 0.946000 0.952326
356 0.954000 0.952331
357 0.954000 0.952335
358 0.958000 0.952351
359 0.958000 0.952367
360 0.944000 0.952343
361 0.950000 0.952337
362 0.944000 0.952314
363 0.962000 0.952341
364 0.966000 0.952378
365 0.956000 0.952388
366 0.944000 0.952365
367 0.952000 0.952364
368 0.964000 0.952396
369 0.962000 0.952422
370 0.958000 0.952437
371 0.962000 0.952462
372 0.956000 0.952472
373 0.948000 0.952460
374 0.960000 0.952480
375 0.956000 0.952489
376 0.960000 0.952509
377 0.950000 0.952503
378 0.944000 0.952480
379 0.956000 0.952489
380 0.958000 0.952504
381 0.970000 0.952550
382 0.952000 0.952548
383 0.950000 0.952542
384 0.954000 0.952545
385 0.950000 0.952539
386 0.956000 0.952548
387 0.940000 0.952515
388 0.942000 0.952488
389 0.934000 0.952441
390 0.958000 0.952455
391 0.950000 0.952449
392 0.960000 0.952468
393 0.956000 0.952477
394 0.954000 0.952481
395 0.938000 0.952444
396 0.950000 0.952438
397 0.950000 0.952432
398 0.936000 0.952391
399 0.948000 0.952380
400 0.952000 0.952379
401 0.942000 0.952353
402 0.948000 0.952342
403 0.954000 0.952347
404 0.954000 0.952351
405 0.940000 0.952320
406 0.954000 0.952324
407 0.950000 0.952319
408 0.944000 0.952298
409 0.938000 0.952263
410 0.950000 0.952258
411 0.928000 0.952199
412 0.922000 0.952126
413 0.930000 0.952072
414 0.940000 0.952043
415 0.942000 0.952019
416 0.946000 0.952005
417 0.960000 0.952024
418 0.954000 0.952029
419 0.948000 0.952019
420 0.960000 0.952038
421 0.956000 0.952047
422 0.952000 0.952047
423 0.946000 0.952033
424 0.954000 0.952038
425 0.936000 0.952000
426 0.950000 0.951995
427 0.944000 0.951977
428 0.950000 0.951972
429 0.946000 0.951958
430 0.940000 0.951930
431 0.954000 0.951935
432 0.956000 0.951945
433 0.956000 0.951954
434 0.952000 0.951954
435 0.954000 0.951959
436 0.936000 0.951922
437 0.938000 0.951890
438 0.938000 0.951859
439 0.928000 0.951805
440 0.926000 0.951746
441 0.956000 0.951756
442 0.960000 0.951774
443 0.940000 0.951748
444 0.950000 0.951744
445 0.942000 0.951722
446 0.960000 0.951740
447 0.952000 0.951741
448 0.948000 0.951733
449 0.942000 0.951711
450 0.956000 0.951721
451 0.958000 0.951735
452 0.950000 0.951731
453 0.960000 0.951749
454 0.962000 0.951771
455 0.956000 0.951781
456 0.970000 0.951821
457 0.952000 0.951821
458 0.964000 0.951847
459 0.964000 0.951874
460 0.966000 0.951905
461 0.950000 0.951900
462 0.950000 0.951896
463 0.960000 0.951914
464 0.950000 0.951910
465 0.950000 0.951906
466 0.948000 0.951897
467 0.960000 0.951915
468 0.940000 0.951889
469 0.926000 0.951834
470 0.930000 0.951788
471 0.950000 0.951784
472 0.948000 0.951776
473 0.944000 0.951759
474 0.946000 0.951747
475 0.954000 0.951752
476 0.958000 0.951765
477 0.942000 0.951745
478 0.952000 0.951745
479 0.956000 0.951754
480 0.962000 0.951775
481 0.956000 0.951784
482 0.964000 0.951810
483 0.954000 0.951814
484 0.944000 0.951798
485 0.946000 0.951786
486 0.942000 0.951766
487 0.956000 0.951775
488 0.952000 0.951775
489 0.946000 0.951763
490 0.962000 0.951784
491 0.970000 0.951821
492 0.982000 0.951882
493 0.988000 0.951955
494 0.988000 0.952028
495 0.958000 0.952040
496 0.952000 0.952040
497 0.952000 0.952040
498 0.950000 0.952036
499 0.950000 0.952032
500 0.938000 0.952004
501 0.950000 0.952000
502 0.948000 0.951992
503 0.954000 0.951996
504 0.966000 0.952024
505 0.950000 0.952020
506 0.946000 0.952008
507 0.944000 0.951992
508 0.956000 0.952000
509 0.954000 0.952004
510 0.960000 0.952020
511 0.946000 0.952008
512 0.940000 0.951984
513 0.958000 0.951996
514 0.944000 0.951981
515 0.948000 0.951973
516 0.952000 0.951973
517 0.952000 0.951973
518 0.956000 0.951981
519 0.962000 0.952000
520 0.956000 0.952008
521 0.954000 0.952011
522 0.950000 0.952008
523 0.950000 0.952004
524 0.954000 0.952008
525 0.942000 0.951989
526 0.962000 0.952008
527 0.974000 0.952049
528 0.970000 0.952083
529 0.950000 0.952079
530 0.952000 0.952079
531 0.946000 0.952068
532 0.950000 0.952064
533 0.960000 0.952079
534 0.940000 0.952056
535 0.958000 0.952067
536 0.940000 0.952045
537 0.960000 0.952059
538 0.958000 0.952071
539 0.966000 0.952096
540 0.962000 0.952115
541 0.948000 0.952107
542 0.948000 0.952099
543 0.948000 0.952092
544 0.942000 0.952073
545 0.946000 0.952062
546 0.964000 0.952084
547 0.962000 0.952102
548 0.966000 0.952128
549 0.960000 0.952142
550 0.948000 0.952134
551 0.946000 0.952123
552 0.956000 0.952130
553 0.944000 0.952116
554 0.944000 0.952101
555 0.958000 0.952112
556 0.944000 0.952097
557 0.966000 0.952122
558 0.950000 0.952118
559 0.946000 0.952107
560 0.954000 0.952111
561 0.954000 0.952114
562 0.962000 0.952131
563 0.952000 0.952131
564 0.952000 0.952131
565 0.946000 0.952120
566 0.948000 0.952113
567 0.932000 0.952077
568 0.924000 0.952028
569 0.950000 0.952025
570 0.952000 0.952025
571 0.958000 0.952035
572 0.940000 0.952014
573 0.948000 0.952007
574 0.952000 0.952007
575 0.942000 0.951990
576 0.944000 0.951976
577 0.944000 0.951962
578 0.930000 0.951924
579 0.942000 0.951907
580 0.940000 0.951886
581 0.952000 0.951887
582 0.952000 0.951887
583 0.950000 0.951884
584 0.958000 0.951894
585 0.956000 0.951901
586 0.958000 0.951911
587 0.958000 0.951922
588 0.954000 0.951925
589 0.960000 0.951939
590 0.962000 0.951956
591 0.964000 0.951976
592 0.944000 0.951963
593 0.946000 0.951953
594 0.958000 0.951963
595 0.944000 0.951950
596 0.950000 0.951946
597 0.958000 0.951957
598 0.950000 0.951953
599 0.948000 0.951947
600 0.940000 0.951927
601 0.946000 0.951917
602 0.950000 0.951914
603 0.946000 0.951904
604 0.952000 0.951904
605 0.948000 0.951898
606 0.946000 0.951888
607 0.954000 0.951891
608 0.948000 0.951885
609 0.954000 0.951889
610 0.950000 0.951885
611 0.954000 0.951889
612 0.962000 0.951905
613 0.956000 0.951912
614 0.954000 0.951915
615 0.944000 0.951903
616 0.960000 0.951916
617 0.948000 0.951909
618 0.950000 0.951906
619 0.952000 0.951906
620 0.942000 0.951890
621 0.940000 0.951871
622 0.932000 0.951839
623 0.942000 0.951824
624 0.938000 0.951802
625 0.932000 0.951770
626 0.950000 0.951767
627 0.952000 0.951768
628 0.948000 0.951762
629 0.934000 0.951733
630 0.946000 0.951724
631 0.942000 0.951709
632 0.948000 0.951703
633 0.926000 0.951662
634 0.942000 0.951647
635 0.946000 0.951638
636 0.948000 0.951633
637 0.946000 0.951624
638 0.934000 0.951596
639 0.940000 0.951578
640 0.946000 0.951569
641 0.946000 0.951561
642 0.934000 0.951533
643 0.944000 0.951522
644 0.948000 0.951516
645 0.954000 0.951520
646 0.976000 0.951558
647 0.960000 0.951571
648 0.954000 0.951575
649 0.960000 0.951588
650 0.952000 0.951588
651 0.962000 0.951604
652 0.954000 0.951608
653 0.958000 0.951618
654 0.958000 0.951627
655 0.946000 0.951619
656 0.944000 0.951607
657 0.940000 0.951590
658 0.952000 0.951590
659 0.946000 0.951582
660 0.956000 0.951589
661 0.956000 0.951595
662 0.960000 0.951608
663 0.958000 0.951617
664 0.962000 0.951633
665 0.946000 0.951625
666 0.952000 0.951625
667 0.950000 0.951623
668 0.950000 0.951620
669 0.962000 0.951636
670 0.960000 0.951648
671 0.952000 0.951649
672 0.944000 0.951637
673 0.954000 0.951641
674 0.962000 0.951656
675 0.966000 0.951678
676 0.946000 0.951669
677 0.950000 0.951667
678 0.950000 0.951664
679 0.960000 0.951676
680 0.952000 0.951677
681 0.966000 0.951698
682 0.958000 0.951707
683 0.954000 0.951711
684 0.956000 0.951717
685 0.956000 0.951723
686 0.968000 0.951747
687 0.946000 0.951738
688 0.956000 0.951745
689 0.946000 0.951736
690 0.946000 0.951728
691 0.946000 0.951720
692 0.934000 0.951694
693 0.956000 0.951700
694 0.956000 0.951706
695 0.962000 0.951721
696 0.944000 0.951710
697 0.948000 0.951705
698 0.936000 0.951682
699 0.940000 0.951666
700 0.940000 0.951649
701 0.938000 0.951630
702 0.948000 0.951624
703 0.950000 0.951622
704 0.950000 0.951620
705 0.944000 0.951609
706 0.954000 0.951612
707 0.954000 0.951616
708 0.942000 0.951602
709 0.934000 0.951577
710 0.958000 0.951586
711 0.944000 0.951576
712 0.948000 0.951571
713 0.954000 0.951574
714 0.944000 0.951564
715 0.942000 0.951550
716 0.952000 0.951551
717 0.950000 0.951549
718 0.964000 0.951566
719 0.950000 0.951564
720 0.924000 0.951526
721 0.950000 0.951524
722 0.966000 0.951544
723 0.954000 0.951547
724 0.946000 0.951539
725 0.938000 0.951521
726 0.946000 0.951513
727 0.958000 0.951522
728 0.960000 0.951534
729 0.960000 0.951545
730 0.970000 0.951570
731 0.964000 0.951587
732 0.966000 0.951607
733 0.936000 0.951586
734 0.950000 0.951584
735 0.942000 0.951571
736 0.958000 0.951579
737 0.948000 0.951575
738 0.946000 0.951567
739 0.952000 0.951568
740 0.950000 0.951565
741 0.954000 0.951569
742 0.950000 0.951567
743 0.950000 0.951565
744 0.952000 0.951565
745 0.952000 0.951566
746 0.952000 0.951566
747 0.962000 0.951580
748 0.954000 0.951583
749 0.952000 0.951584
750 0.946000 0.951577
751 0.950000 0.951574
752 0.956000 0.951580
753 0.944000 0.951570
754 0.952000 0.951571
755 0.944000 0.951561
756 0.946000 0.951554
757 0.968000 0.951575
758 0.954000 0.951578
759 0.956000 0.951584
760 0.966000 0.951603
761 0.954000 0.951606
762 0.944000 0.951596
763 0.950000 0.951594
764 0.960000 0.951605
765 0.952000 0.951606
766 0.954000 0.951609
767 0.944000 0.951599
768 0.952000 0.951599
769 0.960000 0.951610
770 0.946000 0.951603
771 0.944000 0.951593
772 0.948000 0.951589
773 0.954000 0.951592
774 0.956000 0.951597
775 0.948000 0.951593
776 0.936000 0.951573
777 0.940000 0.951558
778 0.946000 0.951551
779 0.944000 0.951541
780 0.962000 0.951554
781 0.976000 0.951586
782 0.972000 0.951612
783 0.950000 0.951610
784 0.954000 0.951613
785 0.962000 0.951626
786 0.972000 0.951652
787 0.956000 0.951657
788 0.966000 0.951676
789 0.950000 0.951673
790 0.954000 0.951676
791 0.940000 0.951662
792 0.948000 0.951657
793 0.944000 0.951647
794 0.954000 0.951650
795 0.958000 0.951658
796 0.964000 0.951674
797 0.950000 0.951672
798 0.974000 0.951700
799 0.964000 0.951715
800 0.964000 0.951730
801 0.946000 0.951723
802 0.944000 0.951714
803 0.928000 0.951684
804 0.944000 0.951675
805 0.940000 0.951660
806 0.954000 0.951663
807 0.952000 0.951663
808 0.936000 0.951644
809 0.946000 0.951637
810 0.954000 0.951640
811 0.946000 0.951633
812 0.960000 0.951643
813 0.966000 0.951661
814 0.956000 0.951666
815 0.968000 0.951686
816 0.964000 0.951701
817 0.958000 0.951709
818 0.956000 0.951714
819 0.946000 0.951707
820 0.952000 0.951708
821 0.952000 0.951708
822 0.960000 0.951718
823 0.958000 0.951726
824 0.948000 0.951721
825 0.956000 0.951726
826 0.936000 0.951707
827 0.950000 0.951705
828 0.952000 0.951706
829 0.948000 0.951701
830 0.950000 0.951699
831 0.946000 0.951692
832 0.948000 0.951688
833 0.938000 0.951671
834 0.942000 0.951660
835 0.960000 0.951670
836 0.950000 0.951668
837 0.944000 0.951659
838 0.944000 0.951650
839 0.950000 0.951648
840 0.928000 0.951620
841 0.932000 0.951596
842 0.930000 0.951571
843 0.932000 0.951547
844 0.942000 0.951536
845 0.948000 0.951532
846 0.956000 0.951537
847 0.962000 0.951550
848 0.942000 0.951538
849 0.934000 0.951518
850 0.938000 0.951502
851 0.946000 0.951495
852 0.956000 0.951501
853 0.970000 0.951522
854 0.956000 0.951527
855 0.968000 0.951547
856 0.952000 0.951547
857 0.954000 0.951550
858 0.936000 0.951532
859 0.950000 0.951530
860 0.956000 0.951535
861 0.942000 0.951524
862 0.942000 0.951513
863 0.938000 0.951498
864 0.944000 0.951489
865 0.950000 0.951487
866 0.952000 0.951488
867 0.970000 0.951509
868 0.978000 0.951540
869 0.972000 0.951563
870 0.970000 0.951584
871 0.964000 0.951599
872 0.952000 0.951599
873 0.968000 0.951618
874 0.952000 0.951618
875 0.966000 0.951635
876 0.974000 0.951660
877 0.960000 0.951670
878 0.956000 0.951675
879 0.958000 0.951682
880 0.964000 0.951696
881 0.950000 0.951694
882 0.930000 0.951669
883 0.938000 0.951654
884 0.946000 0.951647
885 0.934000 0.951628
886 0.954000 0.951630
887 0.960000 0.951640
888 0.940000 0.951627
889 0.938000 0.951611
890 0.944000 0.951603
891 0.934000 0.951583
892 0.946000 0.951577
893 0.950000 0.951575
894 0.956000 0.951580
895 0.948000 0.951576
896 0.958000 0.951583
897 0.946000 0.951577
898 0.938000 0.951562
899 0.934000 0.951542
900 0.936000 0.951525
901 0.946000 0.951519
902 0.944000 0.951511
903 0.960000 0.951520
904 0.946000 0.951514
905 0.954000 0.951517
906 0.944000 0.951508
907 0.946000 0.951502
908 0.950000 0.951501
909 0.944000 0.951492
910 0.940000 0.951480
911 0.958000 0.951487
912 0.952000 0.951487
913 0.966000 0.951503
914 0.942000 0.951493
915 0.946000 0.951487
916 0.960000 0.951496
917 0.958000 0.951503
918 0.948000 0.951499
919 0.948000 0.951496
920 0.960000 0.951505
921 0.950000 0.951503
922 0.962000 0.951515
923 0.962000 0.951526
924 0.944000 0.951518
925 0.952000 0.951518
926 0.952000 0.951519
927 0.946000 0.951513
928 0.940000 0.951501
929 0.952000 0.951501
930 0.952000 0.951502
931 0.958000 0.951509
932 0.946000 0.951503
933 0.938000 0.951488
934 0.950000 0.951487
935 0.950000 0.951485
936 0.958000 0.951492
937 0.960000 0.951501
938 0.968000 0.951519
939 0.954000 0.951521
940 0.956000 0.951526
941 0.956000 0.951531
942 0.940000 0.951519
943 0.940000 0.951506
944 0.950000 0.951505
945 0.946000 0.951499
946 0.946000 0.951493
947 0.942000 0.951483
948 0.948000 0.951479
949 0.946000 0.951474
950 0.950000 0.951472
951 0.944000 0.951464
952 0.948000 0.951461
953 0.950000 0.951459
954 0.968000 0.951476
955 0.958000 0.951483
956 0.954000 0.951486
957 0.950000 0.951484
958 0.946000 0.951479
959 0.952000 0.951479
960 0.944000 0.951471
961 0.948000 0.951468
962 0.946000 0.951462
963 0.948000 0.951459
964 0.942000 0.951449
965 0.950000 0.951447
966 0.958000 0.951454
967 0.948000 0.951450
968 0.942000 0.951441
969 0.940000 0.951429
970 0.962000 0.951440
971 0.936000 0.951424
972 0.946000 0.951418
973 0.958000 0.951425
974 0.944000 0.951417
975 0.944000 0.951410
976 0.936000 0.951394
977 0.946000 0.951389
978 0.948000 0.951385
979 0.950000 0.951384
980 0.944000 0.951376
981 0.950000 0.951375
982 0.934000 0.951357
983 0.946000 0.951352
984 0.950000 0.951350
985 0.956000 0.951355
986 0.946000 0.951350
987 0.954000 0.951352
988 0.950000 0.951351
989 0.948000 0.951347
990 0.946000 0.951342
991 0.954000 0.951345
992 0.946000 0.951339
993 0.944000 0.951332
994 0.942000 0.951323
995 0.946000 0.951317
996 0.942000 0.951308
997 0.946000 0.951303
998 0.954000 0.951305
999 0.962000 0.951316
