0 1.000000 1.000000
1 0.976000 0.988000
2 0.940000 0.972000
3 0.922000 0.959500
4 0.898000 0.947200
5 0.904000 0.940000
6 0.916000 0.936571
7 0.906000 0.932750
8 0.906000 0.929778
9 0.876000 0.924400
10 0.900000 0.922182
11 0.892000 0.919667
12 0.888000 0.917231
13 0.888000 0.915143
14 0.888000 0.913333
15 0.874000 0.910875
16 0.864000 0.908118
17 0.860000 0.905444
18 0.848000 0.902421
19 0.842000 0.899400
20 0.858000 0.897429
21 0.870000 0.896182
22 0.874000 0.895217
23 0.868000 0.894083
24 0.876000 0.893360
25 0.860000 0.892077
26 0.872000 0.891333
27 0.864000 0.890357
28 0.866000 0.889517
29 0.846000 0.888067
30 0.840000 0.886516
31 0.822000 0.884500
32 0.808000 0.882182
33 0.828000 0.880588
34 0.842000 0.879486
35 0.830000 0.878111
36 0.860000 0.877622
37 0.836000 0.876526
38 0.818000 0.875026
39 0.836000 0.874050
40 0.828000 0.872927
41 0.830000 0.871905
42 0.844000 0.871256
43 0.848000 0.870727
44 0.858000 0.870444
45 0.850000 0.870000
46 0.850000 0.869574
47 0.840000 0.868958
48 0.834000 0.868245
49 0.858000 0.868040
50 0.842000 0.867529
51 0.864000 0.867462
52 0.850000 0.867132
53 0.846000 0.866741
54 0.856000 0.866545
55 0.840000 0.866071
56 0.848000 0.865754
57 0.862000 0.865690
58 0.826000 0.865017
59 0.844000 0.864667
60 0.862000 0.864623
61 0.838000 0.864194
62 0.826000 0.863587
63 0.846000 0.863313
64 0.844000 0.863015
65 0.838000 0.862636
66 0.828000 0.862119
67 0.838000 0.861765
68 0.846000 0.861536
69 0.818000 0.860914
70 0.848000 0.860732
71 0.840000 0.860444
72 0.826000 0.859973
73 0.840000 0.859703
74 0.840000 0.859440
75 0.836000 0.859132
76 0.816000 0.858571
77 0.836000 0.858282
78 0.812000 0.857696
79 0.812000 0.857125
80 0.816000 0.856617
81 0.802000 0.855951
82 0.816000 0.855470
83 0.806000 0.854881
84 0.818000 0.854447
85 0.800000 0.853814
86 0.790000 0.853080
87 0.810000 0.852591
88 0.810000 0.852112
89 0.822000 0.851778
90 0.834000 0.851582
91 0.810000 0.851130
92 0.808000 0.850667
93 0.814000 0.850277
94 0.830000 0.850063
95 0.826000 0.849812
96 0.828000 0.849588
97 0.800000 0.849082
98 0.814000 0.848727
99 0.800000 0.848240
100 0.800000 0.847762
101 0.840000 0.847686
102 0.796000 0.847184
103 0.808000 0.846808
104 0.806000 0.846419
105 0.824000 0.846208
106 0.802000 0.845794
107 0.820000 0.845556
108 0.812000 0.845248
109 0.816000 0.844982
110 0.824000 0.844793
111 0.808000 0.844464
112 0.804000 0.844106
113 0.828000 0.843965
114 0.826000 0.843809
115 0.830000 0.843690
116 0.804000 0.843350
117 0.808000 0.843051
118 0.812000 0.842790
119 0.808000 0.842500
120 0.788000 0.842050
121 0.784000 0.841574
122 0.810000 0.841317
123 0.816000 0.841113
124 0.804000 0.840816
125 0.828000 0.840714
126 0.818000 0.840535
127 0.840000 0.840531
128 0.842000 0.840543
129 0.832000 0.840477
130 0.800000 0.840168
131 0.810000 0.839939
132 0.796000 0.839609
133 0.798000 0.839299
134 0.790000 0.838933
135 0.800000 0.838647
136 0.816000 0.838482
137 0.770000 0.837986
138 0.822000 0.837871
139 0.820000 0.837743
140 0.804000 0.837504
141 0.814000 0.837338
142 0.808000 0.837133
143 0.816000 0.836986
144 0.832000 0.836952
145 0.836000 0.836945
146 0.828000 0.836884
147 0.844000 0.836932
148 0.818000 0.836805
149 0.842000 0.836840
150 0.822000 0.836742
151 0.818000 0.836618
152 0.800000 0.836379
153 0.816000 0.836247
154 0.806000 0.836052
155 0.820000 0.835949
156 0.804000 0.835745
157 0.810000 0.835582
158 0.804000 0.835384
159 0.804000 0.835187
160 0.826000 0.835130
161 0.826000 0.835074
162 0.816000 0.834957
163 0.828000 0.834915
164 0.818000 0.834812
165 0.818000 0.834711
166 0.838000 0.834731
167 0.802000 0.834536
168 0.818000 0.834438
169 0.794000 0.834200
170 0.786000 0.833918
171 0.826000 0.833872
172 0.810000 0.833734
173 0.818000 0.833644
174 0.818000 0.833554
175 0.808000 0.833409
176 0.802000 0.833232
177 0.822000 0.833169
178 0.810000 0.833039
179 0.820000 0.832967
180 0.832000 0.832961
181 0.846000 0.833033
182 0.842000 0.833082
183 0.826000 0.833043
184 0.844000 0.833103
185 0.852000 0.833204
186 0.858000 0.833337
187 0.846000 0.833404
188 0.838000 0.833429
189 0.844000 0.833484
190 0.836000 0.833497
191 0.830000 0.833479
192 0.840000 0.833513
193 0.864000 0.833670
194 0.818000 0.833590
195 0.838000 0.833612
196 0.866000 0.833777
197 0.828000 0.833747
198 0.820000 0.833678
199 0.830000 0.833660
200 0.832000 0.833652
201 0.828000 0.833624
202 0.826000 0.833586
203 0.836000 0.833598
204 0.834000 0.833600
205 0.846000 0.833660
206 0.826000 0.833623
207 0.842000 0.833663
208 0.834000 0.833665
209 0.842000 0.833705
210 0.806000 0.833573
211 0.808000 0.833453
212 0.832000 0.833446
213 0.828000 0.833421
214 0.838000 0.833442
215 0.848000 0.833509
216 0.834000 0.833512
217 0.846000 0.833569
218 0.838000 0.833589
219 0.854000 0.833682
220 0.834000 0.833683
221 0.802000 0.833541
222 0.796000 0.833372
223 0.804000 0.833241
224 0.806000 0.833120
225 0.802000 0.832982
226 0.814000 0.832899
227 0.822000 0.832851
228 0.816000 0.832777
229 0.810000 0.832678
230 0.826000 0.832649
231 0.824000 0.832612
232 0.838000 0.832635
233 0.818000 0.832573
234 0.804000 0.832451
235 0.834000 0.832458
236 0.830000 0.832447
237 0.830000 0.832437
238 0.830000 0.832427
239 0.828000 0.832408
240 0.802000 0.832282
241 0.796000 0.832132
242 0.788000 0.831951
243 0.804000 0.831836
244 0.782000 0.831633
245 0.798000 0.831496
246 0.802000 0.831377
247 0.812000 0.831298
248 0.830000 0.831293
249 0.808000 0.831200
250 0.822000 0.831163
251 0.788000 0.830992
252 0.796000 0.830854
253 0.804000 0.830748
254 0.822000 0.830714
255 0.842000 0.830758
256 0.846000 0.830817
257 0.816000 0.830760
258 0.828000 0.830749
259 0.822000 0.830715
260 0.824000 0.830690
261 0.824000 0.830664
262 0.822000 0.830631
263 0.804000 0.830530
264 0.806000 0.830438
265 0.810000 0.830361
266 0.818000 0.830315
267 0.830000 0.830313
268 0.816000 0.830260
269 0.814000 0.830200
270 0.824000 0.830177
271 0.798000 0.830059
272 0.808000 0.829978
273 0.820000 0.829942
274 0.808000 0.829862
275 0.798000 0.829746
276 0.846000 0.829805
277 0.812000 0.829741
278 0.810000 0.829670
279 0.790000 0.829529
280 0.812000 0.829466
281 0.816000 0.829418
282 0.824000 0.829399
283 0.804000 0.829310
284 0.796000 0.829193
285 0.804000 0.829105
286 0.828000 0.829101
287 0.802000 0.829007
288 0.826000 0.828997
289 0.816000 0.828952
290 0.816000 0.828907
291 0.790000 0.828774
292 0.788000 0.828635
293 0.824000 0.828619
294 0.834000 0.828637
295 0.848000 0.828703
296 0.846000 0.828761
297 0.860000 0.828866
298 0.844000 0.828916
299 0.834000 0.828933
300 0.836000 0.828957
301 0.796000 0.828848
302 0.818000 0.828812
303 0.834000 0.828829
304 0.844000 0.828879
305 0.846000 0.828935
306 0.828000 0.828932
307 0.828000 0.828929
308 0.842000 0.828971
309 0.838000 0.829000
310 0.824000 0.828984
311 0.834000 0.829000
312 0.808000 0.828933
313 0.796000 0.828828
314 0.788000 0.828698
315 0.804000 0.828620
316 0.840000 0.828656
317 0.824000 0.828642
318 0.820000 0.828614
319 0.832000 0.828625
320 0.834000 0.828642
321 0.810000 0.828584
322 0.836000 0.828607
323 0.856000 0.828691
324 0.838000 0.828720
325 0.836000 0.828742
326 0.818000 0.828709
327 0.810000 0.828652
328 0.772000 0.828480
329 0.770000 0.828303
330 0.796000 0.828205
331 0.806000 0.828139
332 0.796000 0.828042
333 0.806000 0.827976
334 0.780000 0.827833
335 0.802000 0.827756
336 0.802000 0.827680
337 0.826000 0.827675
338 0.816000 0.827640
339 0.834000 0.827659
340 0.832000 0.827672
341 0.816000 0.827637
342 0.804000 0.827569
343 0.818000 0.827541
344 0.814000 0.827501
345 0.792000 0.827399
346 0.820000 0.827378
347 0.842000 0.827420
348 0.838000 0.827450
349 0.822000 0.827434
350 0.842000 0.827476
351 0.830000 0.827483
352 0.836000 0.827507
353 0.832000 0.827520
354 0.842000 0.827561
355 0.820000 0.827539
356 0.814000 0.827501
357 0.810000 0.827453
358 0.828000 0.827454
359 0.826000 0.827450
360 0.812000 0.827407
361 0.840000 0.827442
362 0.818000 0.827416
363 0.832000 0.827429
364 0.790000 0.827326
365 0.772000 0.827175
366 0.772000 0.827025
367 0.810000 0.826978
368 0.816000 0.826949
369 0.824000 0.826941
370 0.816000 0.826911
371 0.786000 0.826801
372 0.794000 0.826713
373 0.802000 0.826647
374 0.822000 0.826635
375 0.830000 0.826644
376 0.802000 0.826578
377 0.786000 0.826471
378 0.772000 0.826327
379 0.796000 0.826247
380 0.794000 0.826163
381 0.816000 0.826136
382 0.814000 0.826104
383 0.828000 0.826109
384 0.816000 0.826083
385 0.808000 0.826036
386 0.810000 0.825995
387 0.808000 0.825948
388 0.790000 0.825856
389 0.768000 0.825708
390 0.798000 0.825637
391 0.804000 0.825582
392 0.816000 0.825557
393 0.822000 0.825548
394 0.824000 0.825544
395 0.794000 0.825465
396 0.808000 0.825421
397 0.814000 0.825392
398 0.808000 0.825348
399 0.810000 0.825310
400 0.800000 0.825247
401 0.814000 0.825219
402 0.830000 0.825231
403 0.828000 0.825238
404 0.818000 0.825220
405 0.780000 0.825108
406 0.804000 0.825057
407 0.808000 0.825015
408 0.816000 0.824993
409 0.800000 0.824932
410 0.800000 0.824871
411 0.774000 0.824748
412 0.760000 0.824591
413 0.806000 0.824546
414 0.798000 0.824482
415 0.822000 0.824476
416 0.808000 0.824436
417 0.822000 0.824431
418 0.826000 0.824434
419 0.828000 0.824443
420 0.816000 0.824423
421 0.818000 0.824408
422 0.800000 0.824350
423 0.790000 0.824269
424 0.816000 0.824249
425 0.800000 0.824192
426 0.804000 0.824145
427 0.788000 0.824061
428 0.796000 0.823995
429 0.774000 0.823879
430 0.784000 0.823787
431 0.798000 0.823727
432 0.822000 0.823723
433 0.806000 0.823682
434 0.790000 0.823605
435 0.814000 0.823583
436 0.790000 0.823506
437 0.802000 0.823457
438 0.810000 0.823426
439 0.804000 0.823382
440 0.802000 0.823333
441 0.816000 0.823317
442 0.820000 0.823309
443 0.814000 0.823288
444 0.806000 0.823249
445 0.818000 0.823238
446 0.822000 0.823235
447 0.828000 0.823246
448 0.816000 0.823229
449 0.810000 0.823200
450 0.822000 0.823197
451 0.812000 0.823173
452 0.794000 0.823108
453 0.812000 0.823084
454 0.828000 0.823095
455 0.840000 0.823132
456 0.846000 0.823182
457 0.844000 0.823227
458 0.840000 0.823264
459 0.834000 0.823287
460 0.822000 0.823284
461 0.820000 0.823277
462 0.824000 0.823279
463 0.840000 0.823315
464 0.822000 0.823312
465 0.828000 0.823322
466 0.828000 0.823332
467 0.856000 0.823402
468 0.830000 0.823416
469 0.808000 0.823383
470 0.810000 0.823355
471 0.814000 0.823335
472 0.800000 0.823285
473 0.806000 0.823249
474 0.826000 0.823255
475 0.820000 0.823248
476 0.812000 0.823224
477 0.792000 0.823159
478 0.788000 0.823086
479 0.782000 0.823000
480 0.806000 0.822965
481 0.812000 0.822942
482 0.810000 0.822915
483 0.826000 0.822921
484 0.818000 0.822911
485 0.820000 0.822905
486 0.810000 0.822879
487 0.824000 0.822881
488 0.820000 0.822875
489 0.832000 0.822894
490 0.830000 0.822908
491 0.834000 0.822931
492 0.858000 0.823002
493 0.862000 0.823081
494 0.864000 0.823164
495 0.844000 0.823206
496 0.840000 0.823239
497 0.824000 0.823241
498 0.828000 0.823251
499 0.802000 0.823208
500 0.814000 0.823190
501 0.834000 0.823211
502 0.836000 0.823237
503 0.844000 0.823278
504 0.834000 0.823299
505 0.798000 0.823249
506 0.808000 0.823219
507 0.820000 0.823213
508 0.796000 0.823159
509 0.792000 0.823098
510 0.800000 0.823053
511 0.808000 0.823023
512 0.782000 0.822943
513 0.780000 0.822860
514 0.772000 0.822761
515 0.772000 0.822663
516 0.782000 0.822584
517 0.762000 0.822467
518 0.764000 0.822355
519 0.804000 0.822319
520 0.812000 0.822299
521 0.778000 0.822215
522 0.784000 0.822141
523 0.794000 0.822088
524 0.802000 0.822050
525 0.776000 0.821962
526 0.834000 0.821985
527 0.850000 0.822038
528 0.836000 0.822064
529 0.802000 0.822026
530 0.782000 0.821951
531 0.804000 0.821917
532 0.824000 0.821921
533 0.816000 0.821910
534 0.808000 0.821884
535 0.816000 0.821873
536 0.816000 0.821862
537 0.814000 0.821848
538 0.810000 0.821826
539 0.822000 0.821826
540 0.832000 0.821845
541 0.806000 0.821815
542 0.796000 0.821768
543 0.800000 0.821728
544 0.822000 0.821728
545 0.808000 0.821703
546 0.822000 0.821704
547 0.816000 0.821693
548 0.812000 0.821676
549 0.818000 0.821669
550 0.804000 0.821637
551 0.806000 0.821609
552 0.806000 0.821580
553 0.780000 0.821505
554 0.784000 0.821438
555 0.796000 0.821392
556 0.774000 0.821307
557 0.798000 0.821265
558 0.808000 0.821242
559 0.800000 0.821204
560 0.806000 0.821176
561 0.812000 0.821160
562 0.826000 0.821169
563 0.812000 0.821152
564 0.808000 0.821129
565 0.794000 0.821081
566 0.808000 0.821058
567 0.792000 0.821007
568 0.798000 0.820967
569 0.788000 0.820909
570 0.804000 0.820879
571 0.802000 0.820846
572 0.794000 0.820799
573 0.780000 0.820728
574 0.820000 0.820727
575 0.810000 0.820708
576 0.804000 0.820679
577 0.794000 0.820633
578 0.808000 0.820611
579 0.822000 0.820614
580 0.800000 0.820578
581 0.812000 0.820564
582 0.806000 0.820539
583 0.790000 0.820486
584 0.810000 0.820468
585 0.796000 0.820427
586 0.800000 0.820392
587 0.790000 0.820340
588 0.802000 0.820309
589 0.834000 0.820332
590 0.812000 0.820318
591 0.806000 0.820294
592 0.806000 0.820270
593 0.814000 0.820259
594 0.808000 0.820239
595 0.818000 0.820235
596 0.814000 0.820224
597 0.808000 0.820204
598 0.788000 0.820150
599 0.816000 0.820143
600 0.790000 0.820093
601 0.806000 0.820070
602 0.788000 0.820017
603 0.788000 0.819964
604 0.802000 0.819934
605 0.812000 0.819921
606 0.806000 0.819898
607 0.806000 0.819875
608 0.808000 0.819856
609 0.810000 0.819839
610 0.792000 0.819794
611 0.800000 0.819761
612 0.820000 0.819762
613 0.824000 0.819769
614 0.816000 0.819763
615 0.802000 0.819734
616 0.828000 0.819747
617 0.794000 0.819706
618 0.792000 0.819661
619 0.796000 0.819623
620 0.792000 0.819578
621 0.780000 0.819514
622 0.762000 0.819422
623 0.800000 0.819391
624 0.796000 0.819354
625 0.788000 0.819304
626 0.810000 0.819289
627 0.788000 0.819239
628 0.784000 0.819183
629 0.786000 0.819130
630 0.800000 0.819100
631 0.796000 0.819063
632 0.786000 0.819011
633 0.788000 0.818962
634 0.824000 0.818970
635 0.808000 0.818953
636 0.822000 0.818958
637 0.812000 0.818947
638 0.816000 0.818942
639 0.800000 0.818913
640 0.798000 0.818880
641 0.802000 0.818854
642 0.788000 0.818806
643 0.800000 0.818776
644 0.798000 0.818744
645 0.808000 0.818728
646 0.826000 0.818739
647 0.810000 0.818725
648 0.804000 0.818703
649 0.800000 0.818674
650 0.804000 0.818651
651 0.816000 0.818647
652 0.780000 0.818588
653 0.806000 0.818569
654 0.784000 0.818516
655 0.774000 0.818448
656 0.784000 0.818396
657 0.778000 0.818334
658 0.798000 0.818303
659 0.778000 0.818242
660 0.790000 0.818200
661 0.774000 0.818133
662 0.792000 0.818094
663 0.776000 0.818030
664 0.798000 0.818000
665 0.784000 0.817949
666 0.764000 0.817868
667 0.780000 0.817811
668 0.794000 0.817776
669 0.764000 0.817696
670 0.788000 0.817651
671 0.784000 0.817601
672 0.784000 0.817551
673 0.790000 0.817510
674 0.818000 0.817511
675 0.798000 0.817482
676 0.796000 0.817451
677 0.780000 0.817395
678 0.786000 0.817349
679 0.800000 0.817324
680 0.792000 0.817286
681 0.804000 0.817267
682 0.794000 0.817233
683 0.804000 0.817213
684 0.792000 0.817177
685 0.804000 0.817157
686 0.810000 0.817147
687 0.786000 0.817102
688 0.808000 0.817089
689 0.784000 0.817041
690 0.782000 0.816990
691 0.792000 0.816954
692 0.790000 0.816915
693 0.812000 0.816908
694 0.794000 0.816875
695 0.792000 0.816839
696 0.776000 0.816780
697 0.776000 0.816722
698 0.780000 0.816670
699 0.786000 0.816626
700 0.808000 0.816613
701 0.776000 0.816556
702 0.760000 0.816475
703 0.760000 0.816395
704 0.780000 0.816343
705 0.786000 0.816300
706 0.784000 0.816255
707 0.786000 0.816212
708 0.788000 0.816172
709 0.778000 0.816118
710 0.812000 0.816113
711 0.798000 0.816087
712 0.786000 0.816045
713 0.784000 0.816000
714 0.778000 0.815947
715 0.788000 0.815908
716 0.780000 0.815858
717 0.784000 0.815813
718 0.806000 0.815800
719 0.802000 0.815781
720 0.782000 0.815734
721 0.802000 0.815715
722 0.782000 0.815668
723 0.790000 0.815633
724 0.798000 0.815608
725 0.802000 0.815590
726 0.782000 0.815543
727 0.810000 0.815536
728 0.816000 0.815536
729 0.804000 0.815521
730 0.826000 0.815535
731 0.782000 0.815489
732 0.804000 0.815473
733 0.804000 0.815458
734 0.798000 0.815434
735 0.774000 0.815378
736 0.794000 0.815349
737 0.772000 0.815290
738 0.744000 0.815194
739 0.766000 0.815127
740 0.776000 0.815074
741 0.792000 0.815043
742 0.788000 0.815007
743 0.790000 0.814973
744 0.836000 0.815001
745 0.812000 0.814997
746 0.792000 0.814967
747 0.808000 0.814957
748 0.790000 0.814924
749 0.762000 0.814853
750 0.760000 0.814780
751 0.756000 0.814702
752 0.764000 0.814635
753 0.758000 0.814560
754 0.796000 0.814535
755 0.774000 0.814481
756 0.788000 0.814446
757 0.816000 0.814449
758 0.804000 0.814435
759 0.808000 0.814426
760 0.822000 0.814436
761 0.798000 0.814415
762 0.772000 0.814359
763 0.776000 0.814309
764 0.800000 0.814290
765 0.810000 0.814285
766 0.800000 0.814266
767 0.790000 0.814234
768 0.800000 0.814216
769 0.796000 0.814192
770 0.792000 0.814163
771 0.776000 0.814114
772 0.790000 0.814083
773 0.816000 0.814085
774 0.792000 0.814057
775 0.812000 0.814054
776 0.790000 0.814023
777 0.788000 0.813990
778 0.782000 0.813949
779 0.782000 0.813908
780 0.788000 0.813875
781 0.806000 0.813864
782 0.800000 0.813847
783 0.788000 0.813814
784 0.790000 0.813783
785 0.822000 0.813794
786 0.812000 0.813792
787 0.810000 0.813787
788 0.820000 0.813795
789 0.798000 0.813775
790 0.808000 0.813767
791 0.808000 0.813760
792 0.806000 0.813750
793 0.802000 0.813736
794 0.780000 0.813693
795 0.788000 0.813661
796 0.764000 0.813598
797 0.778000 0.813554
798 0.786000 0.813519
799 0.762000 0.813455
800 0.794000 0.813431
801 0.772000 0.813379
802 0.784000 0.813342
803 0.758000 0.813274
804 0.760000 0.813207
805 0.754000 0.813134
806 0.802000 0.813120
807 0.786000 0.813087
808 0.788000 0.813056
809 0.782000 0.813017
810 0.782000 0.812979
811 0.758000 0.812911
812 0.792000 0.812886
813 0.816000 0.812889
814 0.800000 0.812874
815 0.810000 0.812870
816 0.788000 0.812840
817 0.786000 0.812807
818 0.774000 0.812759
819 0.798000 0.812741
820 0.784000 0.812706
821 0.744000 0.812623
822 0.804000 0.812612
823 0.790000 0.812585
824 0.796000 0.812565
825 0.816000 0.812569
826 0.788000 0.812539
827 0.800000 0.812524
828 0.802000 0.812511
829 0.794000 0.812489
830 0.770000 0.812438
831 0.782000 0.812401
832 0.800000 0.812387
833 0.774000 0.812341
834 0.782000 0.812304
835 0.784000 0.812270
836 0.792000 0.812246
837 0.778000 0.812205
838 0.796000 0.812186
839 0.810000 0.812183
840 0.748000 0.812107
841 0.790000 0.812081
842 0.762000 0.812021
843 0.772000 0.811974
844 0.788000 0.811946
845 0.788000 0.811917
846 0.796000 0.811898
847 0.800000 0.811884
848 0.804000 0.811875
849 0.778000 0.811835
850 0.790000 0.811810
851 0.810000 0.811808
852 0.832000 0.811831
853 0.802000 0.811820
854 0.800000 0.811806
855 0.820000 0.811815
856 0.786000 0.811785
857 0.790000 0.811760
858 0.786000 0.811730
859 0.802000 0.811719
860 0.792000 0.811696
861 0.792000 0.811673
862 0.808000 0.811669
863 0.814000 0.811671
864 0.796000 0.811653
865 0.806000 0.811647
866 0.804000 0.811638
867 0.828000 0.811657
868 0.828000 0.811675
869 0.824000 0.811690
870 0.812000 0.811690
871 0.806000 0.811683
872 0.798000 0.811668
873 0.812000 0.811668
874 0.818000 0.811675
875 0.824000 0.811689
876 0.844000 0.811726
877 0.818000 0.811733
878 0.806000 0.811727
879 0.794000 0.811707
880 0.808000 0.811703
881 0.786000 0.811673
882 0.770000 0.811626
883 0.764000 0.811572
884 0.776000 0.811532
885 0.760000 0.811474
886 0.782000 0.811441
887 0.798000 0.811426
888 0.788000 0.811399
889 0.794000 0.811380
890 0.786000 0.811351
891 0.804000 0.811343
892 0.804000 0.811335
893 0.814000 0.811338
894 0.816000 0.811343
895 0.798000 0.811328
896 0.822000 0.811340
897 0.786000 0.811312
898 0.802000 0.811301
899 0.784000 0.811271
900 0.798000 0.811256
901 0.800000 0.811244
902 0.800000 0.811231
903 0.812000 0.811232
904 0.806000 0.811227
905 0.814000 0.811230
906 0.812000 0.811230
907 0.804000 0.811222
908 0.800000 0.811210
909 0.802000 0.811200
910 0.810000 0.811199
911 0.830000 0.811219
912 0.810000 0.811218
913 0.812000 0.811219
914 0.800000 0.811207
915 0.802000 0.811197
916 0.804000 0.811189
917 0.802000 0.811179
918 0.792000 0.811158
919 0.816000 0.811163
920 0.832000 0.811186
921 0.830000 0.811206
922 0.810000 0.811205
923 0.810000 0.811203
924 0.806000 0.811198
925 0.810000 0.811197
926 0.802000 0.811187
927 0.794000 0.811168
928 0.780000 0.811135
929 0.788000 0.811110
930 0.794000 0.811091
931 0.802000 0.811082
932 0.800000 0.811070
933 0.778000 0.811034
934 0.796000 0.811018
935 0.800000 0.811006
936 0.804000 0.810999
937 0.806000 0.810994
938 0.814000 0.810997
939 0.796000 0.810981
940 0.802000 0.810971
941 0.792000 0.810951
942 0.786000 0.810925
943 0.764000 0.810875
944 0.786000 0.810849
945 0.768000 0.810803
946 0.786000 0.810777
947 0.792000 0.810757
948 0.794000 0.810740
949 0.796000 0.810724
950 0.810000 0.810723
951 0.802000 0.810714
952 0.798000 0.810701
953 0.786000 0.810675
954 0.812000 0.810676
955 0.806000 0.810672
956 0.798000 0.810658
957 0.784000 0.810630
958 0.778000 0.810596
959 0.772000 0.810556
960 0.776000 0.810520
961 0.792000 0.810501
962 0.780000 0.810469
963 0.772000 0.810429
964 0.764000 0.810381
965 0.778000 0.810348
966 0.794000 0.810331
967 0.780000 0.810300
968 0.740000 0.810227
969 0.764000 0.810179
970 0.798000 0.810167
971 0.772000 0.810128
972 0.794000 0.810111
973 0.796000 0.810097
974 0.774000 0.810059
975 0.794000 0.810043
976 0.808000 0.810041
977 0.798000 0.810029
978 0.806000 0.810025
979 0.800000 0.810014
980 0.778000 0.809982
981 0.790000 0.809961
982 0.796000 0.809947
983 0.784000 0.809921
984 0.772000 0.809882
985 0.788000 0.809860
986 0.768000 0.809818
987 0.774000 0.809781
988 0.778000 0.809749
989 0.800000 0.809739
990 0.790000 0.809719
991 0.784000 0.809694
992 0.780000 0.809664
993 0.776000 0.809630
994 0.784000 0.809604
995 0.798000 0.809592
996 0.770000 0.809553
997 0.794000 0.809537
998 0.786000 0.809514
999 0.774000 0.809478
