0 1.000000 1.000000
1 0.996000 0.998000
2 0.984000 0.993333
3 0.982000 0.990500
4 0.974000 0.987200
5 0.980000 0.986000
6 0.988000 0.986286
7 0.986000 0.986250
8 0.980000 0.985556
9 0.974000 0.984400
10 0.978000 0.983818
11 0.968000 0.982500
12 0.982000 0.982462
13 0.966000 0.981286
14 0.966000 0.980267
15 0.956000 0.978750
16 0.968000 0.978118
17 0.956000 0.976889
18 0.954000 0.975684
19 0.962000 0.975000
20 0.966000 0.974571
21 0.954000 0.973636
22 0.964000 0.973217
23 0.970000 0.973083
24 0.974000 0.973120
25 0.964000 0.972769
26 0.968000 0.972593
27 0.980000 0.972857
28 0.978000 0.973034
29 0.970000 0.972933
30 0.966000 0.972710
31 0.974000 0.972750
32 0.980000 0.972970
33 0.974000 0.973000
34 0.986000 0.973371
35 0.974000 0.973389
36 0.982000 0.973622
37 0.972000 0.973579
38 0.980000 0.973744
39 0.976000 0.973800
40 0.954000 0.973317
41 0.960000 0.973000
42 0.970000 0.972930
43 0.964000 0.972727
44 0.972000 0.972711
45 0.970000 0.972652
46 0.978000 0.972766
47 0.968000 0.972667
48 0.966000 0.972531
49 0.972000 0.972520
50 0.978000 0.972627
51 0.984000 0.972846
52 0.970000 0.972792
53 0.964000 0.972630
54 0.970000 0.972582
55 0.966000 0.972464
56 0.970000 0.972421
57 0.966000 0.972310
58 0.958000 0.972068
59 0.980000 0.972200
60 0.972000 0.972197
61 0.968000 0.972129
62 0.962000 0.971968
63 0.966000 0.971875
64 0.972000 0.971877
65 0.978000 0.971970
66 0.970000 0.971940
67 0.962000 0.971794
68 0.970000 0.971768
69 0.968000 0.971714
70 0.974000 0.971746
71 0.980000 0.971861
72 0.970000 0.971836
73 0.962000 0.971703
74 0.980000 0.971813
75 0.970000 0.971789
76 0.970000 0.971766
77 0.980000 0.971872
78 0.978000 0.971949
79 0.960000 0.971800
80 0.964000 0.971704
81 0.960000 0.971561
82 0.950000 0.971301
83 0.954000 0.971095
84 0.946000 0.970800
85 0.950000 0.970558
86 0.958000 0.970414
87 0.960000 0.970295
88 0.952000 0.970090
89 0.960000 0.969978
90 0.968000 0.969956
91 0.954000 0.969783
92 0.950000 0.969570
93 0.962000 0.969489
94 0.972000 0.969516
95 0.964000 0.969458
96 0.964000 0.969402
97 0.962000 0.969327
98 0.962000 0.969253
99 0.964000 0.969200
100 0.956000 0.969069
101 0.958000 0.968961
102 0.962000 0.968893
103 0.958000 0.968788
104 0.968000 0.968781
105 0.964000 0.968736
106 0.964000 0.968692
107 0.972000 0.968722
108 0.986000 0.968881
109 0.984000 0.969018
110 0.982000 0.969135
111 0.976000 0.969196
112 0.980000 0.969292
113 0.990000 0.969474
114 0.968000 0.969461
115 0.972000 0.969483
116 0.976000 0.969538
117 0.984000 0.969661
118 0.988000 0.969815
119 0.976000 0.969867
120 0.974000 0.969901
121 0.968000 0.969885
122 0.974000 0.969919
123 0.974000 0.969952
124 0.974000 0.969984
125 0.976000 0.970032
126 0.970000 0.970031
127 0.968000 0.970016
128 0.972000 0.970031
129 0.974000 0.970062
130 0.956000 0.969954
131 0.974000 0.969985
132 0.974000 0.970015
133 0.970000 0.970015
134 0.976000 0.970059
135 0.960000 0.969985
136 0.972000 0.970000
137 0.976000 0.970043
138 0.984000 0.970144
139 0.984000 0.970243
140 0.978000 0.970298
141 0.982000 0.970380
142 0.982000 0.970462
143 0.976000 0.970500
144 0.982000 0.970579
145 0.980000 0.970644
146 0.978000 0.970694
147 0.988000 0.970811
148 0.980000 0.970872
149 0.984000 0.970960
150 0.974000 0.970980
151 0.974000 0.971000
152 0.976000 0.971033
153 0.972000 0.971039
154 0.970000 0.971032
155 0.978000 0.971077
156 0.954000 0.970968
157 0.956000 0.970873
158 0.966000 0.970843
159 0.974000 0.970862
160 0.972000 0.970870
161 0.960000 0.970802
162 0.956000 0.970712
163 0.962000 0.970659
164 0.972000 0.970667
165 0.974000 0.970687
166 0.982000 0.970754
167 0.982000 0.970821
168 0.988000 0.970923
169 0.980000 0.970976
170 0.970000 0.970971
171 0.980000 0.971023
172 0.976000 0.971052
173 0.976000 0.971080
174 0.970000 0.971074
175 0.970000 0.971068
176 0.974000 0.971085
177 0.976000 0.971112
178 0.966000 0.971084
179 0.980000 0.971133
180 0.990000 0.971238
181 0.982000 0.971297
182 0.982000 0.971355
183 0.970000 0.971348
184 0.978000 0.971384
185 0.984000 0.971452
186 0.970000 0.971444
187 0.964000 0.971404
188 0.954000 0.971312
189 0.976000 0.971337
190 0.970000 0.971330
191 0.978000 0.971365
192 0.974000 0.971378
193 0.978000 0.971412
194 0.966000 0.971385
195 0.970000 0.971378
196 0.976000 0.971401
197 0.970000 0.971394
198 0.964000 0.971357
199 0.966000 0.971330
200 0.968000 0.971313
201 0.966000 0.971287
202 0.964000 0.971251
203 0.972000 0.971255
204 0.976000 0.971278
205 0.970000 0.971272
206 0.972000 0.971275
207 0.978000 0.971308
208 0.978000 0.971340
209 0.984000 0.971400
210 0.972000 0.971403
211 0.966000 0.971377
212 0.980000 0.971418
213 0.972000 0.971421
214 0.968000 0.971405
215 0.976000 0.971426
216 0.976000 0.971447
217 0.982000 0.971495
218 0.974000 0.971507
219 0.976000 0.971527
220 0.970000 0.971520
221 0.968000 0.971505
222 0.964000 0.971471
223 0.962000 0.971429
224 0.976000 0.971449
225 0.970000 0.971442
226 0.974000 0.971454
227 0.974000 0.971465
228 0.962000 0.971424
229 0.970000 0.971417
230 0.972000 0.971420
231 0.972000 0.971422
232 0.976000 0.971442
233 0.974000 0.971453
234 0.966000 0.971430
235 0.974000 0.971441
236 0.978000 0.971468
237 0.972000 0.971471
238 0.970000 0.971464
239 0.968000 0.971450
240 0.964000 0.971419
241 0.978000 0.971446
242 0.972000 0.971449
243 0.980000 0.971484
244 0.968000 0.971469
245 0.962000 0.971431
246 0.964000 0.971401
247 0.974000 0.971411
248 0.968000 0.971398
249 0.968000 0.971384
250 0.970000 0.971378
251 0.962000 0.971341
252 0.974000 0.971352
253 0.972000 0.971354
254 0.972000 0.971357
255 0.966000 0.971336
256 0.966000 0.971315
257 0.950000 0.971233
258 0.974000 0.971243
259 0.974000 0.971254
260 0.974000 0.971264
261 0.976000 0.971282
262 0.976000 0.971300
263 0.968000 0.971288
264 0.976000 0.971306
265 0.976000 0.971323
266 0.982000 0.971363
267 0.986000 0.971418
268 0.978000 0.971442
269 0.978000 0.971467
270 0.974000 0.971476
271 0.974000 0.971485
272 0.980000 0.971516
273 0.978000 0.971540
274 0.972000 0.971542
275 0.970000 0.971536
276 0.972000 0.971538
277 0.968000 0.971525
278 0.972000 0.971527
279 0.966000 0.971507
280 0.982000 0.971544
281 0.970000 0.971539
282 0.968000 0.971527
283 0.962000 0.971493
284 0.960000 0.971453
285 0.960000 0.971413
286 0.978000 0.971436
287 0.960000 0.971396
288 0.960000 0.971356
289 0.978000 0.971379
290 0.966000 0.971361
291 0.972000 0.971363
292 0.974000 0.971372
293 0.970000 0.971367
294 0.968000 0.971356
295 0.966000 0.971338
296 0.960000 0.971300
297 0.976000 0.971315
298 0.970000 0.971311
299 0.968000 0.971300
300 0.962000 0.971269
301 0.970000 0.971265
302 0.954000 0.971208
303 0.966000 0.971191
304 0.972000 0.971193
305 0.972000 0.971196
306 0.962000 0.971166
307 0.970000 0.971162
308 0.976000 0.971178
309 0.980000 0.971206
310 0.980000 0.971235
311 0.966000 0.971218
312 0.974000 0.971227
313 0.978000 0.971248
314 0.974000 0.971257
315 0.972000 0.971259
316 0.974000 0.971268
317 0.958000 0.971226
318 0.968000 0.971216
319 0.960000 0.971181
320 0.970000 0.971178
321 0.970000 0.971174
322 0.970000 0.971170
323 0.974000 0.971179
324 0.974000 0.971188
325 0.966000 0.971172
326 0.970000 0.971168
327 0.968000 0.971159
328 0.964000 0.971137
329 0.962000 0.971109
330 0.968000 0.971100
331 0.974000 0.971108
332 0.970000 0.971105
333 0.976000 0.971120
334 0.972000 0.971122
335 0.976000 0.971137
336 0.966000 0.971122
337 0.966000 0.971107
338 0.972000 0.971109
339 0.974000 0.971118
340 0.970000 0.971114
341 0.962000 0.971088
342 0.972000 0.971090
343 0.968000 0.971081
344 0.966000 0.971067
345 0.962000 0.971040
346 0.962000 0.971014
347 0.976000 0.971029
348 0.970000 0.971026
349 0.968000 0.971017
350 0.968000 0.971009
351 0.982000 0.971040
352 0.980000 0.971065
353 0.974000 0.971073
354 0.982000 0.971104
355 0.970000 0.971101
356 0.970000 0.971098
357 0.966000 0.971084
358 0.966000 0.971070
359 0.970000 0.971067
360 0.964000 0.971047
361 0.968000 0.971039
362 0.964000 0.971019
363 0.980000 0.971044
364 0.984000 0.971079
365 0.976000 0.971093
366 0.964000 0.971074
367 0.970000 0.971071
368 0.978000 0.971089
369 0.978000 0.971108
370 0.972000 0.971111
371 0.974000 0.971118
372 0.972000 0.971121
373 0.972000 0.971123
374 0.988000 0.971168
375 0.984000 0.971202
376 0.976000 0.971215
377 0.978000 0.971233
378 0.974000 0.971240
379 0.986000 0.971279
380 0.974000 0.971286
381 0.974000 0.971293
382 0.964000 0.971274
383 0.970000 0.971271
384 0.970000 0.971268
385 0.978000 0.971285
386 0.976000 0.971297
387 0.968000 0.971289
388 0.966000 0.971275
389 0.958000 0.971241
390 0.970000 0.971238
391 0.970000 0.971235
392 0.974000 0.971242
393 0.978000 0.971259
394 0.978000 0.971276
395 0.962000 0.971253
396 0.966000 0.971239
397 0.966000 0.971226
398 0.954000 0.971183
399 0.964000 0.971165
400 0.982000 0.971192
401 0.972000 0.971194
402 0.980000 0.971216
403 0.970000 0.971213
404 0.980000 0.971235
405 0.964000 0.971217
406 0.974000 0.971224
407 0.964000 0.971206
408 0.964000 0.971188
409 0.966000 0.971176
410 0.970000 0.971173
411 0.954000 0.971131
412 0.942000 0.971061
413 0.956000 0.971024
414 0.970000 0.971022
415 0.968000 0.971014
416 0.970000 0.971012
417 0.980000 0.971033
418 0.976000 0.971045
419 0.974000 0.971052
420 0.982000 0.971078
421 0.978000 0.971095
422 0.972000 0.971097
423 0.964000 0.971080
424 0.984000 0.971111
425 0.966000 0.971099
426 0.970000 0.971096
427 0.962000 0.971075
428 0.968000 0.971068
429 0.972000 0.971070
430 0.970000 0.971067
431 0.980000 0.971088
432 0.978000 0.971104
433 0.986000 0.971138
434 0.980000 0.971159
435 0.976000 0.971170
436 0.970000 0.971167
437 0.968000 0.971160
438 0.966000 0.971148
439 0.964000 0.971132
440 0.960000 0.971107
441 0.978000 0.971122
442 0.984000 0.971151
443 0.964000 0.971135
444 0.964000 0.971119
445 0.958000 0.971090
446 0.978000 0.971105
447 0.968000 0.971098
448 0.974000 0.971105
449 0.964000 0.971089
450 0.980000 0.971109
451 0.982000 0.971133
452 0.968000 0.971126
453 0.978000 0.971141
454 0.982000 0.971165
455 0.980000 0.971184
456 0.992000 0.971230
457 0.976000 0.971240
458 0.980000 0.971259
459 0.978000 0.971274
460 0.974000 0.971280
461 0.970000 0.971277
462 0.976000 0.971287
463 0.976000 0.971297
464 0.972000 0.971299
465 0.970000 0.971296
466 0.974000 0.971302
467 0.984000 0.971329
468 0.972000 0.971330
469 0.960000 0.971306
470 0.966000 0.971295
471 0.970000 0.971292
472 0.966000 0.971281
473 0.966000 0.971270
474 0.962000 0.971251
475 0.968000 0.971244
476 0.972000 0.971245
477 0.960000 0.971222
478 0.970000 0.971219
479 0.968000 0.971212
480 0.976000 0.971222
481 0.972000 0.971224
482 0.980000 0.971242
483 0.976000 0.971252
484 0.966000 0.971241
485 0.970000 0.971239
486 0.956000 0.971207
487 0.972000 0.971209
488 0.964000 0.971194
489 0.966000 0.971184
490 0.982000 0.971206
491 0.986000 0.971236
492 0.988000 0.971270
493 0.988000 0.971304
494 0.992000 0.971345
495 0.978000 0.971359
496 0.974000 0.971364
497 0.980000 0.971382
498 0.974000 0.971387
499 0.968000 0.971380
500 0.968000 0.971373
501 0.972000 0.971375
502 0.972000 0.971376
503 0.974000 0.971381
504 0.984000 0.971406
505 0.968000 0.971399
506 0.964000 0.971385
507 0.970000 0.971382
508 0.966000 0.971371
509 0.970000 0.971369
510 0.982000 0.971389
511 0.980000 0.971406
512 0.968000 0.971400
513 0.974000 0.971405
514 0.968000 0.971398
515 0.972000 0.971399
516 0.970000 0.971397
517 0.974000 0.971402
518 0.972000 0.971403
519 0.980000 0.971419
520 0.978000 0.971432
521 0.980000 0.971448
522 0.970000 0.971446
523 0.964000 0.971431
524 0.978000 0.971444
525 0.966000 0.971433
526 0.978000 0.971446
527 0.984000 0.971470
528 0.988000 0.971501
529 0.976000 0.971509
530 0.974000 0.971514
531 0.970000 0.971511
532 0.976000 0.971520
533 0.974000 0.971524
534 0.972000 0.971525
535 0.978000 0.971537
536 0.964000 0.971523
537 0.972000 0.971524
538 0.966000 0.971514
539 0.976000 0.971522
540 0.968000 0.971516
541 0.964000 0.971502
542 0.974000 0.971506
543 0.970000 0.971504
544 0.964000 0.971490
545 0.966000 0.971480
546 0.982000 0.971499
547 0.980000 0.971515
548 0.978000 0.971526
549 0.976000 0.971535
550 0.968000 0.971528
551 0.962000 0.971511
552 0.970000 0.971508
553 0.960000 0.971487
554 0.966000 0.971477
555 0.974000 0.971482
556 0.960000 0.971461
557 0.980000 0.971477
558 0.972000 0.971478
559 0.966000 0.971468
560 0.972000 0.971469
561 0.974000 0.971473
562 0.976000 0.971481
563 0.972000 0.971482
564 0.966000 0.971473
565 0.970000 0.971470
566 0.974000 0.971474
567 0.956000 0.971447
568 0.962000 0.971431
569 0.970000 0.971428
570 0.972000 0.971429
571 0.962000 0.971413
572 0.960000 0.971393
573 0.964000 0.971380
574 0.962000 0.971363
575 0.960000 0.971344
576 0.962000 0.971328
577 0.974000 0.971332
578 0.966000 0.971323
579 0.974000 0.971328
580 0.964000 0.971315
581 0.980000 0.971330
582 0.968000 0.971324
583 0.964000 0.971312
584 0.978000 0.971323
585 0.978000 0.971334
586 0.974000 0.971339
587 0.972000 0.971340
588 0.966000 0.971331
589 0.972000 0.971332
590 0.968000 0.971327
591 0.982000 0.971345
592 0.974000 0.971349
593 0.970000 0.971347
594 0.976000 0.971355
595 0.970000 0.971352
596 0.972000 0.971353
597 0.978000 0.971365
598 0.976000 0.971372
599 0.982000 0.971390
600 0.968000 0.971384
601 0.966000 0.971375
602 0.968000 0.971370
603 0.966000 0.971361
604 0.976000 0.971369
605 0.966000 0.971360
606 0.964000 0.971348
607 0.980000 0.971362
608 0.974000 0.971366
609 0.976000 0.971374
610 0.968000 0.971368
611 0.964000 0.971356
612 0.978000 0.971367
613 0.976000 0.971375
614 0.966000 0.971366
615 0.964000 0.971354
616 0.974000 0.971358
617 0.960000 0.971340
618 0.960000 0.971321
619 0.964000 0.971310
620 0.962000 0.971295
621 0.964000 0.971283
622 0.966000 0.971274
623 0.970000 0.971272
624 0.966000 0.971264
625 0.958000 0.971243
626 0.968000 0.971238
627 0.978000 0.971248
628 0.978000 0.971259
629 0.970000 0.971257
630 0.978000 0.971268
631 0.964000 0.971256
632 0.964000 0.971245
633 0.960000 0.971227
634 0.972000 0.971228
635 0.966000 0.971220
636 0.980000 0.971234
637 0.964000 0.971223
638 0.958000 0.971202
639 0.956000 0.971178
640 0.968000 0.971173
641 0.964000 0.971162
642 0.960000 0.971145
643 0.960000 0.971127
644 0.970000 0.971126
645 0.976000 0.971133
646 0.986000 0.971156
647 0.976000 0.971164
648 0.974000 0.971168
649 0.974000 0.971172
650 0.976000 0.971180
651 0.970000 0.971178
652 0.970000 0.971176
653 0.976000 0.971183
654 0.974000 0.971188
655 0.972000 0.971189
656 0.968000 0.971184
657 0.964000 0.971173
658 0.968000 0.971168
659 0.974000 0.971173
660 0.976000 0.971180
661 0.982000 0.971196
662 0.978000 0.971207
663 0.970000 0.971205
664 0.968000 0.971200
665 0.956000 0.971177
666 0.964000 0.971166
667 0.970000 0.971165
668 0.966000 0.971157
669 0.978000 0.971167
670 0.972000 0.971168
671 0.966000 0.971161
672 0.964000 0.971150
673 0.966000 0.971142
674 0.976000 0.971150
675 0.976000 0.971157
676 0.968000 0.971152
677 0.964000 0.971142
678 0.968000 0.971137
679 0.970000 0.971135
680 0.966000 0.971128
681 0.978000 0.971138
682 0.974000 0.971142
683 0.974000 0.971146
684 0.972000 0.971147
685 0.974000 0.971152
686 0.986000 0.971173
687 0.972000 0.971174
688 0.978000 0.971184
689 0.966000 0.971177
690 0.968000 0.971172
691 0.968000 0.971168
692 0.950000 0.971137
693 0.970000 0.971135
694 0.970000 0.971134
695 0.970000 0.971132
696 0.960000 0.971116
697 0.960000 0.971100
698 0.962000 0.971087
699 0.958000 0.971069
700 0.966000 0.971061
701 0.962000 0.971048
702 0.964000 0.971038
703 0.964000 0.971028
704 0.972000 0.971030
705 0.976000 0.971037
706 0.968000 0.971033
707 0.966000 0.971025
708 0.966000 0.971018
709 0.956000 0.970997
710 0.970000 0.970996
711 0.968000 0.970992
712 0.966000 0.970985
713 0.966000 0.970978
714 0.964000 0.970968
715 0.966000 0.970961
716 0.980000 0.970974
717 0.976000 0.970981
718 0.976000 0.970987
719 0.972000 0.970989
720 0.962000 0.970976
721 0.974000 0.970981
722 0.974000 0.970985
723 0.964000 0.970975
724 0.970000 0.970974
725 0.968000 0.970970
726 0.966000 0.970963
727 0.974000 0.970967
728 0.970000 0.970966
729 0.974000 0.970970
730 0.982000 0.970985
731 0.974000 0.970989
732 0.980000 0.971001
733 0.954000 0.970978
734 0.966000 0.970971
735 0.960000 0.970957
736 0.982000 0.970972
737 0.966000 0.970965
738 0.968000 0.970961
739 0.970000 0.970959
740 0.968000 0.970955
741 0.968000 0.970951
742 0.968000 0.970948
743 0.962000 0.970935
744 0.978000 0.970945
745 0.974000 0.970949
746 0.962000 0.970937
747 0.978000 0.970947
748 0.974000 0.970951
749 0.970000 0.970949
750 0.964000 0.970940
751 0.976000 0.970947
752 0.974000 0.970951
753 0.974000 0.970955
754 0.976000 0.970962
755 0.964000 0.970952
756 0.962000 0.970941
757 0.978000 0.970950
758 0.972000 0.970951
759 0.976000 0.970958
760 0.984000 0.970975
761 0.978000 0.970984
762 0.964000 0.970975
763 0.976000 0.970982
764 0.980000 0.970993
765 0.968000 0.970990
766 0.972000 0.970991
767 0.962000 0.970979
768 0.962000 0.970967
769 0.974000 0.970971
770 0.962000 0.970960
771 0.954000 0.970938
772 0.960000 0.970924
773 0.964000 0.970915
774 0.972000 0.970916
775 0.962000 0.970905
776 0.958000 0.970888
777 0.962000 0.970877
778 0.968000 0.970873
779 0.968000 0.970869
780 0.982000 0.970883
781 0.994000 0.970913
782 0.988000 0.970935
783 0.968000 0.970931
784 0.976000 0.970938
785 0.978000 0.970947
786 0.988000 0.970968
787 0.976000 0.970975
788 0.980000 0.970986
789 0.970000 0.970985
790 0.966000 0.970979
791 0.954000 0.970957
792 0.964000 0.970948
793 0.956000 0.970929
794 0.970000 0.970928
795 0.978000 0.970937
796 0.974000 0.970941
797 0.962000 0.970930
798 0.978000 0.970939
799 0.970000 0.970938
800 0.972000 0.970939
801 0.956000 0.970920
802 0.960000 0.970907
803 0.956000 0.970888
804 0.960000 0.970875
805 0.966000 0.970868
806 0.974000 0.970872
807 0.972000 0.970874
808 0.954000 0.970853
809 0.958000 0.970837
810 0.980000 0.970848
811 0.974000 0.970852
812 0.980000 0.970863
813 0.982000 0.970877
814 0.974000 0.970881
815 0.980000 0.970892
816 0.976000 0.970898
817 0.972000 0.970900
818 0.976000 0.970906
819 0.964000 0.970898
820 0.974000 0.970901
821 0.966000 0.970895
822 0.970000 0.970894
823 0.978000 0.970903
824 0.976000 0.970909
825 0.976000 0.970915
826 0.956000 0.970897
827 0.970000 0.970896
828 0.970000 0.970895
829 0.964000 0.970887
830 0.974000 0.970890
831 0.970000 0.970889
832 0.976000 0.970896
833 0.974000 0.970899
834 0.974000 0.970903
835 0.976000 0.970909
836 0.972000 0.970910
837 0.968000 0.970907
838 0.956000 0.970889
839 0.972000 0.970890
840 0.956000 0.970873
841 0.968000 0.970869
842 0.972000 0.970871
843 0.972000 0.970872
844 0.978000 0.970880
845 0.976000 0.970887
846 0.980000 0.970897
847 0.978000 0.970906
848 0.956000 0.970888
849 0.950000 0.970864
850 0.970000 0.970863
851 0.970000 0.970862
852 0.970000 0.970860
853 0.978000 0.970869
854 0.974000 0.970873
855 0.974000 0.970876
856 0.974000 0.970880
857 0.972000 0.970881
858 0.964000 0.970873
859 0.974000 0.970877
860 0.986000 0.970894
861 0.962000 0.970884
862 0.972000 0.970885
863 0.960000 0.970873
864 0.972000 0.970874
865 0.970000 0.970873
866 0.968000 0.970870
867 0.990000 0.970892
868 0.988000 0.970911
869 0.980000 0.970922
870 0.986000 0.970939
871 0.984000 0.970954
872 0.974000 0.970958
873 0.982000 0.970970
874 0.978000 0.970978
875 0.982000 0.970991
876 0.988000 0.971010
877 0.976000 0.971016
878 0.974000 0.971019
879 0.984000 0.971034
880 0.980000 0.971044
881 0.976000 0.971050
882 0.962000 0.971040
883 0.960000 0.971027
884 0.966000 0.971021
885 0.950000 0.970998
886 0.964000 0.970990
887 0.972000 0.970991
888 0.966000 0.970985
889 0.968000 0.970982
890 0.964000 0.970974
891 0.956000 0.970957
892 0.964000 0.970950
893 0.976000 0.970955
894 0.976000 0.970961
895 0.976000 0.970967
896 0.980000 0.970977
897 0.966000 0.970971
898 0.972000 0.970972
899 0.960000 0.970960
900 0.960000 0.970948
901 0.972000 0.970949
902 0.962000 0.970939
903 0.974000 0.970942
904 0.966000 0.970937
905 0.972000 0.970938
906 0.968000 0.970935
907 0.972000 0.970936
908 0.982000 0.970948
909 0.974000 0.970952
910 0.970000 0.970951
911 0.978000 0.970958
912 0.972000 0.970959
913 0.982000 0.970972
914 0.954000 0.970953
915 0.964000 0.970945
916 0.982000 0.970957
917 0.984000 0.970972
918 0.974000 0.970975
919 0.978000 0.970983
920 0.982000 0.970995
921 0.978000 0.971002
922 0.978000 0.971010
923 0.984000 0.971024
924 0.970000 0.971023
925 0.978000 0.971030
926 0.978000 0.971038
927 0.974000 0.971041
928 0.970000 0.971040
929 0.978000 0.971047
930 0.980000 0.971057
931 0.984000 0.971071
932 0.974000 0.971074
933 0.968000 0.971071
934 0.976000 0.971076
935 0.976000 0.971081
936 0.970000 0.971080
937 0.976000 0.971085
938 0.980000 0.971095
939 0.962000 0.971085
940 0.970000 0.971084
941 0.972000 0.971085
942 0.966000 0.971080
943 0.964000 0.971072
944 0.982000 0.971084
945 0.968000 0.971080
946 0.974000 0.971083
947 0.962000 0.971074
948 0.958000 0.971060
949 0.966000 0.971055
950 0.972000 0.971056
951 0.970000 0.971055
952 0.968000 0.971051
953 0.968000 0.971048
954 0.974000 0.971051
955 0.982000 0.971063
956 0.972000 0.971064
957 0.970000 0.971063
958 0.966000 0.971057
959 0.972000 0.971058
960 0.960000 0.971047
961 0.962000 0.971037
962 0.968000 0.971034
963 0.964000 0.971027
964 0.964000 0.971020
965 0.974000 0.971023
966 0.978000 0.971030
967 0.974000 0.971033
968 0.968000 0.971030
969 0.966000 0.971025
970 0.978000 0.971032
971 0.968000 0.971029
972 0.968000 0.971026
973 0.968000 0.971023
974 0.962000 0.971013
975 0.962000 0.971004
976 0.960000 0.970993
977 0.964000 0.970986
978 0.970000 0.970985
979 0.970000 0.970984
980 0.968000 0.970981
981 0.970000 0.970980
982 0.962000 0.970970
983 0.970000 0.970970
984 0.970000 0.970969
985 0.974000 0.970972
986 0.968000 0.970969
987 0.970000 0.970968
988 0.964000 0.970961
989 0.970000 0.970960
990 0.966000 0.970955
991 0.970000 0.970954
992 0.962000 0.970945
993 0.972000 0.970946
994 0.970000 0.970945
995 0.970000 0.970944
996 0.958000 0.970931
997 0.966000 0.970926
998 0.974000 0.970929
999 0.978000 0.970936
