0 1.000000 1.000000
1 0.932000 0.966000
2 0.864000 0.932000
3 0.784000 0.895000
4 0.752000 0.866400
5 0.736000 0.844667
6 0.706000 0.824857
7 0.676000 0.806250
8 0.652000 0.789111
9 0.602000 0.770400
10 0.600000 0.754909
11 0.548000 0.737667
12 0.558000 0.723846
13 0.554000 0.711714
14 0.526000 0.699333
15 0.500000 0.686875
16 0.478000 0.674588
17 0.460000 0.662667
18 0.426000 0.650211
19 0.402000 0.637800
20 0.412000 0.627048
21 0.412000 0.617273
22 0.424000 0.608870
23 0.386000 0.599583
24 0.368000 0.590320
25 0.380000 0.582231
26 0.362000 0.574074
27 0.358000 0.566357
28 0.342000 0.558621
29 0.370000 0.552333
30 0.362000 0.546194
31 0.310000 0.538813
32 0.294000 0.531394
33 0.296000 0.524471
34 0.344000 0.519314
35 0.324000 0.513889
36 0.316000 0.508541
37 0.292000 0.502842
38 0.278000 0.497077
39 0.272000 0.491450
40 0.294000 0.486634
41 0.236000 0.480667
42 0.246000 0.475209
43 0.228000 0.469591
44 0.224000 0.464133
45 0.234000 0.459130
46 0.254000 0.454766
47 0.246000 0.450417
48 0.216000 0.445633
49 0.224000 0.441200
50 0.216000 0.436784
51 0.168000 0.431615
52 0.140000 0.426113
53 0.194000 0.421815
54 0.196000 0.417709
55 0.180000 0.413464
56 0.188000 0.409509
57 0.168000 0.405345
58 0.190000 0.401695
59 0.236000 0.398933
60 0.184000 0.395410
61 0.182000 0.391968
62 0.178000 0.388571
63 0.162000 0.385031
64 0.118000 0.380923
65 0.100000 0.376667
66 0.114000 0.372746
67 0.132000 0.369206
68 0.160000 0.366174
69 0.128000 0.362771
70 0.154000 0.359831
71 0.144000 0.356833
72 0.166000 0.354219
73 0.104000 0.350838
74 0.092000 0.347387
75 0.134000 0.344579
76 0.112000 0.341558
77 0.126000 0.338795
78 0.088000 0.335620
79 0.068000 0.332275
80 0.048000 0.328765
81 0.032000 0.325146
82 0.036000 0.321663
83 0.008000 0.317929
84 0.006000 0.314259
85 0.024000 0.310884
86 0.018000 0.307517
87 0.072000 0.304841
88 0.044000 0.301910
89 0.026000 0.298844
90 0.034000 0.295934
91 0.060000 0.293370
92 0.048000 0.290731
93 0.054000 0.288213
94 0.030000 0.285495
95 0.060000 0.283146
96 0.042000 0.280660
97 0.046000 0.278265
98 0.100000 0.276465
99 0.064000 0.274340
100 -0.002000 0.271604
101 -0.002000 0.268922
102 0.020000 0.266505
103 0.028000 0.264212
104 0.022000 0.261905
105 -0.004000 0.259396
106 -0.024000 0.256748
107 0.012000 0.254481
108 0.010000 0.252239
109 0.028000 0.250200
110 0.010000 0.248036
111 0.028000 0.246071
112 0.044000 0.244283
113 -0.010000 0.242053
114 -0.002000 0.239930
115 0.024000 0.238069
116 -0.006000 0.235983
117 -0.048000 0.233576
118 -0.002000 0.231597
119 -0.012000 0.229567
120 -0.014000 0.227554
121 -0.022000 0.225508
122 0.036000 0.223967
123 0.060000 0.222645
124 0.020000 0.221024
125 0.016000 0.219397
126 -0.024000 0.217480
127 0.018000 0.215922
128 0.002000 0.214264
129 0.048000 0.212985
130 0.002000 0.211374
131 -0.004000 0.209742
132 0.016000 0.208286
133 0.020000 0.206881
134 0.058000 0.205778
135 0.034000 0.204515
136 -0.006000 0.202978
137 0.026000 0.201696
138 -0.044000 0.199928
139 -0.034000 0.198257
140 -0.022000 0.196695
141 -0.012000 0.195225
142 0.052000 0.194224
143 0.016000 0.192986
144 -0.006000 0.191614
145 0.034000 0.190534
146 0.018000 0.189361
147 -0.008000 0.188027
148 0.024000 0.186926
149 0.018000 0.185800
150 0.004000 0.184596
151 0.048000 0.183697
152 0.022000 0.182641
153 -0.008000 0.181403
154 0.008000 0.180284
155 0.002000 0.179141
156 -0.034000 0.177783
157 -0.030000 0.176468
158 -0.054000 0.175019
159 -0.028000 0.173750
160 -0.008000 0.172621
161 -0.018000 0.171444
162 0.000000 0.170393
163 0.026000 0.169512
164 0.034000 0.168691
165 0.044000 0.167940
166 0.058000 0.167281
167 0.016000 0.166381
168 0.022000 0.165527
169 0.020000 0.164671
170 -0.006000 0.163673
171 -0.010000 0.162663
172 -0.054000 0.161410
173 -0.054000 0.160172
174 -0.030000 0.159086
175 -0.020000 0.158068
176 -0.014000 0.157096
177 -0.018000 0.156112
178 0.016000 0.155330
179 -0.006000 0.154433
180 0.002000 0.153591
181 0.018000 0.152846
182 -0.004000 0.151989
183 0.006000 0.151196
184 -0.014000 0.150303
185 -0.026000 0.149355
186 0.018000 0.148652
187 0.044000 0.148096
188 0.034000 0.147492
189 0.006000 0.146747
190 0.040000 0.146188
191 0.068000 0.145781
192 0.042000 0.145244
193 0.028000 0.144639
194 0.006000 0.143928
195 0.004000 0.143214
196 0.036000 0.142670
197 0.004000 0.141970
198 0.006000 0.141286
199 0.026000 0.140710
200 -0.054000 0.139741
201 -0.040000 0.138851
202 -0.006000 0.138138
203 0.012000 0.137520
204 -0.014000 0.136780
205 0.004000 0.136136
206 -0.008000 0.135440
207 -0.030000 0.134644
208 -0.026000 0.133876
209 -0.008000 0.133200
210 -0.004000 0.132550
211 -0.038000 0.131745
212 0.012000 0.131183
213 0.014000 0.130636
214 0.006000 0.130056
215 -0.006000 0.129426
216 0.014000 0.128894
217 -0.006000 0.128275
218 -0.066000 0.127388
219 -0.056000 0.126555
220 -0.016000 0.125910
221 0.000000 0.125342
222 0.034000 0.124933
223 0.014000 0.124438
224 -0.044000 0.123689
225 -0.020000 0.123053
226 -0.030000 0.122379
227 0.010000 0.121886
228 -0.010000 0.121310
229 -0.008000 0.120748
230 -0.056000 0.119983
231 -0.026000 0.119353
232 0.002000 0.118850
233 -0.046000 0.118145
234 -0.034000 0.117498
235 0.030000 0.117127
236 0.104000 0.117072
237 0.068000 0.116866
238 0.030000 0.116502
239 0.052000 0.116233
240 0.008000 0.115784
241 -0.020000 0.115223
242 0.036000 0.114897
243 0.004000 0.114443
244 -0.026000 0.113869
245 0.002000 0.113415
246 -0.036000 0.112810
247 -0.012000 0.112306
248 0.014000 0.111912
249 0.008000 0.111496
250 0.036000 0.111195
251 0.054000 0.110968
252 0.052000 0.110735
253 0.032000 0.110425
254 0.030000 0.110110
255 -0.004000 0.109664
256 -0.014000 0.109183
257 -0.024000 0.108667
258 -0.006000 0.108224
259 0.010000 0.107846
260 -0.010000 0.107395
261 0.012000 0.107031
262 -0.006000 0.106601
263 0.012000 0.106242
264 0.032000 0.105962
265 0.050000 0.105752
266 0.004000 0.105371
267 0.038000 0.105119
268 0.016000 0.104788
269 0.002000 0.104407
270 -0.004000 0.104007
271 0.024000 0.103713
272 0.022000 0.103414
273 -0.008000 0.103007
274 -0.012000 0.102589
275 0.002000 0.102225
276 -0.028000 0.101755
277 -0.048000 0.101216
278 -0.038000 0.100717
279 0.032000 0.100471
280 -0.006000 0.100093
281 -0.076000 0.099468
282 -0.074000 0.098855
283 -0.086000 0.098204
284 -0.054000 0.097670
285 -0.052000 0.097147
286 -0.070000 0.096564
287 -0.024000 0.096146
288 -0.060000 0.095606
289 -0.070000 0.095034
290 -0.068000 0.094474
291 -0.054000 0.093966
292 -0.048000 0.093481
293 -0.016000 0.093109
294 -0.004000 0.092780
295 -0.030000 0.092365
296 0.000000 0.092054
297 0.030000 0.091846
298 0.010000 0.091572
299 -0.030000 0.091167
300 -0.034000 0.090751
301 -0.052000 0.090278
302 -0.038000 0.089855
303 -0.042000 0.089421
304 -0.026000 0.089043
305 -0.048000 0.088595
306 -0.038000 0.088182
307 -0.054000 0.087721
308 -0.092000 0.087139
309 -0.038000 0.086735
310 -0.084000 0.086186
311 -0.074000 0.085673
312 -0.088000 0.085118
313 0.006000 0.084866
314 0.000000 0.084597
315 -0.008000 0.084304
316 -0.002000 0.084032
317 -0.040000 0.083642
318 -0.014000 0.083335
319 -0.002000 0.083069
320 0.014000 0.082854
321 0.030000 0.082689
322 0.008000 0.082458
323 -0.008000 0.082179
324 -0.048000 0.081778
325 -0.056000 0.081356
326 -0.040000 0.080985
327 -0.036000 0.080628
328 -0.074000 0.080158
329 -0.054000 0.079752
330 -0.064000 0.079317
331 -0.024000 0.079006
332 0.024000 0.078841
333 -0.036000 0.078497
334 0.000000 0.078263
335 -0.060000 0.077851
336 -0.026000 0.077543
337 -0.010000 0.077284
338 -0.046000 0.076920
339 -0.026000 0.076618
340 -0.004000 0.076381
341 -0.006000 0.076140
342 -0.020000 0.075860
343 0.006000 0.075657
344 -0.006000 0.075420
345 -0.030000 0.075116
346 -0.026000 0.074824
347 0.016000 0.074655
348 0.018000 0.074493
349 -0.004000 0.074269
350 -0.040000 0.073943
351 0.042000 0.073852
352 0.014000 0.073683
353 0.024000 0.073542
354 0.020000 0.073392
355 -0.008000 0.073163
356 0.018000 0.073008
357 0.008000 0.072827
358 0.026000 0.072696
359 0.024000 0.072561
360 0.012000 0.072393
361 0.070000 0.072387
362 0.022000 0.072248
363 0.050000 0.072187
364 0.046000 0.072115
365 0.078000 0.072131
366 0.072000 0.072131
367 0.042000 0.072049
368 0.020000 0.071908
369 0.004000 0.071724
370 -0.052000 0.071391
371 -0.022000 0.071140
372 0.014000 0.070987
373 -0.016000 0.070754
374 0.020000 0.070619
375 0.016000 0.070473
376 0.046000 0.070408
377 -0.002000 0.070217
378 0.006000 0.070047
379 0.022000 0.069921
380 0.048000 0.069864
381 0.052000 0.069817
382 -0.014000 0.069598
383 0.058000 0.069568
384 -0.010000 0.069361
385 -0.038000 0.069083
386 -0.046000 0.068786
387 0.010000 0.068634
388 0.024000 0.068519
389 0.028000 0.068415
390 0.008000 0.068261
391 0.012000 0.068117
392 0.008000 0.067964
393 0.002000 0.067797
394 0.024000 0.067686
395 0.008000 0.067535
396 0.006000 0.067380
397 0.022000 0.067266
398 0.034000 0.067183
399 0.028000 0.067085
400 0.030000 0.066993
401 0.062000 0.066980
402 0.070000 0.066988
403 0.040000 0.066921
404 -0.002000 0.066751
405 0.006000 0.066601
406 0.016000 0.066477
407 0.004000 0.066324
408 -0.014000 0.066127
409 -0.026000 0.065902
410 -0.020000 0.065693
411 -0.020000 0.065485
412 0.006000 0.065341
413 0.018000 0.065227
414 0.032000 0.065147
415 0.068000 0.065154
416 0.008000 0.065017
417 0.000000 0.064861
418 -0.020000 0.064659
419 0.018000 0.064548
420 -0.012000 0.064366
421 0.004000 0.064223
422 0.036000 0.064156
423 -0.024000 0.063948
424 -0.036000 0.063713
425 -0.010000 0.063540
426 -0.026000 0.063330
427 -0.036000 0.063098
428 -0.048000 0.062839
429 -0.056000 0.062563
430 -0.016000 0.062381
431 -0.052000 0.062116
432 -0.016000 0.061935
433 0.026000 0.061853
434 0.024000 0.061766
435 0.018000 0.061665
436 0.002000 0.061529
437 0.002000 0.061393
438 0.020000 0.061298
439 0.052000 0.061277
440 0.074000 0.061306
441 0.024000 0.061222
442 0.010000 0.061106
443 0.024000 0.061023
444 0.024000 0.060939
445 -0.026000 0.060744
446 0.008000 0.060626
447 0.032000 0.060562
448 0.032000 0.060499
449 0.020000 0.060409
450 0.054000 0.060395
451 0.080000 0.060438
452 0.054000 0.060424
453 0.030000 0.060357
454 0.030000 0.060290
455 0.028000 0.060219
456 -0.036000 0.060009
457 0.004000 0.059886
458 0.014000 0.059786
459 0.014000 0.059687
460 0.014000 0.059588
461 -0.054000 0.059342
462 -0.014000 0.059184
463 -0.024000 0.059004
464 -0.032000 0.058809
465 0.002000 0.058687
466 0.036000 0.058638
467 0.018000 0.058551
468 0.018000 0.058465
469 -0.016000 0.058306
470 -0.066000 0.058042
471 -0.006000 0.057907
472 -0.014000 0.057755
473 -0.016000 0.057599
474 0.006000 0.057491
475 -0.010000 0.057349
476 -0.002000 0.057224
477 0.020000 0.057146
478 0.004000 0.057035
479 -0.022000 0.056871
480 -0.026000 0.056699
481 -0.032000 0.056515
482 -0.008000 0.056381
483 0.004000 0.056273
484 -0.016000 0.056124
485 -0.022000 0.055963
486 -0.044000 0.055758
487 -0.032000 0.055578
488 -0.022000 0.055419
489 0.008000 0.055322
490 0.026000 0.055263
491 0.040000 0.055232
492 0.048000 0.055217
493 0.006000 0.055117
494 0.024000 0.055055
495 0.004000 0.054952
496 0.034000 0.054909
497 0.054000 0.054908
498 -0.028000 0.054741
499 -0.008000 0.054616
500 -0.016000 0.054475
501 -0.004000 0.054359
502 0.008000 0.054266
503 0.010000 0.054179
504 0.020000 0.054111
505 0.024000 0.054051
506 0.046000 0.054036
507 0.022000 0.053972
508 -0.010000 0.053847
509 -0.044000 0.053655
510 -0.056000 0.053440
511 -0.026000 0.053285
512 -0.024000 0.053135
513 0.026000 0.053082
514 0.004000 0.052986
515 -0.028000 0.052829
516 -0.048000 0.052634
517 -0.002000 0.052529
518 -0.028000 0.052374
519 -0.014000 0.052246
520 -0.014000 0.052119
521 -0.020000 0.051981
522 -0.006000 0.051870
523 -0.006000 0.051760
524 0.026000 0.051710
525 0.036000 0.051681
526 0.000000 0.051583
527 0.012000 0.051508
528 -0.004000 0.051403
529 0.020000 0.051343
530 0.008000 0.051262
531 0.006000 0.051177
532 0.014000 0.051107
533 -0.010000 0.050993
534 -0.016000 0.050867
535 -0.034000 0.050709
536 0.014000 0.050641
537 0.048000 0.050636
538 0.040000 0.050616
539 0.010000 0.050541
540 -0.038000 0.050377
541 -0.046000 0.050199
542 -0.012000 0.050085
543 0.014000 0.050018
544 0.010000 0.049945
545 0.006000 0.049864
546 -0.022000 0.049733
547 0.004000 0.049650
548 0.004000 0.049566
549 0.014000 0.049502
550 0.008000 0.049426
551 0.014000 0.049362
552 0.014000 0.049298
553 0.006000 0.049220
554 0.026000 0.049178
555 0.006000 0.049101
556 0.040000 0.049084
557 0.016000 0.049025
558 0.038000 0.049005
559 0.006000 0.048929
560 0.002000 0.048845
561 -0.010000 0.048740
562 0.020000 0.048689
563 0.030000 0.048656
564 0.052000 0.048662
565 0.016000 0.048604
566 0.016000 0.048547
567 -0.012000 0.048440
568 0.040000 0.048425
569 0.006000 0.048351
570 0.014000 0.048291
571 0.012000 0.048227
572 -0.014000 0.048119
573 0.010000 0.048052
574 0.024000 0.048010
575 0.024000 0.047969
576 0.048000 0.047969
577 0.032000 0.047941
578 0.070000 0.047979
579 0.070000 0.048017
580 0.036000 0.047997
581 -0.020000 0.047880
582 0.010000 0.047815
583 0.014000 0.047757
584 0.024000 0.047716
585 0.024000 0.047676
586 -0.008000 0.047581
587 0.012000 0.047520
588 0.024000 0.047480
589 0.050000 0.047485
590 0.026000 0.047448
591 0.062000 0.047473
592 0.052000 0.047481
593 0.038000 0.047465
594 0.024000 0.047425
595 -0.018000 0.047315
596 -0.022000 0.047199
597 0.006000 0.047130
598 0.000000 0.047052
599 -0.016000 0.046947
600 0.000000 0.046869
601 -0.006000 0.046781
602 0.016000 0.046730
603 -0.018000 0.046623
604 -0.048000 0.046466
605 -0.032000 0.046337
606 -0.020000 0.046227
607 0.000000 0.046151
608 -0.048000 0.045997
609 -0.030000 0.045872
610 0.042000 0.045866
611 0.028000 0.045837
612 0.052000 0.045847
613 0.006000 0.045782
614 0.018000 0.045737
615 -0.010000 0.045646
616 0.034000 0.045627
617 -0.004000 0.045547
618 -0.018000 0.045444
619 -0.050000 0.045290
620 -0.012000 0.045198
621 -0.002000 0.045122
622 -0.008000 0.045037
623 -0.026000 0.044923
624 -0.004000 0.044845
625 0.016000 0.044799
626 0.020000 0.044759
627 0.024000 0.044726
628 -0.006000 0.044645
629 0.010000 0.044590
630 0.016000 0.044545
631 0.034000 0.044528
632 0.036000 0.044515
633 0.056000 0.044533
634 0.058000 0.044554
635 0.026000 0.044525
636 0.044000 0.044524
637 -0.012000 0.044436
638 0.010000 0.044382
639 0.034000 0.044366
640 0.036000 0.044353
641 0.066000 0.044386
642 0.018000 0.044345
643 0.040000 0.044339
644 0.058000 0.044360
645 0.044000 0.044359
646 0.016000 0.044315
647 0.018000 0.044275
648 0.024000 0.044243
649 0.008000 0.044188
650 0.024000 0.044157
651 0.038000 0.044147
652 0.058000 0.044168
653 0.062000 0.044196
654 0.032000 0.044177
655 0.018000 0.044137
656 0.026000 0.044110
657 0.050000 0.044119
658 -0.016000 0.044027
659 -0.008000 0.043948
660 0.058000 0.043970
661 0.074000 0.044015
662 0.004000 0.043955
663 -0.006000 0.043880
664 0.016000 0.043838
665 0.052000 0.043850
666 0.040000 0.043844
667 0.030000 0.043823
668 0.058000 0.043845
669 0.070000 0.043884
670 0.060000 0.043908
671 0.032000 0.043890
672 -0.018000 0.043798
673 -0.016000 0.043709
674 -0.006000 0.043636
675 0.012000 0.043589
676 0.010000 0.043539
677 0.018000 0.043501
678 0.014000 0.043458
679 0.016000 0.043418
680 0.046000 0.043421
681 0.050000 0.043431
682 -0.002000 0.043365
683 -0.026000 0.043263
684 0.010000 0.043215
685 0.042000 0.043213
686 0.046000 0.043217
687 0.092000 0.043288
688 0.050000 0.043298
689 0.020000 0.043264
690 0.048000 0.043271
691 0.046000 0.043275
692 0.014000 0.043232
693 0.046000 0.043236
694 0.040000 0.043232
695 0.056000 0.043250
696 0.044000 0.043251
697 -0.002000 0.043186
698 0.036000 0.043176
699 0.018000 0.043140
700 -0.002000 0.043076
701 -0.022000 0.042983
702 0.002000 0.042925
703 -0.034000 0.042815
704 -0.032000 0.042709
705 -0.062000 0.042561
706 -0.016000 0.042478
707 0.038000 0.042472
708 0.048000 0.042480
709 0.004000 0.042425
710 0.028000 0.042405
711 -0.044000 0.042284
712 -0.014000 0.042205
713 -0.010000 0.042132
714 -0.026000 0.042036
715 -0.012000 0.041961
716 0.000000 0.041902
717 0.002000 0.041847
718 0.010000 0.041803
719 -0.028000 0.041706
720 0.008000 0.041659
721 0.018000 0.041626
722 -0.004000 0.041563
723 0.004000 0.041511
724 -0.030000 0.041412
725 0.000000 0.041355
726 0.030000 0.041340
727 0.002000 0.041286
728 -0.040000 0.041174
729 -0.026000 0.041082
730 0.014000 0.041045
731 -0.028000 0.040951
732 -0.034000 0.040849
733 -0.046000 0.040730
734 0.008000 0.040686
735 0.010000 0.040644
736 0.062000 0.040673
737 0.028000 0.040656
738 0.022000 0.040631
739 0.048000 0.040641
740 0.024000 0.040618
741 0.030000 0.040604
742 0.032000 0.040592
743 -0.016000 0.040516
744 -0.022000 0.040432
745 0.000000 0.040378
746 0.044000 0.040383
747 0.036000 0.040377
748 0.014000 0.040342
749 -0.010000 0.040275
750 0.008000 0.040232
751 0.020000 0.040205
752 0.056000 0.040226
753 0.046000 0.040233
754 0.006000 0.040188
755 0.010000 0.040148
756 -0.004000 0.040090
757 0.020000 0.040063
758 0.008000 0.040021
759 0.012000 0.039984
760 0.042000 0.039987
761 0.034000 0.039979
762 0.040000 0.039979
763 0.020000 0.039953
764 -0.020000 0.039875
765 0.002000 0.039825
766 0.006000 0.039781
767 0.020000 0.039755
768 -0.048000 0.039641
769 -0.038000 0.039540
770 -0.044000 0.039432
771 -0.042000 0.039326
772 0.008000 0.039286
773 0.016000 0.039256
774 0.056000 0.039277
775 -0.004000 0.039222
776 0.004000 0.039176
777 0.032000 0.039167
778 0.068000 0.039204
779 0.030000 0.039192
780 -0.036000 0.039096
781 -0.022000 0.039018
782 -0.030000 0.038930
783 -0.022000 0.038852
784 -0.038000 0.038754
785 -0.002000 0.038702
786 -0.014000 0.038635
787 -0.004000 0.038581
788 -0.012000 0.038517
789 -0.008000 0.038458
790 0.016000 0.038430
791 0.034000 0.038424
792 -0.012000 0.038361
793 -0.022000 0.038285
794 -0.018000 0.038214
795 -0.002000 0.038163
796 0.018000 0.038138
797 -0.016000 0.038070
798 -0.012000 0.038008
799 -0.020000 0.037935
800 -0.008000 0.037878
801 -0.026000 0.037798
802 -0.040000 0.037701
803 0.002000 0.037657
804 0.024000 0.037640
805 0.000000 0.037593
806 0.030000 0.037584
807 0.022000 0.037564
808 0.008000 0.037528
809 0.022000 0.037509
810 0.010000 0.037475
811 -0.020000 0.037404
812 -0.040000 0.037309
813 -0.014000 0.037246
814 -0.028000 0.037166
815 0.002000 0.037123
816 0.026000 0.037109
817 0.020000 0.037088
818 0.014000 0.037060
819 0.018000 0.037037
820 0.012000 0.037006
821 -0.028000 0.036927
822 -0.010000 0.036870
823 -0.036000 0.036782
824 -0.090000 0.036628
825 -0.060000 0.036511
826 -0.014000 0.036450
827 -0.040000 0.036357
828 -0.066000 0.036234
829 -0.026000 0.036159
830 -0.004000 0.036111
831 -0.010000 0.036055
832 0.022000 0.036038
833 -0.030000 0.035959
834 -0.002000 0.035914
835 -0.024000 0.035842
836 0.008000 0.035809
837 0.016000 0.035785
838 0.040000 0.035790
839 0.020000 0.035771
840 0.050000 0.035788
841 0.016000 0.035765
842 0.028000 0.035756
843 0.016000 0.035732
844 -0.026000 0.035659
845 -0.020000 0.035593
846 0.020000 0.035575
847 -0.006000 0.035526
848 0.020000 0.035508
849 -0.006000 0.035459
850 -0.012000 0.035403
851 0.026000 0.035392
852 0.020000 0.035374
853 0.024000 0.035361
854 -0.024000 0.035291
855 0.016000 0.035269
856 -0.014000 0.035211
857 -0.036000 0.035128
858 -0.022000 0.035062
859 -0.022000 0.034995
860 -0.040000 0.034908
861 -0.008000 0.034858
862 0.006000 0.034825
863 0.002000 0.034787
864 0.030000 0.034782
865 -0.038000 0.034697
866 0.004000 0.034662
867 -0.046000 0.034569
868 -0.028000 0.034497
869 -0.044000 0.034407
870 -0.044000 0.034317
871 -0.018000 0.034257
872 -0.052000 0.034158
873 -0.082000 0.034025
874 -0.052000 0.033927
875 -0.056000 0.033824
876 -0.070000 0.033706
877 -0.028000 0.033636
878 -0.014000 0.033581
879 -0.024000 0.033516
880 -0.044000 0.033428
881 -0.030000 0.033356
882 0.000000 0.033318
883 0.034000 0.033319
884 -0.002000 0.033279
885 -0.002000 0.033239
886 0.038000 0.033245
887 0.008000 0.033216
888 0.036000 0.033219
889 0.024000 0.033209
890 0.010000 0.033183
891 0.048000 0.033200
892 0.052000 0.033221
893 0.062000 0.033253
894 0.036000 0.033256
895 0.032000 0.033254
896 0.004000 0.033222
897 -0.008000 0.033176
898 0.002000 0.033141
899 0.004000 0.033109
900 -0.002000 0.033070
901 -0.030000 0.033000
902 -0.058000 0.032899
903 -0.056000 0.032801
904 -0.050000 0.032709
905 -0.008000 0.032664
906 -0.054000 0.032569
907 -0.050000 0.032478
908 -0.046000 0.032392
909 -0.036000 0.032316
910 -0.022000 0.032257
911 -0.050000 0.032167
912 -0.030000 0.032099
913 -0.018000 0.032044
914 -0.008000 0.032000
915 -0.002000 0.031963
916 -0.032000 0.031893
917 -0.012000 0.031845
918 -0.018000 0.031791
919 -0.018000 0.031737
920 0.008000 0.031711
921 0.008000 0.031685
922 0.052000 0.031707
923 0.028000 0.031703
924 0.036000 0.031708
925 0.040000 0.031717
926 0.046000 0.031732
927 0.032000 0.031733
928 0.022000 0.031722
929 -0.006000 0.031682
930 -0.006000 0.031641
931 0.022000 0.031631
932 -0.008000 0.031588
933 0.026000 0.031582
934 0.014000 0.031564
935 0.034000 0.031566
936 -0.028000 0.031503
937 0.008000 0.031478
938 -0.024000 0.031419
939 -0.006000 0.031379
940 -0.010000 0.031335
941 -0.006000 0.031295
942 0.008000 0.031270
943 -0.030000 0.031206
944 -0.002000 0.031170
945 0.020000 0.031159
946 -0.006000 0.031119
947 -0.032000 0.031053
948 -0.018000 0.031001
949 0.020000 0.030989
950 0.046000 0.031005
951 0.004000 0.030977
952 0.002000 0.030946
953 0.042000 0.030958
954 0.024000 0.030951
955 0.022000 0.030941
956 0.028000 0.030938
957 -0.008000 0.030898
958 0.004000 0.030870
959 0.010000 0.030848
960 0.008000 0.030824
961 0.044000 0.030838
962 0.032000 0.030839
963 0.020000 0.030828
964 0.058000 0.030856
965 0.104000 0.030932
966 0.060000 0.030962
967 0.028000 0.030959
968 -0.002000 0.030925
969 -0.048000 0.030843
970 0.016000 0.030828
971 0.026000 0.030823
972 0.030000 0.030822
973 0.040000 0.030832
974 0.062000 0.030864
975 0.032000 0.030865
976 0.030000 0.030864
977 0.028000 0.030861
978 0.006000 0.030836
979 -0.038000 0.030765
980 -0.026000 0.030707
981 -0.020000 0.030656
982 0.022000 0.030647
983 -0.018000 0.030598
984 -0.010000 0.030556
985 0.030000 0.030556
986 -0.022000 0.030503
987 0.000000 0.030472
988 0.012000 0.030453
989 0.020000 0.030442
990 0.032000 0.030444
991 -0.018000 0.030395
992 -0.010000 0.030354
993 -0.018000 0.030306
994 -0.030000 0.030245
995 -0.020000 0.030195
996 0.020000 0.030185
997 0.018000 0.030172
998 0.050000 0.030192
999 0.030000 0.030192
