0 1.000000 1.000000
1 0.958000 0.979000
2 0.904000 0.954000
3 0.846000 0.927000
4 0.790000 0.899600
5 0.798000 0.882667
6 0.794000 0.870000
7 0.784000 0.859250
8 0.772000 0.849556
9 0.756000 0.840200
10 0.798000 0.836364
11 0.748000 0.829000
12 0.740000 0.822154
13 0.754000 0.817286
14 0.756000 0.813200
15 0.722000 0.807500
16 0.700000 0.801176
17 0.708000 0.796000
18 0.678000 0.789789
19 0.652000 0.782900
20 0.656000 0.776857
21 0.692000 0.773000
22 0.708000 0.770174
23 0.666000 0.765833
24 0.640000 0.760800
25 0.664000 0.757077
26 0.644000 0.752889
27 0.624000 0.748286
28 0.616000 0.743724
29 0.628000 0.739867
30 0.616000 0.735871
31 0.586000 0.731187
32 0.580000 0.726606
33 0.582000 0.722353
34 0.592000 0.718629
35 0.560000 0.714222
36 0.558000 0.710000
37 0.564000 0.706158
38 0.554000 0.702256
39 0.572000 0.699000
40 0.580000 0.696098
41 0.548000 0.692571
42 0.540000 0.689023
43 0.544000 0.685727
44 0.530000 0.682267
45 0.550000 0.679391
46 0.556000 0.676766
47 0.546000 0.674042
48 0.526000 0.671020
49 0.552000 0.668640
50 0.496000 0.665255
51 0.532000 0.662692
52 0.512000 0.659849
53 0.464000 0.656222
54 0.472000 0.652873
55 0.478000 0.649750
56 0.496000 0.647053
57 0.464000 0.643897
58 0.442000 0.640475
59 0.456000 0.637400
60 0.444000 0.634230
61 0.464000 0.631484
62 0.458000 0.628730
63 0.470000 0.626250
64 0.458000 0.623662
65 0.452000 0.621061
66 0.462000 0.618687
67 0.464000 0.616412
68 0.440000 0.613855
69 0.446000 0.611457
70 0.444000 0.609099
71 0.442000 0.606778
72 0.466000 0.604849
73 0.468000 0.603000
74 0.458000 0.601067
75 0.460000 0.599211
76 0.452000 0.597299
77 0.428000 0.595128
78 0.450000 0.593291
79 0.436000 0.591325
80 0.434000 0.589383
81 0.406000 0.587146
82 0.386000 0.584723
83 0.384000 0.582333
84 0.372000 0.579859
85 0.402000 0.577791
86 0.404000 0.575793
87 0.410000 0.573909
88 0.416000 0.572135
89 0.414000 0.570378
90 0.382000 0.568308
91 0.462000 0.567152
92 0.426000 0.565634
93 0.452000 0.564426
94 0.446000 0.563179
95 0.404000 0.561521
96 0.406000 0.559918
97 0.410000 0.558388
98 0.384000 0.556626
99 0.368000 0.554740
100 0.316000 0.552376
101 0.324000 0.550137
102 0.318000 0.547883
103 0.320000 0.545692
104 0.320000 0.543543
105 0.334000 0.541566
106 0.322000 0.539514
107 0.340000 0.537667
108 0.320000 0.535670
109 0.340000 0.533891
110 0.364000 0.532360
111 0.332000 0.530571
112 0.304000 0.528566
113 0.316000 0.526702
114 0.354000 0.525200
115 0.310000 0.523345
116 0.282000 0.521282
117 0.258000 0.519051
118 0.272000 0.516975
119 0.308000 0.515233
120 0.294000 0.513405
121 0.288000 0.511557
122 0.306000 0.509886
123 0.280000 0.508032
124 0.282000 0.506224
125 0.288000 0.504492
126 0.280000 0.502724
127 0.294000 0.501094
128 0.324000 0.499721
129 0.346000 0.498538
130 0.342000 0.497344
131 0.314000 0.495955
132 0.286000 0.494376
133 0.296000 0.492896
134 0.300000 0.491467
135 0.308000 0.490118
136 0.284000 0.488613
137 0.318000 0.487377
138 0.332000 0.486259
139 0.330000 0.485143
140 0.274000 0.483645
141 0.310000 0.482423
142 0.304000 0.481175
143 0.322000 0.480069
144 0.310000 0.478897
145 0.302000 0.477685
146 0.274000 0.476299
147 0.298000 0.475095
148 0.272000 0.473732
149 0.272000 0.472387
150 0.234000 0.470808
151 0.252000 0.469368
152 0.248000 0.467922
153 0.210000 0.466247
154 0.224000 0.464684
155 0.218000 0.463103
156 0.210000 0.461490
157 0.192000 0.459785
158 0.208000 0.458201
159 0.250000 0.456900
160 0.254000 0.455640
161 0.256000 0.454407
162 0.258000 0.453202
163 0.270000 0.452085
164 0.240000 0.450800
165 0.218000 0.449398
166 0.244000 0.448168
167 0.234000 0.446893
168 0.270000 0.445846
169 0.234000 0.444600
170 0.258000 0.443509
171 0.254000 0.442407
172 0.216000 0.441098
173 0.194000 0.439678
174 0.190000 0.438251
175 0.200000 0.436898
176 0.174000 0.435412
177 0.202000 0.434101
178 0.188000 0.432726
179 0.188000 0.431367
180 0.198000 0.430077
181 0.188000 0.428747
182 0.196000 0.427475
183 0.196000 0.426217
184 0.192000 0.424951
185 0.188000 0.423677
186 0.194000 0.422449
187 0.190000 0.421213
188 0.208000 0.420085
189 0.212000 0.418989
190 0.210000 0.417895
191 0.182000 0.416667
192 0.186000 0.415472
193 0.176000 0.414237
194 0.170000 0.412985
195 0.190000 0.411847
196 0.196000 0.410751
197 0.188000 0.409626
198 0.184000 0.408492
199 0.204000 0.407470
200 0.184000 0.406358
201 0.172000 0.405198
202 0.168000 0.404030
203 0.194000 0.403000
204 0.192000 0.401971
205 0.194000 0.400961
206 0.162000 0.399807
207 0.170000 0.398702
208 0.166000 0.397589
209 0.160000 0.396457
210 0.138000 0.395232
211 0.208000 0.394349
212 0.152000 0.393211
213 0.168000 0.392159
214 0.180000 0.391172
215 0.174000 0.390167
216 0.192000 0.389253
217 0.178000 0.388284
218 0.170000 0.387288
219 0.170000 0.386300
220 0.158000 0.385267
221 0.150000 0.384207
222 0.156000 0.383184
223 0.164000 0.382205
224 0.150000 0.381173
225 0.158000 0.380186
226 0.156000 0.379198
227 0.164000 0.378254
228 0.134000 0.377188
229 0.122000 0.376078
230 0.150000 0.375100
231 0.158000 0.374164
232 0.148000 0.373193
233 0.174000 0.372342
234 0.140000 0.371353
235 0.158000 0.370449
236 0.164000 0.369578
237 0.136000 0.368597
238 0.142000 0.367649
239 0.158000 0.366775
240 0.156000 0.365900
241 0.178000 0.365124
242 0.150000 0.364239
243 0.160000 0.363402
244 0.144000 0.362506
245 0.166000 0.361707
246 0.154000 0.360866
247 0.124000 0.359911
248 0.086000 0.358811
249 0.126000 0.357880
250 0.116000 0.356916
251 0.118000 0.355968
252 0.136000 0.355099
253 0.144000 0.354268
254 0.176000 0.353569
255 0.160000 0.352812
256 0.190000 0.352179
257 0.160000 0.351434
258 0.136000 0.350602
259 0.148000 0.349823
260 0.136000 0.349004
261 0.146000 0.348229
262 0.152000 0.347483
263 0.106000 0.346568
264 0.142000 0.345796
265 0.130000 0.344985
266 0.120000 0.344142
267 0.096000 0.343216
268 0.156000 0.342520
269 0.162000 0.341852
270 0.106000 0.340982
271 0.092000 0.340066
272 0.102000 0.339194
273 0.110000 0.338358
274 0.074000 0.337396
275 0.078000 0.336457
276 0.064000 0.335473
277 0.098000 0.334619
278 0.094000 0.333756
279 0.088000 0.332879
280 0.080000 0.331979
281 0.098000 0.331149
282 0.114000 0.330382
283 0.096000 0.329556
284 0.088000 0.328709
285 0.078000 0.327832
286 0.040000 0.326829
287 0.040000 0.325833
288 0.072000 0.324955
289 0.056000 0.324028
290 0.076000 0.323175
291 0.094000 0.322390
292 0.096000 0.321618
293 0.076000 0.320782
294 0.064000 0.319912
295 0.096000 0.319155
296 0.096000 0.318404
297 0.146000 0.317826
298 0.118000 0.317157
299 0.144000 0.316580
300 0.144000 0.316007
301 0.112000 0.315331
302 0.110000 0.314653
303 0.120000 0.314013
304 0.130000 0.313410
305 0.106000 0.312732
306 0.060000 0.311909
307 0.086000 0.311175
308 0.070000 0.310395
309 0.068000 0.309613
310 0.090000 0.308907
311 0.052000 0.308083
312 0.036000 0.307214
313 0.092000 0.306529
314 0.066000 0.305765
315 0.058000 0.304981
316 0.070000 0.304240
317 0.054000 0.303453
318 0.084000 0.302765
319 0.036000 0.301931
320 0.044000 0.301128
321 0.050000 0.300348
322 0.036000 0.299529
323 0.026000 0.298685
324 0.032000 0.297865
325 0.074000 0.297178
326 0.084000 0.296526
327 0.110000 0.295957
328 0.128000 0.295447
329 0.108000 0.294879
330 0.124000 0.294363
331 0.120000 0.293837
332 0.104000 0.293267
333 0.080000 0.292629
334 0.096000 0.292042
335 0.088000 0.291435
336 0.104000 0.290878
337 0.114000 0.290355
338 0.104000 0.289805
339 0.134000 0.289347
340 0.150000 0.288938
341 0.128000 0.288468
342 0.116000 0.287965
343 0.110000 0.287448
344 0.104000 0.286916
345 0.096000 0.286364
346 0.096000 0.285816
347 0.080000 0.285224
348 0.112000 0.284728
349 0.116000 0.284246
350 0.112000 0.283755
351 0.104000 0.283244
352 0.110000 0.282754
353 0.082000 0.282186
354 0.064000 0.281572
355 0.036000 0.280882
356 0.038000 0.280202
357 0.042000 0.279536
358 0.042000 0.278875
359 0.080000 0.278322
360 0.052000 0.277695
361 0.080000 0.277149
362 0.098000 0.276656
363 0.080000 0.276115
364 0.086000 0.275595
365 0.054000 0.274989
366 0.054000 0.274387
367 0.050000 0.273777
368 0.044000 0.273154
369 0.054000 0.272562
370 0.056000 0.271978
371 0.054000 0.271392
372 0.004000 0.270676
373 0.034000 0.270043
374 0.052000 0.269461
375 0.024000 0.268809
376 0.048000 0.268223
377 0.036000 0.267608
378 0.032000 0.266987
379 0.050000 0.266416
380 0.004000 0.265727
381 0.016000 0.265073
382 -0.006000 0.264366
383 0.024000 0.263740
384 0.030000 0.263132
385 0.018000 0.262497
386 0.008000 0.261840
387 -0.060000 0.261010
388 0.002000 0.260344
389 0.014000 0.259713
390 0.030000 0.259125
391 0.016000 0.258505
392 0.020000 0.257898
393 0.044000 0.257355
394 0.028000 0.256775
395 0.028000 0.256197
396 0.054000 0.255688
397 0.050000 0.255171
398 0.074000 0.254717
399 0.072000 0.254260
400 0.054000 0.253761
401 0.066000 0.253294
402 0.066000 0.252829
403 0.076000 0.252391
404 0.060000 0.251916
405 0.020000 0.251345
406 -0.020000 0.250678
407 -0.024000 0.250005
408 -0.002000 0.249389
409 0.024000 0.248839
410 0.048000 0.248350
411 0.010000 0.247772
412 0.036000 0.247259
413 -0.022000 0.246609
414 0.006000 0.246029
415 -0.016000 0.245399
416 0.022000 0.244863
417 0.016000 0.244316
418 0.042000 0.243833
419 0.054000 0.243381
420 -0.004000 0.242793
421 0.030000 0.242289
422 0.016000 0.241754
423 -0.010000 0.241160
424 -0.024000 0.240536
425 0.024000 0.240028
426 0.014000 0.239499
427 0.042000 0.239037
428 0.032000 0.238555
429 -0.016000 0.237963
430 0.048000 0.237522
431 0.038000 0.237060
432 -0.020000 0.236467
433 -0.028000 0.235857
434 -0.010000 0.235292
435 0.006000 0.234766
436 -0.002000 0.234224
437 0.014000 0.233721
438 -0.028000 0.233125
439 0.004000 0.232605
440 -0.020000 0.232032
441 -0.040000 0.231416
442 -0.022000 0.230844
443 -0.030000 0.230257
444 -0.022000 0.229690
445 -0.026000 0.229117
446 -0.014000 0.228573
447 -0.026000 0.228004
448 0.000000 0.227497
449 0.010000 0.227013
450 0.042000 0.226603
451 -0.028000 0.226040
452 -0.008000 0.225523
453 -0.030000 0.224960
454 -0.010000 0.224444
455 -0.022000 0.223904
456 -0.024000 0.223361
457 -0.042000 0.222782
458 -0.044000 0.222200
459 -0.024000 0.221665
460 0.006000 0.221197
461 -0.018000 0.220680
462 -0.010000 0.220181
463 0.018000 0.219746
464 0.042000 0.219363
465 0.000000 0.218893
466 0.018000 0.218463
467 -0.004000 0.217987
468 0.014000 0.217552
469 0.044000 0.217183
470 0.042000 0.216811
471 0.028000 0.216411
472 0.018000 0.215992
473 0.026000 0.215591
474 0.006000 0.215149
475 0.028000 0.214756
476 0.018000 0.214344
477 0.048000 0.213996
478 0.052000 0.213658
479 0.012000 0.213238
480 0.026000 0.212848
481 0.030000 0.212469
482 0.030000 0.212091
483 0.010000 0.211674
484 -0.004000 0.211229
485 0.034000 0.210864
486 0.066000 0.210567
487 0.012000 0.210160
488 0.002000 0.209734
489 0.004000 0.209314
490 0.004000 0.208896
491 0.012000 0.208496
492 0.058000 0.208191
493 0.028000 0.207826
494 0.020000 0.207446
495 0.036000 0.207101
496 0.012000 0.206708
497 0.018000 0.206329
498 -0.006000 0.205904
499 0.000000 0.205492
500 0.002000 0.205086
501 -0.008000 0.204661
502 0.028000 0.204310
503 -0.028000 0.203849
504 -0.036000 0.203374
505 -0.016000 0.202941
506 -0.010000 0.202521
507 -0.044000 0.202035
508 -0.020000 0.201599
509 -0.036000 0.201133
510 -0.036000 0.200669
511 -0.026000 0.200227
512 -0.010000 0.199817
513 -0.034000 0.199362
514 -0.032000 0.198913
515 -0.022000 0.198484
516 -0.004000 0.198093
517 -0.024000 0.197664
518 0.010000 0.197303
519 -0.006000 0.196912
520 -0.016000 0.196503
521 -0.018000 0.196092
522 -0.040000 0.195641
523 -0.042000 0.195187
524 -0.032000 0.194754
525 -0.002000 0.194380
526 -0.018000 0.193977
527 -0.004000 0.193602
528 -0.012000 0.193214
529 0.002000 0.192853
530 -0.002000 0.192486
531 -0.004000 0.192117
532 -0.016000 0.191726
533 -0.002000 0.191363
534 0.006000 0.191017
535 0.028000 0.190713
536 0.016000 0.190387
537 -0.006000 0.190022
538 -0.022000 0.189629
539 0.002000 0.189281
540 -0.016000 0.188902
541 0.016000 0.188583
542 0.018000 0.188269
543 0.006000 0.187934
544 0.032000 0.187648
545 0.008000 0.187319
546 -0.026000 0.186929
547 -0.042000 0.186511
548 -0.012000 0.186149
549 0.000000 0.185811
550 -0.028000 0.185423
551 -0.004000 0.185080
552 0.046000 0.184828
553 0.028000 0.184545
554 -0.004000 0.184205
555 -0.006000 0.183863
556 0.038000 0.183601
557 0.024000 0.183315
558 0.016000 0.183016
559 0.026000 0.182736
560 0.014000 0.182435
561 0.006000 0.182121
562 0.012000 0.181819
563 0.052000 0.181589
564 0.046000 0.181349
565 0.054000 0.181124
566 0.054000 0.180899
567 0.044000 0.180658
568 0.060000 0.180446
569 0.058000 0.180232
570 0.048000 0.180000
571 0.034000 0.179745
572 0.060000 0.179536
573 0.024000 0.179265
574 -0.004000 0.178946
575 -0.032000 0.178580
576 -0.038000 0.178205
577 -0.038000 0.177830
578 -0.046000 0.177444
579 -0.004000 0.177131
580 -0.006000 0.176816
581 -0.042000 0.176440
582 0.020000 0.176172
583 0.026000 0.175914
584 0.026000 0.175658
585 0.020000 0.175392
586 0.040000 0.175162
587 0.006000 0.174874
588 0.022000 0.174615
589 0.006000 0.174329
590 0.032000 0.174088
591 0.004000 0.173801
592 0.018000 0.173538
593 0.010000 0.173263
594 0.040000 0.173039
595 0.048000 0.172829
596 -0.014000 0.172516
597 -0.010000 0.172211
598 -0.016000 0.171896
599 0.004000 0.171617
600 0.006000 0.171341
601 -0.016000 0.171030
602 -0.016000 0.170720
603 0.004000 0.170444
604 -0.004000 0.170155
605 0.036000 0.169934
606 0.018000 0.169684
607 0.018000 0.169434
608 -0.006000 0.169146
609 0.014000 0.168892
610 0.008000 0.168628
611 0.008000 0.168366
612 -0.016000 0.168065
613 -0.040000 0.167726
614 -0.022000 0.167418
615 -0.022000 0.167110
616 -0.014000 0.166817
617 -0.016000 0.166521
618 -0.016000 0.166226
619 0.010000 0.165974
620 -0.014000 0.165684
621 -0.028000 0.165373
622 -0.002000 0.165104
623 0.020000 0.164872
624 0.016000 0.164634
625 0.000000 0.164371
626 0.014000 0.164131
627 -0.004000 0.163863
628 -0.016000 0.163577
629 0.002000 0.163321
630 0.020000 0.163094
631 -0.006000 0.162826
632 0.048000 0.162645
633 0.056000 0.162476
634 0.030000 0.162268
635 0.034000 0.162066
636 0.012000 0.161830
637 0.030000 0.161624
638 0.014000 0.161393
639 0.022000 0.161175
640 -0.004000 0.160917
641 0.030000 0.160713
642 0.000000 0.160463
643 0.056000 0.160301
644 0.046000 0.160124
645 0.016000 0.159901
646 0.014000 0.159675
647 0.016000 0.159454
648 0.018000 0.159236
649 0.014000 0.159012
650 0.026000 0.158808
651 0.052000 0.158644
652 0.010000 0.158417
653 -0.030000 0.158128
654 -0.002000 0.157884
655 -0.022000 0.157610
656 -0.002000 0.157367
657 0.020000 0.157158
658 0.048000 0.156992
659 0.044000 0.156821
660 0.034000 0.156635
661 0.014000 0.156420
662 0.030000 0.156229
663 0.038000 0.156051
664 0.030000 0.155862
665 0.026000 0.155667
666 0.010000 0.155448
667 0.048000 0.155287
668 0.032000 0.155103
669 0.050000 0.154946
670 0.058000 0.154802
671 -0.006000 0.154562
672 0.024000 0.154368
673 0.022000 0.154172
674 0.006000 0.153953
675 0.038000 0.153781
676 0.052000 0.153631
677 0.020000 0.153434
678 0.014000 0.153228
679 0.004000 0.153009
680 -0.028000 0.152743
681 -0.046000 0.152452
682 -0.042000 0.152167
683 -0.040000 0.151886
684 -0.026000 0.151626
685 -0.008000 0.151394
686 0.020000 0.151202
687 0.022000 0.151015
688 0.032000 0.150842
689 0.030000 0.150667
690 0.034000 0.150498
691 0.016000 0.150303
692 0.016000 0.150110
693 -0.014000 0.149873
694 0.008000 0.149669
695 0.018000 0.149480
696 -0.010000 0.149251
697 -0.004000 0.149032
698 0.010000 0.148833
699 -0.014000 0.148600
700 -0.014000 0.148368
701 0.010000 0.148171
702 0.000000 0.147960
703 0.028000 0.147790
704 0.056000 0.147660
705 0.058000 0.147533
706 0.042000 0.147383
707 0.026000 0.147212
708 0.024000 0.147038
709 0.018000 0.146856
710 0.044000 0.146712
711 0.004000 0.146511
712 0.026000 0.146342
713 -0.020000 0.146109
714 -0.042000 0.145846
715 -0.012000 0.145626
716 0.004000 0.145428
717 -0.002000 0.145223
718 0.004000 0.145026
719 0.008000 0.144836
720 0.016000 0.144657
721 0.010000 0.144471
722 -0.004000 0.144266
723 0.004000 0.144072
724 0.010000 0.143887
725 0.026000 0.143725
726 0.026000 0.143563
727 0.010000 0.143379
728 0.020000 0.143210
729 0.048000 0.143079
730 0.052000 0.142955
731 0.068000 0.142852
732 0.052000 0.142729
733 0.000000 0.142534
734 -0.006000 0.142332
735 0.020000 0.142166
736 0.006000 0.141981
737 0.024000 0.141821
738 0.024000 0.141662
739 0.022000 0.141500
740 0.018000 0.141333
741 0.018000 0.141167
742 -0.024000 0.140945
743 -0.030000 0.140715
744 -0.002000 0.140523
745 0.020000 0.140362
746 0.010000 0.140187
747 0.010000 0.140013
748 0.016000 0.139848
749 0.014000 0.139680
750 0.028000 0.139531
751 0.014000 0.139364
752 0.048000 0.139243
753 0.000000 0.139058
754 0.054000 0.138946
755 0.048000 0.138825
756 0.020000 0.138668
757 -0.024000 0.138454
758 -0.006000 0.138264
759 -0.002000 0.138079
760 -0.028000 0.137861
761 0.014000 0.137698
762 0.018000 0.137541
763 0.044000 0.137419
764 0.082000 0.137346
765 0.040000 0.137219
766 0.058000 0.137116
767 0.060000 0.137016
768 0.032000 0.136879
769 0.012000 0.136717
770 0.054000 0.136610
771 0.038000 0.136482
772 0.024000 0.136336
773 0.022000 0.136189
774 -0.026000 0.135979
775 0.004000 0.135809
776 0.014000 0.135653
777 -0.012000 0.135463
778 0.006000 0.135297
779 0.024000 0.135154
780 -0.030000 0.134942
781 -0.006000 0.134762
782 0.016000 0.134610
783 0.038000 0.134487
784 0.032000 0.134357
785 0.038000 0.134234
786 0.010000 0.134076
787 -0.050000 0.133843
788 -0.012000 0.133658
789 -0.012000 0.133473
790 0.022000 0.133332
791 0.020000 0.133189
792 0.028000 0.133057
793 0.014000 0.132907
794 0.020000 0.132765
795 -0.006000 0.132590
796 -0.028000 0.132389
797 -0.014000 0.132206
798 0.006000 0.132048
799 -0.006000 0.131875
800 0.008000 0.131720
801 0.000000 0.131556
802 0.022000 0.131420
803 0.008000 0.131266
804 -0.032000 0.131063
805 -0.022000 0.130873
806 -0.012000 0.130696
807 -0.032000 0.130495
808 -0.002000 0.130331
809 0.036000 0.130215
810 0.008000 0.130064
811 -0.032000 0.129865
812 -0.008000 0.129695
813 0.022000 0.129563
814 -0.036000 0.129360
815 -0.008000 0.129191
816 0.022000 0.129060
817 -0.004000 0.128897
818 0.022000 0.128767
819 0.034000 0.128651
820 0.052000 0.128558
821 0.034000 0.128443
822 0.038000 0.128333
823 -0.008000 0.128167
824 -0.024000 0.127983
825 -0.034000 0.127787
826 -0.014000 0.127615
827 -0.030000 0.127425
828 -0.040000 0.127223
829 -0.008000 0.127060
830 -0.012000 0.126893
831 -0.020000 0.126716
832 -0.002000 0.126562
833 0.012000 0.126424
834 0.006000 0.126280
835 -0.004000 0.126124
836 0.010000 0.125986
837 0.036000 0.125878
838 -0.012000 0.125714
839 -0.010000 0.125552
840 -0.008000 0.125394
841 -0.012000 0.125230
842 -0.004000 0.125077
843 -0.010000 0.124917
844 -0.022000 0.124743
845 -0.002000 0.124593
846 -0.010000 0.124434
847 -0.002000 0.124285
848 -0.006000 0.124132
849 -0.010000 0.123974
850 -0.030000 0.123793
851 -0.044000 0.123596
852 -0.040000 0.123404
853 -0.004000 0.123255
854 0.016000 0.123130
855 -0.004000 0.122981
856 0.042000 0.122887
857 0.014000 0.122760
858 0.026000 0.122647
859 0.046000 0.122558
860 0.032000 0.122453
861 -0.014000 0.122295
862 0.028000 0.122185
863 0.022000 0.122069
864 -0.008000 0.121919
865 -0.006000 0.121771
866 0.018000 0.121652
867 0.016000 0.121530
868 -0.012000 0.121376
869 0.004000 0.121241
870 -0.014000 0.121086
871 0.014000 0.120963
872 0.026000 0.120855
873 -0.022000 0.120691
874 -0.014000 0.120537
875 -0.020000 0.120377
876 0.028000 0.120271
877 0.026000 0.120164
878 -0.014000 0.120011
879 -0.028000 0.119843
880 -0.032000 0.119671
881 -0.024000 0.119508
882 -0.022000 0.119348
883 -0.040000 0.119167
884 0.002000 0.119035
885 0.024000 0.118928
886 0.042000 0.118841
887 0.056000 0.118770
888 0.032000 0.118673
889 -0.012000 0.118526
890 0.014000 0.118409
891 0.038000 0.118318
892 0.036000 0.118226
893 -0.006000 0.118087
894 0.000000 0.117955
895 0.014000 0.117839
896 0.020000 0.117730
897 0.026000 0.117628
898 -0.010000 0.117486
899 -0.010000 0.117344
900 -0.046000 0.117163
901 -0.030000 0.117000
902 -0.002000 0.116868
903 -0.012000 0.116726
904 -0.018000 0.116577
905 0.044000 0.116497
906 0.048000 0.116421
907 0.008000 0.116302
908 0.032000 0.116209
909 0.016000 0.116099
910 -0.006000 0.115965
911 0.016000 0.115855
912 0.042000 0.115774
913 0.024000 0.115674
914 0.044000 0.115596
915 0.060000 0.115535
916 0.028000 0.115439
917 0.060000 0.115379
918 0.060000 0.115319
919 0.058000 0.115257
920 -0.006000 0.115125
921 0.010000 0.115011
922 0.046000 0.114936
923 0.008000 0.114820
924 0.016000 0.114714
925 0.018000 0.114609
926 0.054000 0.114544
927 0.004000 0.114425
928 -0.006000 0.114295
929 0.044000 0.114219
930 0.028000 0.114127
931 0.026000 0.114032
932 0.038000 0.113951
933 0.034000 0.113865
934 0.022000 0.113767
935 0.004000 0.113650
936 0.006000 0.113535
937 0.020000 0.113435
938 0.022000 0.113338
939 0.038000 0.113257
940 0.008000 0.113146
941 0.026000 0.113053
942 0.066000 0.113003
943 0.006000 0.112890
944 0.012000 0.112783
945 0.024000 0.112689
946 0.018000 0.112589
947 0.010000 0.112481
948 0.012000 0.112375
949 0.042000 0.112301
950 0.054000 0.112240
951 0.034000 0.112158
952 0.040000 0.112082
953 -0.004000 0.111960
954 0.010000 0.111853
955 0.012000 0.111749
956 0.050000 0.111684
957 0.066000 0.111637
958 0.022000 0.111543
959 -0.010000 0.111417
960 0.008000 0.111309
961 0.016000 0.111210
962 0.012000 0.111107
963 0.034000 0.111027
964 0.034000 0.110947
965 0.022000 0.110855
966 0.054000 0.110796
967 0.042000 0.110725
968 0.000000 0.110611
969 0.012000 0.110509
970 -0.010000 0.110385
971 -0.012000 0.110259
972 -0.008000 0.110138
973 0.040000 0.110066
974 0.032000 0.109986
975 0.040000 0.109914
976 0.018000 0.109820
977 0.020000 0.109728
978 0.008000 0.109624
979 -0.004000 0.109508
980 -0.026000 0.109370
981 0.014000 0.109273
982 -0.002000 0.109160
983 -0.002000 0.109047
984 0.022000 0.108958
985 0.022000 0.108870
986 0.030000 0.108790
987 0.030000 0.108711
988 0.034000 0.108635
989 -0.016000 0.108509
990 0.020000 0.108420
991 0.000000 0.108310
992 0.008000 0.108209
993 0.032000 0.108133
994 0.014000 0.108038
995 0.016000 0.107946
996 0.028000 0.107866
997 0.020000 0.107778
998 0.024000 0.107694
999 0.020000 0.107606
