0 1.000000 1.000000
1 0.976000 0.988000
2 0.940000 0.972000
3 0.912000 0.957000
4 0.888000 0.943200
5 0.886000 0.933667
6 0.896000 0.928286
7 0.892000 0.923750
8 0.898000 0.920889
9 0.870000 0.915800
10 0.894000 0.913818
11 0.870000 0.910167
12 0.874000 0.907385
13 0.866000 0.904429
14 0.872000 0.902267
15 0.852000 0.899125
16 0.842000 0.895765
17 0.844000 0.892889
18 0.816000 0.888842
19 0.822000 0.885500
20 0.828000 0.882762
21 0.846000 0.881091
22 0.850000 0.879739
23 0.848000 0.878417
24 0.848000 0.877200
25 0.838000 0.875692
26 0.852000 0.874815
27 0.830000 0.873214
28 0.846000 0.872276
29 0.834000 0.871000
30 0.824000 0.869484
31 0.802000 0.867375
32 0.772000 0.864485
33 0.788000 0.862235
34 0.814000 0.860857
35 0.800000 0.859167
36 0.818000 0.858054
37 0.806000 0.856684
38 0.798000 0.855179
39 0.790000 0.853550
40 0.802000 0.852293
41 0.802000 0.851095
42 0.822000 0.850419
43 0.814000 0.849591
44 0.820000 0.848933
45 0.830000 0.848522
46 0.830000 0.848128
47 0.828000 0.847708
48 0.818000 0.847102
49 0.840000 0.846960
50 0.824000 0.846510
51 0.842000 0.846423
52 0.812000 0.845774
53 0.808000 0.845074
54 0.820000 0.844618
55 0.822000 0.844214
56 0.812000 0.843649
57 0.814000 0.843138
58 0.788000 0.842203
59 0.806000 0.841600
60 0.828000 0.841377
61 0.802000 0.840742
62 0.782000 0.839810
63 0.810000 0.839344
64 0.804000 0.838800
65 0.800000 0.838212
66 0.794000 0.837552
67 0.804000 0.837059
68 0.794000 0.836435
69 0.790000 0.835771
70 0.826000 0.835634
71 0.826000 0.835500
72 0.820000 0.835288
73 0.828000 0.835189
74 0.834000 0.835173
75 0.830000 0.835105
76 0.798000 0.834623
77 0.816000 0.834385
78 0.794000 0.833873
79 0.800000 0.833450
80 0.794000 0.832963
81 0.776000 0.832268
82 0.776000 0.831590
83 0.784000 0.831024
84 0.778000 0.830400
85 0.768000 0.829674
86 0.742000 0.828667
87 0.766000 0.827955
88 0.770000 0.827303
89 0.798000 0.826978
90 0.802000 0.826703
91 0.786000 0.826261
92 0.788000 0.825849
93 0.786000 0.825426
94 0.806000 0.825221
95 0.784000 0.824792
96 0.802000 0.824557
97 0.792000 0.824224
98 0.782000 0.823798
99 0.770000 0.823260
100 0.784000 0.822871
101 0.802000 0.822667
102 0.766000 0.822117
103 0.776000 0.821673
104 0.778000 0.821257
105 0.772000 0.820792
106 0.756000 0.820187
107 0.766000 0.819685
108 0.764000 0.819174
109 0.774000 0.818764
110 0.782000 0.818432
111 0.768000 0.817982
112 0.758000 0.817451
113 0.770000 0.817035
114 0.776000 0.816678
115 0.770000 0.816276
116 0.754000 0.815744
117 0.752000 0.815203
118 0.762000 0.814756
119 0.776000 0.814433
120 0.768000 0.814050
121 0.758000 0.813590
122 0.758000 0.813138
123 0.772000 0.812806
124 0.784000 0.812576
125 0.780000 0.812317
126 0.766000 0.811953
127 0.792000 0.811797
128 0.796000 0.811674
129 0.800000 0.811585
130 0.760000 0.811191
131 0.786000 0.811000
132 0.770000 0.810692
133 0.778000 0.810448
134 0.758000 0.810059
135 0.776000 0.809809
136 0.788000 0.809650
137 0.748000 0.809203
138 0.766000 0.808892
139 0.770000 0.808614
140 0.744000 0.808156
141 0.766000 0.807859
142 0.770000 0.807594
143 0.748000 0.807181
144 0.768000 0.806910
145 0.766000 0.806630
146 0.766000 0.806354
147 0.776000 0.806149
148 0.792000 0.806054
149 0.786000 0.805920
150 0.762000 0.805629
151 0.802000 0.805605
152 0.780000 0.805438
153 0.794000 0.805364
154 0.780000 0.805200
155 0.778000 0.805026
156 0.782000 0.804879
157 0.772000 0.804671
158 0.766000 0.804428
159 0.780000 0.804275
160 0.782000 0.804137
161 0.790000 0.804049
162 0.776000 0.803877
163 0.772000 0.803683
164 0.772000 0.803491
165 0.750000 0.803169
166 0.798000 0.803138
167 0.746000 0.802798
168 0.760000 0.802544
169 0.746000 0.802212
170 0.722000 0.801743
171 0.768000 0.801547
172 0.750000 0.801249
173 0.772000 0.801080
174 0.780000 0.800960
175 0.792000 0.800909
176 0.776000 0.800768
177 0.770000 0.800596
178 0.756000 0.800346
179 0.790000 0.800289
180 0.786000 0.800210
181 0.796000 0.800187
182 0.768000 0.800011
183 0.774000 0.799870
184 0.762000 0.799665
185 0.772000 0.799516
186 0.772000 0.799369
187 0.770000 0.799213
188 0.760000 0.799005
189 0.768000 0.798842
190 0.744000 0.798555
191 0.752000 0.798312
192 0.780000 0.798218
193 0.794000 0.798196
194 0.732000 0.797856
195 0.746000 0.797592
196 0.782000 0.797513
197 0.770000 0.797374
198 0.742000 0.797095
199 0.758000 0.796900
200 0.774000 0.796786
201 0.740000 0.796505
202 0.732000 0.796187
203 0.762000 0.796020
204 0.780000 0.795941
205 0.774000 0.795835
206 0.768000 0.795700
207 0.776000 0.795606
208 0.766000 0.795464
209 0.760000 0.795295
210 0.750000 0.795081
211 0.778000 0.795000
212 0.798000 0.795014
213 0.778000 0.794935
214 0.776000 0.794847
215 0.780000 0.794778
216 0.758000 0.794608
217 0.778000 0.794532
218 0.796000 0.794539
219 0.818000 0.794645
220 0.792000 0.794633
221 0.776000 0.794550
222 0.770000 0.794439
223 0.776000 0.794357
224 0.770000 0.794249
225 0.752000 0.794062
226 0.754000 0.793885
227 0.774000 0.793798
228 0.780000 0.793738
229 0.758000 0.793583
230 0.772000 0.793489
231 0.784000 0.793448
232 0.764000 0.793322
233 0.770000 0.793222
234 0.734000 0.792970
235 0.756000 0.792814
236 0.788000 0.792793
237 0.788000 0.792773
238 0.772000 0.792686
239 0.782000 0.792642
240 0.758000 0.792498
241 0.734000 0.792256
242 0.734000 0.792016
243 0.734000 0.791779
244 0.718000 0.791478
245 0.724000 0.791203
246 0.720000 0.790915
247 0.734000 0.790685
248 0.768000 0.790594
249 0.756000 0.790456
250 0.764000 0.790351
251 0.748000 0.790183
252 0.766000 0.790087
253 0.760000 0.789969
254 0.772000 0.789898
255 0.796000 0.789922
256 0.784000 0.789899
257 0.762000 0.789791
258 0.786000 0.789776
259 0.752000 0.789631
260 0.766000 0.789540
261 0.758000 0.789420
262 0.762000 0.789316
263 0.760000 0.789205
264 0.744000 0.789034
265 0.762000 0.788932
266 0.762000 0.788831
267 0.758000 0.788716
268 0.750000 0.788572
269 0.768000 0.788496
270 0.748000 0.788347
271 0.742000 0.788176
272 0.738000 0.787993
273 0.756000 0.787876
274 0.764000 0.787789
275 0.750000 0.787652
276 0.790000 0.787661
277 0.756000 0.787547
278 0.760000 0.787448
279 0.756000 0.787336
280 0.758000 0.787231
281 0.782000 0.787213
282 0.762000 0.787124
283 0.762000 0.787035
284 0.756000 0.786926
285 0.750000 0.786797
286 0.766000 0.786725
287 0.746000 0.786583
288 0.760000 0.786491
289 0.760000 0.786400
290 0.778000 0.786371
291 0.750000 0.786247
292 0.756000 0.786143
293 0.772000 0.786095
294 0.794000 0.786122
295 0.792000 0.786142
296 0.786000 0.786141
297 0.790000 0.786154
298 0.774000 0.786114
299 0.782000 0.786100
300 0.774000 0.786060
301 0.730000 0.785874
302 0.746000 0.785743
303 0.772000 0.785697
304 0.782000 0.785685
305 0.772000 0.785641
306 0.762000 0.785564
307 0.754000 0.785461
308 0.782000 0.785450
309 0.782000 0.785439
310 0.748000 0.785318
311 0.764000 0.785250
312 0.742000 0.785112
313 0.736000 0.784955
314 0.748000 0.784838
315 0.756000 0.784747
316 0.784000 0.784744
317 0.772000 0.784704
318 0.750000 0.784596
319 0.762000 0.784525
320 0.776000 0.784498
321 0.746000 0.784379
322 0.760000 0.784303
323 0.784000 0.784302
324 0.774000 0.784271
325 0.766000 0.784215
326 0.766000 0.784159
327 0.728000 0.783988
328 0.706000 0.783751
329 0.714000 0.783539
330 0.730000 0.783378
331 0.732000 0.783223
332 0.716000 0.783021
333 0.746000 0.782910
334 0.750000 0.782812
335 0.774000 0.782786
336 0.782000 0.782783
337 0.780000 0.782775
338 0.756000 0.782696
339 0.770000 0.782659
340 0.786000 0.782669
341 0.748000 0.782567
342 0.748000 0.782466
343 0.750000 0.782372
344 0.750000 0.782278
345 0.750000 0.782185
346 0.766000 0.782138
347 0.782000 0.782138
348 0.778000 0.782126
349 0.764000 0.782074
350 0.788000 0.782091
351 0.770000 0.782057
352 0.788000 0.782074
353 0.780000 0.782068
354 0.772000 0.782039
355 0.756000 0.781966
356 0.738000 0.781843
357 0.738000 0.781721
358 0.768000 0.781682
359 0.768000 0.781644
360 0.754000 0.781568
361 0.784000 0.781575
362 0.768000 0.781537
363 0.768000 0.781500
364 0.752000 0.781419
365 0.756000 0.781350
366 0.754000 0.781275
367 0.764000 0.781228
368 0.784000 0.781236
369 0.776000 0.781222
370 0.784000 0.781229
371 0.746000 0.781134
372 0.752000 0.781056
373 0.748000 0.780968
374 0.778000 0.780960
375 0.776000 0.780947
376 0.736000 0.780828
377 0.742000 0.780725
378 0.744000 0.780628
379 0.762000 0.780579
380 0.750000 0.780499
381 0.770000 0.780471
382 0.760000 0.780418
383 0.784000 0.780427
384 0.780000 0.780426
385 0.750000 0.780347
386 0.746000 0.780258
387 0.760000 0.780206
388 0.750000 0.780129
389 0.732000 0.780005
390 0.748000 0.779923
391 0.764000 0.779883
392 0.770000 0.779858
393 0.778000 0.779853
394 0.756000 0.779792
395 0.762000 0.779747
396 0.758000 0.779693
397 0.760000 0.779643
398 0.764000 0.779604
399 0.762000 0.779560
400 0.758000 0.779506
401 0.768000 0.779478
402 0.778000 0.779474
403 0.776000 0.779465
404 0.762000 0.779422
405 0.728000 0.779296
406 0.738000 0.779194
407 0.744000 0.779108
408 0.736000 0.779002
409 0.736000 0.778898
410 0.736000 0.778793
411 0.714000 0.778636
412 0.694000 0.778431
413 0.738000 0.778333
414 0.732000 0.778222
415 0.756000 0.778168
416 0.768000 0.778144
417 0.750000 0.778077
418 0.748000 0.778005
419 0.768000 0.777981
420 0.758000 0.777933
421 0.772000 0.777919
422 0.742000 0.777835
423 0.738000 0.777741
424 0.730000 0.777628
425 0.732000 0.777521
426 0.742000 0.777438
427 0.728000 0.777322
428 0.720000 0.777189
429 0.700000 0.777009
430 0.726000 0.776891
431 0.744000 0.776815
432 0.770000 0.776799
433 0.718000 0.776664
434 0.736000 0.776570
435 0.742000 0.776491
436 0.714000 0.776348
437 0.742000 0.776269
438 0.738000 0.776182
439 0.738000 0.776095
440 0.726000 0.775982
441 0.750000 0.775923
442 0.742000 0.775847
443 0.732000 0.775748
444 0.722000 0.775627
445 0.738000 0.775543
446 0.734000 0.775450
447 0.730000 0.775348
448 0.752000 0.775296
449 0.728000 0.775191
450 0.744000 0.775122
451 0.762000 0.775093
452 0.706000 0.774940
453 0.732000 0.774846
454 0.754000 0.774800
455 0.756000 0.774759
456 0.754000 0.774713
457 0.736000 0.774629
458 0.734000 0.774540
459 0.744000 0.774474
460 0.742000 0.774403
461 0.742000 0.774333
462 0.730000 0.774238
463 0.738000 0.774159
464 0.728000 0.774060
465 0.726000 0.773957
466 0.746000 0.773897
467 0.760000 0.773868
468 0.772000 0.773864
469 0.720000 0.773749
470 0.690000 0.773571
471 0.710000 0.773436
472 0.714000 0.773311
473 0.718000 0.773194
474 0.744000 0.773133
475 0.752000 0.773088
476 0.732000 0.773002
477 0.712000 0.772874
478 0.716000 0.772756
479 0.722000 0.772650
480 0.738000 0.772578
481 0.728000 0.772485
482 0.716000 0.772369
483 0.746000 0.772314
484 0.750000 0.772268
485 0.746000 0.772214
486 0.748000 0.772164
487 0.752000 0.772123
488 0.758000 0.772094
489 0.758000 0.772065
490 0.748000 0.772016
491 0.750000 0.771972
492 0.760000 0.771947
493 0.762000 0.771927
494 0.754000 0.771891
495 0.746000 0.771839
496 0.726000 0.771746
497 0.732000 0.771667
498 0.744000 0.771611
499 0.732000 0.771532
500 0.730000 0.771449
501 0.750000 0.771406
502 0.764000 0.771392
503 0.756000 0.771361
504 0.750000 0.771319
505 0.718000 0.771213
506 0.710000 0.771093
507 0.734000 0.771020
508 0.718000 0.770916
509 0.732000 0.770839
510 0.738000 0.770775
511 0.746000 0.770727
512 0.722000 0.770632
513 0.722000 0.770537
514 0.716000 0.770431
515 0.732000 0.770357
516 0.722000 0.770263
517 0.694000 0.770116
518 0.700000 0.769981
519 0.740000 0.769923
520 0.738000 0.769862
521 0.710000 0.769747
522 0.712000 0.769637
523 0.738000 0.769576
524 0.738000 0.769516
525 0.720000 0.769422
526 0.774000 0.769431
527 0.784000 0.769458
528 0.770000 0.769459
529 0.748000 0.769419
530 0.740000 0.769363
531 0.744000 0.769316
532 0.786000 0.769347
533 0.756000 0.769322
534 0.762000 0.769308
535 0.770000 0.769310
536 0.756000 0.769285
537 0.756000 0.769260
538 0.752000 0.769228
539 0.776000 0.769241
540 0.774000 0.769250
541 0.752000 0.769218
542 0.734000 0.769153
543 0.736000 0.769092
544 0.758000 0.769072
545 0.732000 0.769004
546 0.742000 0.768954
547 0.754000 0.768927
548 0.724000 0.768845
549 0.740000 0.768793
550 0.714000 0.768693
551 0.700000 0.768569
552 0.728000 0.768495
553 0.710000 0.768390
554 0.714000 0.768292
555 0.732000 0.768227
556 0.714000 0.768129
557 0.720000 0.768043
558 0.732000 0.767979
559 0.714000 0.767882
560 0.710000 0.767779
561 0.732000 0.767715
562 0.726000 0.767641
563 0.696000 0.767514
564 0.728000 0.767444
565 0.712000 0.767346
566 0.718000 0.767259
567 0.710000 0.767158
568 0.710000 0.767058
569 0.706000 0.766951
570 0.750000 0.766921
571 0.736000 0.766867
572 0.722000 0.766789
573 0.696000 0.766666
574 0.740000 0.766619
575 0.748000 0.766587
576 0.726000 0.766516
577 0.740000 0.766471
578 0.750000 0.766442
579 0.738000 0.766393
580 0.742000 0.766351
581 0.736000 0.766299
582 0.736000 0.766247
583 0.726000 0.766178
584 0.766000 0.766178
585 0.752000 0.766154
586 0.744000 0.766116
587 0.712000 0.766024
588 0.714000 0.765935
589 0.750000 0.765908
590 0.722000 0.765834
591 0.750000 0.765807
592 0.742000 0.765767
593 0.740000 0.765724
594 0.734000 0.765671
595 0.728000 0.765607
596 0.730000 0.765548
597 0.732000 0.765492
598 0.724000 0.765422
599 0.740000 0.765380
600 0.718000 0.765301
601 0.744000 0.765266
602 0.716000 0.765184
603 0.700000 0.765076
604 0.726000 0.765012
605 0.740000 0.764970
606 0.746000 0.764939
607 0.728000 0.764878
608 0.722000 0.764808
609 0.736000 0.764761
610 0.728000 0.764700
611 0.720000 0.764627
612 0.740000 0.764587
613 0.750000 0.764564
614 0.740000 0.764524
615 0.744000 0.764490
616 0.736000 0.764444
617 0.712000 0.764359
618 0.702000 0.764258
619 0.710000 0.764171
620 0.710000 0.764084
621 0.690000 0.763965
622 0.690000 0.763846
623 0.702000 0.763747
624 0.722000 0.763680
625 0.732000 0.763629
626 0.730000 0.763576
627 0.706000 0.763484
628 0.734000 0.763437
629 0.736000 0.763394
630 0.732000 0.763344
631 0.714000 0.763266
632 0.714000 0.763188
633 0.698000 0.763085
634 0.730000 0.763033
635 0.728000 0.762978
636 0.718000 0.762907
637 0.724000 0.762846
638 0.718000 0.762776
639 0.714000 0.762700
640 0.718000 0.762630
641 0.718000 0.762561
642 0.732000 0.762513
643 0.716000 0.762441
644 0.712000 0.762363
645 0.718000 0.762294
646 0.728000 0.762241
647 0.730000 0.762191
648 0.706000 0.762105
649 0.720000 0.762040
650 0.732000 0.761994
651 0.744000 0.761966
652 0.740000 0.761933
653 0.742000 0.761902
654 0.718000 0.761835
655 0.716000 0.761765
656 0.720000 0.761702
657 0.706000 0.761617
658 0.712000 0.761542
659 0.694000 0.761439
660 0.702000 0.761349
661 0.670000 0.761211
662 0.714000 0.761140
663 0.700000 0.761048
664 0.712000 0.760974
665 0.716000 0.760907
666 0.686000 0.760795
667 0.722000 0.760737
668 0.738000 0.760703
669 0.690000 0.760597
670 0.710000 0.760522
671 0.688000 0.760414
672 0.720000 0.760354
673 0.696000 0.760258
674 0.736000 0.760222
675 0.736000 0.760186
676 0.710000 0.760112
677 0.674000 0.759985
678 0.700000 0.759897
679 0.722000 0.759841
680 0.736000 0.759806
681 0.730000 0.759762
682 0.726000 0.759713
683 0.736000 0.759678
684 0.744000 0.759655
685 0.732000 0.759615
686 0.728000 0.759569
687 0.696000 0.759477
688 0.714000 0.759411
689 0.722000 0.759357
690 0.732000 0.759317
691 0.762000 0.759321
692 0.718000 0.759261
693 0.724000 0.759210
694 0.724000 0.759160
695 0.734000 0.759124
696 0.724000 0.759073
697 0.732000 0.759034
698 0.738000 0.759004
699 0.750000 0.758991
700 0.762000 0.758996
701 0.718000 0.758937
702 0.718000 0.758879
703 0.718000 0.758821
704 0.734000 0.758786
705 0.738000 0.758756
706 0.744000 0.758736
707 0.738000 0.758706
708 0.718000 0.758649
709 0.716000 0.758589
710 0.766000 0.758599
711 0.740000 0.758573
712 0.728000 0.758530
713 0.714000 0.758468
714 0.698000 0.758383
715 0.720000 0.758330
716 0.728000 0.758287
717 0.720000 0.758234
718 0.752000 0.758225
719 0.744000 0.758206
720 0.702000 0.758128
721 0.742000 0.758105
722 0.742000 0.758083
723 0.736000 0.758052
724 0.734000 0.758019
725 0.726000 0.757975
726 0.710000 0.757909
727 0.724000 0.757863
728 0.728000 0.757822
729 0.760000 0.757825
730 0.764000 0.757833
731 0.750000 0.757822
732 0.750000 0.757812
733 0.736000 0.757782
734 0.730000 0.757744
735 0.696000 0.757660
736 0.708000 0.757593
737 0.684000 0.757493
738 0.668000 0.757372
739 0.672000 0.757257
740 0.670000 0.757139
741 0.712000 0.757078
742 0.702000 0.757004
743 0.676000 0.756895
744 0.718000 0.756843
745 0.724000 0.756799
746 0.716000 0.756744
747 0.724000 0.756701
748 0.704000 0.756630
749 0.696000 0.756549
750 0.706000 0.756482
751 0.694000 0.756399
752 0.708000 0.756335
753 0.676000 0.756228
754 0.720000 0.756180
755 0.720000 0.756132
756 0.716000 0.756079
757 0.738000 0.756055
758 0.706000 0.755989
759 0.700000 0.755916
760 0.738000 0.755892
761 0.734000 0.755864
762 0.694000 0.755782
763 0.700000 0.755709
764 0.708000 0.755647
765 0.726000 0.755608
766 0.730000 0.755575
767 0.696000 0.755497
768 0.728000 0.755462
769 0.732000 0.755431
770 0.716000 0.755380
771 0.714000 0.755326
772 0.714000 0.755273
773 0.724000 0.755233
774 0.708000 0.755172
775 0.742000 0.755155
776 0.728000 0.755120
777 0.734000 0.755093
778 0.722000 0.755050
779 0.714000 0.754997
780 0.710000 0.754940
781 0.738000 0.754918
782 0.716000 0.754868
783 0.688000 0.754783
784 0.712000 0.754729
785 0.730000 0.754697
786 0.734000 0.754671
787 0.712000 0.754617
788 0.722000 0.754575
789 0.732000 0.754547
790 0.748000 0.754539
791 0.728000 0.754505
792 0.708000 0.754446
793 0.724000 0.754408
794 0.680000 0.754314
795 0.736000 0.754291
796 0.708000 0.754233
797 0.752000 0.754231
798 0.732000 0.754203
799 0.692000 0.754125
800 0.714000 0.754075
801 0.692000 0.753998
802 0.722000 0.753958
803 0.712000 0.753905
804 0.704000 0.753843
805 0.684000 0.753757
806 0.714000 0.753708
807 0.696000 0.753636
808 0.700000 0.753570
809 0.696000 0.753499
810 0.702000 0.753435
811 0.680000 0.753345
812 0.706000 0.753287
813 0.718000 0.753243
814 0.718000 0.753200
815 0.716000 0.753154
816 0.698000 0.753087
817 0.700000 0.753022
818 0.692000 0.752947
819 0.698000 0.752880
820 0.680000 0.752792
821 0.648000 0.752664
822 0.688000 0.752586
823 0.678000 0.752495
824 0.682000 0.752410
825 0.692000 0.752337
826 0.674000 0.752242
827 0.690000 0.752167
828 0.706000 0.752111
829 0.700000 0.752048
830 0.702000 0.751988
831 0.678000 0.751899
832 0.728000 0.751870
833 0.696000 0.751803
834 0.714000 0.751758
835 0.700000 0.751696
836 0.684000 0.751615
837 0.676000 0.751525
838 0.700000 0.751464
839 0.712000 0.751417
840 0.668000 0.751317
841 0.698000 0.751254
842 0.674000 0.751163
843 0.694000 0.751095
844 0.690000 0.751022
845 0.662000 0.750917
846 0.704000 0.750862
847 0.736000 0.750844
848 0.722000 0.750810
849 0.690000 0.750739
850 0.702000 0.750682
851 0.708000 0.750631
852 0.722000 0.750598
853 0.704000 0.750543
854 0.702000 0.750487
855 0.716000 0.750446
856 0.686000 0.750371
857 0.690000 0.750301
858 0.702000 0.750244
859 0.702000 0.750188
860 0.686000 0.750114
861 0.662000 0.750012
862 0.696000 0.749949
863 0.726000 0.749921
864 0.706000 0.749871
865 0.720000 0.749836
866 0.728000 0.749811
867 0.762000 0.749825
868 0.754000 0.749830
869 0.738000 0.749816
870 0.748000 0.749814
871 0.708000 0.749766
872 0.712000 0.749723
873 0.706000 0.749673
874 0.718000 0.749637
875 0.732000 0.749616
876 0.740000 0.749605
877 0.724000 0.749576
878 0.738000 0.749563
879 0.718000 0.749527
880 0.730000 0.749505
881 0.692000 0.749440
882 0.702000 0.749386
883 0.706000 0.749337
884 0.726000 0.749311
885 0.694000 0.749248
886 0.728000 0.749224
887 0.714000 0.749185
888 0.698000 0.749127
889 0.696000 0.749067
890 0.698000 0.749010
891 0.720000 0.748978
892 0.702000 0.748925
893 0.706000 0.748877
894 0.718000 0.748842
895 0.706000 0.748795
896 0.740000 0.748785
897 0.706000 0.748737
898 0.700000 0.748683
899 0.708000 0.748638
900 0.708000 0.748593
901 0.712000 0.748552
902 0.720000 0.748520
903 0.714000 0.748482
904 0.722000 0.748453
905 0.736000 0.748439
906 0.712000 0.748399
907 0.698000 0.748344
908 0.690000 0.748279
909 0.700000 0.748226
910 0.724000 0.748200
911 0.748000 0.748200
912 0.730000 0.748180
913 0.716000 0.748144
914 0.698000 0.748090
915 0.714000 0.748052
916 0.730000 0.748033
917 0.718000 0.748000
918 0.716000 0.747965
919 0.722000 0.747937
920 0.734000 0.747922
921 0.736000 0.747909
922 0.722000 0.747881
923 0.704000 0.747833
924 0.706000 0.747788
925 0.698000 0.747734
926 0.690000 0.747672
927 0.690000 0.747610
928 0.688000 0.747546
929 0.706000 0.747501
930 0.732000 0.747484
931 0.754000 0.747491
932 0.720000 0.747462
933 0.700000 0.747411
934 0.694000 0.747354
935 0.728000 0.747333
936 0.708000 0.747291
937 0.744000 0.747288
938 0.724000 0.747263
939 0.722000 0.747236
940 0.724000 0.747211
941 0.710000 0.747172
942 0.704000 0.747126
943 0.708000 0.747085
944 0.706000 0.747041
945 0.692000 0.746983
946 0.692000 0.746925
947 0.670000 0.746844
948 0.678000 0.746771
949 0.688000 0.746709
950 0.724000 0.746686
951 0.696000 0.746632
952 0.706000 0.746590
953 0.698000 0.746539
954 0.712000 0.746503
955 0.692000 0.746446
956 0.704000 0.746401
957 0.676000 0.746328
958 0.678000 0.746257
959 0.660000 0.746167
960 0.660000 0.746077
961 0.682000 0.746010
962 0.684000 0.745946
963 0.674000 0.745871
964 0.668000 0.745791
965 0.672000 0.745714
966 0.698000 0.745665
967 0.696000 0.745614
968 0.654000 0.745519
969 0.664000 0.745435
970 0.698000 0.745386
971 0.666000 0.745305
972 0.700000 0.745258
973 0.690000 0.745201
974 0.676000 0.745130
975 0.698000 0.745082
976 0.702000 0.745038
977 0.690000 0.744982
978 0.718000 0.744954
979 0.718000 0.744927
980 0.684000 0.744864
981 0.712000 0.744831
982 0.716000 0.744802
983 0.702000 0.744758
984 0.684000 0.744696
985 0.700000 0.744651
986 0.680000 0.744586
987 0.668000 0.744508
988 0.678000 0.744441
989 0.704000 0.744400
990 0.714000 0.744369
991 0.684000 0.744308
992 0.688000 0.744252
993 0.682000 0.744189
994 0.696000 0.744141
995 0.712000 0.744108
996 0.700000 0.744064
997 0.698000 0.744018
998 0.714000 0.743988
999 0.696000 0.743940
