0 1.000000 1.000000
1 0.970000 0.985000
2 0.926000 0.965333
3 0.884000 0.945000
4 0.844000 0.924800
5 0.840000 0.910667
6 0.848000 0.901714
7 0.858000 0.896250
8 0.856000 0.891778
9 0.828000 0.885400
10 0.874000 0.884364
11 0.844000 0.881000
12 0.836000 0.877538
13 0.834000 0.874429
14 0.826000 0.871200
15 0.812000 0.867500
16 0.802000 0.863647
17 0.810000 0.860667
18 0.782000 0.856526
19 0.778000 0.852600
20 0.774000 0.848857
21 0.778000 0.845636
22 0.790000 0.843217
23 0.790000 0.841000
24 0.792000 0.839040
25 0.780000 0.836769
26 0.788000 0.834963
27 0.776000 0.832857
28 0.774000 0.830828
29 0.754000 0.828267
30 0.764000 0.826194
31 0.744000 0.823625
32 0.734000 0.820909
33 0.716000 0.817824
34 0.722000 0.815086
35 0.682000 0.811389
36 0.724000 0.809027
37 0.720000 0.806684
38 0.712000 0.804256
39 0.706000 0.801800
40 0.702000 0.799366
41 0.696000 0.796905
42 0.688000 0.794372
43 0.692000 0.792045
44 0.722000 0.790489
45 0.722000 0.789000
46 0.726000 0.787660
47 0.704000 0.785917
48 0.670000 0.783551
49 0.700000 0.781880
50 0.672000 0.779725
51 0.708000 0.778346
52 0.684000 0.776566
53 0.654000 0.774296
54 0.666000 0.772327
55 0.668000 0.770464
56 0.662000 0.768561
57 0.672000 0.766897
58 0.668000 0.765220
59 0.678000 0.763767
60 0.660000 0.762066
61 0.662000 0.760452
62 0.670000 0.759016
63 0.716000 0.758344
64 0.716000 0.757692
65 0.712000 0.757000
66 0.682000 0.755881
67 0.684000 0.754824
68 0.686000 0.753826
69 0.680000 0.752771
70 0.702000 0.752056
71 0.670000 0.750917
72 0.686000 0.750027
73 0.694000 0.749270
74 0.722000 0.748907
75 0.706000 0.748342
76 0.664000 0.747247
77 0.682000 0.746410
78 0.652000 0.745215
79 0.666000 0.744225
80 0.660000 0.743185
81 0.650000 0.742049
82 0.658000 0.741036
83 0.646000 0.739905
84 0.624000 0.738541
85 0.620000 0.737163
86 0.632000 0.735954
87 0.644000 0.734909
88 0.634000 0.733775
89 0.626000 0.732578
90 0.636000 0.731516
91 0.636000 0.730478
92 0.650000 0.729613
93 0.640000 0.728660
94 0.652000 0.727853
95 0.620000 0.726729
96 0.628000 0.725711
97 0.610000 0.724531
98 0.630000 0.723576
99 0.582000 0.722160
100 0.572000 0.720673
101 0.606000 0.719549
102 0.590000 0.718291
103 0.592000 0.717077
104 0.614000 0.716095
105 0.604000 0.715038
106 0.596000 0.713925
107 0.580000 0.712685
108 0.586000 0.711523
109 0.590000 0.710418
110 0.616000 0.709568
111 0.614000 0.708714
112 0.608000 0.707823
113 0.620000 0.707053
114 0.618000 0.706278
115 0.624000 0.705569
116 0.626000 0.704889
117 0.612000 0.704102
118 0.606000 0.703277
119 0.600000 0.702417
120 0.568000 0.701306
121 0.570000 0.700230
122 0.622000 0.699593
123 0.626000 0.699000
124 0.604000 0.698240
125 0.600000 0.697460
126 0.602000 0.696709
127 0.622000 0.696125
128 0.622000 0.695550
129 0.636000 0.695092
130 0.604000 0.694397
131 0.578000 0.693515
132 0.560000 0.692511
133 0.586000 0.691716
134 0.548000 0.690652
135 0.548000 0.689603
136 0.572000 0.688745
137 0.526000 0.687565
138 0.578000 0.686777
139 0.564000 0.685900
140 0.556000 0.684979
141 0.578000 0.684225
142 0.566000 0.683399
143 0.582000 0.682694
144 0.598000 0.682110
145 0.614000 0.681644
146 0.574000 0.680912
147 0.578000 0.680216
148 0.586000 0.679584
149 0.582000 0.678933
150 0.546000 0.678053
151 0.546000 0.677184
152 0.562000 0.676431
153 0.578000 0.675792
154 0.554000 0.675006
155 0.526000 0.674051
156 0.512000 0.673019
157 0.532000 0.672127
158 0.510000 0.671107
159 0.534000 0.670250
160 0.566000 0.669602
161 0.590000 0.669111
162 0.568000 0.668491
163 0.576000 0.667927
164 0.538000 0.667139
165 0.512000 0.666205
166 0.550000 0.665509
167 0.552000 0.664833
168 0.576000 0.664308
169 0.546000 0.663612
170 0.518000 0.662760
171 0.550000 0.662105
172 0.542000 0.661410
173 0.492000 0.660437
174 0.498000 0.659509
175 0.514000 0.658682
176 0.516000 0.657876
177 0.526000 0.657135
178 0.528000 0.656413
179 0.552000 0.655833
180 0.544000 0.655215
181 0.552000 0.654648
182 0.558000 0.654120
183 0.550000 0.653554
184 0.544000 0.652962
185 0.556000 0.652441
186 0.586000 0.652086
187 0.572000 0.651660
188 0.574000 0.651249
189 0.570000 0.650821
190 0.564000 0.650366
191 0.564000 0.649917
192 0.568000 0.649492
193 0.602000 0.649247
194 0.564000 0.648810
195 0.548000 0.648296
196 0.578000 0.647939
197 0.572000 0.647556
198 0.528000 0.646955
199 0.556000 0.646500
200 0.566000 0.646100
201 0.524000 0.645495
202 0.520000 0.644877
203 0.572000 0.644520
204 0.554000 0.644078
205 0.552000 0.643631
206 0.536000 0.643111
207 0.562000 0.642721
208 0.540000 0.642230
209 0.542000 0.641752
210 0.518000 0.641166
211 0.522000 0.640604
212 0.550000 0.640178
213 0.512000 0.639579
214 0.526000 0.639051
215 0.526000 0.638528
216 0.522000 0.637991
217 0.524000 0.637468
218 0.526000 0.636959
219 0.516000 0.636409
220 0.514000 0.635855
221 0.494000 0.635216
222 0.526000 0.634726
223 0.538000 0.634295
224 0.528000 0.633822
225 0.504000 0.633248
226 0.522000 0.632758
227 0.514000 0.632237
228 0.524000 0.631764
229 0.490000 0.631148
230 0.488000 0.630528
231 0.510000 0.630009
232 0.524000 0.629554
233 0.492000 0.628966
234 0.462000 0.628255
235 0.504000 0.627729
236 0.492000 0.627156
237 0.470000 0.626496
238 0.474000 0.625858
239 0.486000 0.625275
240 0.486000 0.624697
241 0.464000 0.624033
242 0.456000 0.623342
243 0.450000 0.622631
244 0.460000 0.621967
245 0.462000 0.621317
246 0.496000 0.620810
247 0.516000 0.620387
248 0.482000 0.619831
249 0.494000 0.619328
250 0.524000 0.618948
251 0.510000 0.618516
252 0.520000 0.618126
253 0.476000 0.617567
254 0.504000 0.617122
255 0.524000 0.616758
256 0.508000 0.616335
257 0.540000 0.616039
258 0.520000 0.615668
259 0.446000 0.615015
260 0.494000 0.614552
261 0.508000 0.614145
262 0.510000 0.613749
263 0.512000 0.613364
264 0.458000 0.612777
265 0.458000 0.612195
266 0.478000 0.611693
267 0.500000 0.611276
268 0.528000 0.610967
269 0.502000 0.610563
270 0.502000 0.610162
271 0.472000 0.609654
272 0.482000 0.609187
273 0.484000 0.608730
274 0.468000 0.608218
275 0.462000 0.607688
276 0.452000 0.607126
277 0.454000 0.606576
278 0.486000 0.606143
279 0.462000 0.605629
280 0.446000 0.605060
281 0.432000 0.604447
282 0.436000 0.603852
283 0.424000 0.603218
284 0.442000 0.602653
285 0.444000 0.602098
286 0.468000 0.601631
287 0.436000 0.601056
288 0.436000 0.600484
289 0.458000 0.599993
290 0.464000 0.599526
291 0.450000 0.599014
292 0.440000 0.598471
293 0.462000 0.598007
294 0.468000 0.597566
295 0.472000 0.597142
296 0.482000 0.596754
297 0.496000 0.596416
298 0.480000 0.596027
299 0.470000 0.595607
300 0.492000 0.595262
301 0.452000 0.594788
302 0.452000 0.594317
303 0.486000 0.593961
304 0.494000 0.593633
305 0.470000 0.593229
306 0.472000 0.592834
307 0.454000 0.592383
308 0.482000 0.592026
309 0.486000 0.591684
310 0.436000 0.591183
311 0.474000 0.590808
312 0.468000 0.590415
313 0.436000 0.589924
314 0.450000 0.589479
315 0.458000 0.589063
316 0.430000 0.588562
317 0.448000 0.588119
318 0.418000 0.587586
319 0.450000 0.587156
320 0.464000 0.586773
321 0.442000 0.586323
322 0.436000 0.585858
323 0.478000 0.585525
324 0.480000 0.585200
325 0.444000 0.584767
326 0.444000 0.584336
327 0.440000 0.583896
328 0.454000 0.583502
329 0.412000 0.582982
330 0.418000 0.582483
331 0.436000 0.582042
332 0.430000 0.581586
333 0.466000 0.581240
334 0.436000 0.580806
335 0.456000 0.580435
336 0.438000 0.580012
337 0.482000 0.579722
338 0.448000 0.579333
339 0.474000 0.579024
340 0.462000 0.578680
341 0.438000 0.578269
342 0.418000 0.577802
343 0.448000 0.577424
344 0.476000 0.577130
345 0.466000 0.576809
346 0.426000 0.576375
347 0.472000 0.576075
348 0.464000 0.575754
349 0.480000 0.575480
350 0.462000 0.575157
351 0.466000 0.574847
352 0.466000 0.574538
353 0.458000 0.574209
354 0.446000 0.573848
355 0.432000 0.573449
356 0.416000 0.573008
357 0.432000 0.572615
358 0.430000 0.572217
359 0.438000 0.571844
360 0.434000 0.571463
361 0.460000 0.571155
362 0.466000 0.570865
363 0.444000 0.570516
364 0.458000 0.570208
365 0.428000 0.569820
366 0.440000 0.569466
367 0.448000 0.569136
368 0.432000 0.568764
369 0.442000 0.568422
370 0.476000 0.568173
371 0.474000 0.567919
372 0.460000 0.567630
373 0.466000 0.567358
374 0.466000 0.567088
375 0.488000 0.566878
376 0.476000 0.566637
377 0.466000 0.566370
378 0.482000 0.566148
379 0.482000 0.565926
380 0.438000 0.565591
381 0.450000 0.565288
382 0.448000 0.564982
383 0.436000 0.564646
384 0.406000 0.564234
385 0.428000 0.563881
386 0.432000 0.563540
387 0.416000 0.563160
388 0.414000 0.562776
389 0.432000 0.562441
390 0.414000 0.562061
391 0.434000 0.561735
392 0.408000 0.561344
393 0.418000 0.560980
394 0.410000 0.560597
395 0.416000 0.560232
396 0.436000 0.559919
397 0.428000 0.559588
398 0.468000 0.559358
399 0.456000 0.559100
400 0.426000 0.558768
401 0.416000 0.558413
402 0.464000 0.558179
403 0.446000 0.557901
404 0.418000 0.557556
405 0.410000 0.557192
406 0.444000 0.556914
407 0.440000 0.556627
408 0.424000 0.556303
409 0.378000 0.555868
410 0.406000 0.555504
411 0.424000 0.555184
412 0.406000 0.554823
413 0.448000 0.554565
414 0.418000 0.554236
415 0.448000 0.553981
416 0.466000 0.553770
417 0.450000 0.553522
418 0.448000 0.553270
419 0.428000 0.552971
420 0.430000 0.552679
421 0.402000 0.552322
422 0.416000 0.552000
423 0.404000 0.551651
424 0.444000 0.551398
425 0.432000 0.551117
426 0.452000 0.550885
427 0.416000 0.550570
428 0.418000 0.550261
429 0.368000 0.549837
430 0.380000 0.549443
431 0.412000 0.549125
432 0.384000 0.548744
433 0.398000 0.548396
434 0.384000 0.548018
435 0.378000 0.547628
436 0.360000 0.547199
437 0.396000 0.546854
438 0.396000 0.546510
439 0.400000 0.546177
440 0.390000 0.545823
441 0.424000 0.545548
442 0.388000 0.545192
443 0.364000 0.544784
444 0.396000 0.544449
445 0.424000 0.544179
446 0.402000 0.543861
447 0.420000 0.543585
448 0.428000 0.543327
449 0.378000 0.542960
450 0.412000 0.542670
451 0.392000 0.542336
452 0.390000 0.542000
453 0.394000 0.541674
454 0.390000 0.541341
455 0.350000 0.540921
456 0.368000 0.540543
457 0.400000 0.540236
458 0.376000 0.539878
459 0.392000 0.539557
460 0.366000 0.539180
461 0.368000 0.538810
462 0.342000 0.538384
463 0.334000 0.537944
464 0.324000 0.537484
465 0.314000 0.537004
466 0.354000 0.536612
467 0.366000 0.536248
468 0.350000 0.535851
469 0.344000 0.535443
470 0.320000 0.534985
471 0.350000 0.534593
472 0.372000 0.534249
473 0.358000 0.533878
474 0.378000 0.533549
475 0.396000 0.533261
476 0.362000 0.532901
477 0.376000 0.532573
478 0.330000 0.532150
479 0.354000 0.531779
480 0.370000 0.531443
481 0.376000 0.531120
482 0.382000 0.530812
483 0.356000 0.530450
484 0.350000 0.530078
485 0.358000 0.529724
486 0.350000 0.529355
487 0.340000 0.528967
488 0.336000 0.528573
489 0.370000 0.528249
490 0.378000 0.527943
491 0.386000 0.527654
492 0.382000 0.527359
493 0.402000 0.527105
494 0.400000 0.526848
495 0.368000 0.526528
496 0.358000 0.526189
497 0.356000 0.525847
498 0.390000 0.525575
499 0.354000 0.525232
500 0.352000 0.524886
501 0.324000 0.524486
502 0.334000 0.524107
503 0.340000 0.523742
504 0.334000 0.523366
505 0.294000 0.522913
506 0.298000 0.522469
507 0.294000 0.522020
508 0.324000 0.521631
509 0.332000 0.521259
510 0.330000 0.520885
511 0.326000 0.520504
512 0.346000 0.520164
513 0.338000 0.519809
514 0.308000 0.519398
515 0.330000 0.519031
516 0.340000 0.518685
517 0.338000 0.518336
518 0.328000 0.517969
519 0.320000 0.517588
520 0.318000 0.517205
521 0.310000 0.516808
522 0.316000 0.516424
523 0.320000 0.516050
524 0.358000 0.515749
525 0.354000 0.515441
526 0.362000 0.515150
527 0.360000 0.514856
528 0.364000 0.514571
529 0.370000 0.514298
530 0.330000 0.513951
531 0.324000 0.513594
532 0.320000 0.513231
533 0.356000 0.512936
534 0.334000 0.512602
535 0.326000 0.512254
536 0.340000 0.511933
537 0.336000 0.511606
538 0.348000 0.511302
539 0.346000 0.510996
540 0.348000 0.510695
541 0.342000 0.510384
542 0.314000 0.510022
543 0.314000 0.509662
544 0.358000 0.509383
545 0.332000 0.509059
546 0.356000 0.508779
547 0.308000 0.508412
548 0.304000 0.508040
549 0.314000 0.507687
550 0.298000 0.507307
551 0.334000 0.506993
552 0.346000 0.506702
553 0.296000 0.506321
554 0.314000 0.505975
555 0.330000 0.505658
556 0.304000 0.505296
557 0.324000 0.504971
558 0.348000 0.504691
559 0.364000 0.504439
560 0.336000 0.504139
561 0.352000 0.503868
562 0.344000 0.503584
563 0.312000 0.503245
564 0.296000 0.502878
565 0.296000 0.502512
566 0.330000 0.502208
567 0.282000 0.501820
568 0.284000 0.501438
569 0.280000 0.501049
570 0.344000 0.500774
571 0.306000 0.500434
572 0.266000 0.500024
573 0.278000 0.499638
574 0.296000 0.499283
575 0.284000 0.498910
576 0.270000 0.498513
577 0.266000 0.498111
578 0.328000 0.497817
579 0.314000 0.497500
580 0.294000 0.497150
581 0.310000 0.496828
582 0.322000 0.496528
583 0.274000 0.496147
584 0.278000 0.495774
585 0.284000 0.495413
586 0.320000 0.495114
587 0.278000 0.494745
588 0.304000 0.494421
589 0.284000 0.494064
590 0.330000 0.493787
591 0.332000 0.493514
592 0.354000 0.493278
593 0.348000 0.493034
594 0.310000 0.492726
595 0.302000 0.492406
596 0.328000 0.492131
597 0.286000 0.491786
598 0.242000 0.491369
599 0.284000 0.491023
600 0.266000 0.490649
601 0.278000 0.490296
602 0.242000 0.489884
603 0.256000 0.489497
604 0.280000 0.489150
605 0.292000 0.488825
606 0.286000 0.488491
607 0.268000 0.488128
608 0.288000 0.487800
609 0.324000 0.487531
610 0.328000 0.487270
611 0.336000 0.487023
612 0.320000 0.486750
613 0.338000 0.486508
614 0.324000 0.486244
615 0.280000 0.485909
616 0.292000 0.485595
617 0.300000 0.485294
618 0.298000 0.484992
619 0.306000 0.484703
620 0.326000 0.484448
621 0.308000 0.484164
622 0.322000 0.483904
623 0.298000 0.483606
624 0.306000 0.483322
625 0.344000 0.483099
626 0.314000 0.482829
627 0.302000 0.482541
628 0.298000 0.482248
629 0.284000 0.481933
630 0.276000 0.481607
631 0.280000 0.481288
632 0.296000 0.480995
633 0.270000 0.480662
634 0.288000 0.480359
635 0.298000 0.480072
636 0.320000 0.479821
637 0.350000 0.479618
638 0.332000 0.479387
639 0.310000 0.479122
640 0.284000 0.478817
641 0.306000 0.478548
642 0.316000 0.478295
643 0.340000 0.478081
644 0.290000 0.477789
645 0.302000 0.477517
646 0.364000 0.477342
647 0.328000 0.477111
648 0.318000 0.476866
649 0.312000 0.476612
650 0.304000 0.476347
651 0.318000 0.476104
652 0.328000 0.475877
653 0.302000 0.475612
654 0.300000 0.475344
655 0.284000 0.475052
656 0.314000 0.474807
657 0.266000 0.474489
658 0.252000 0.474152
659 0.272000 0.473845
660 0.238000 0.473489
661 0.250000 0.473151
662 0.284000 0.472866
663 0.280000 0.472575
664 0.292000 0.472304
665 0.278000 0.472012
666 0.274000 0.471715
667 0.280000 0.471428
668 0.296000 0.471166
669 0.268000 0.470863
670 0.306000 0.470617
671 0.274000 0.470324
672 0.282000 0.470045
673 0.302000 0.469795
674 0.304000 0.469550
675 0.328000 0.469340
676 0.312000 0.469108
677 0.328000 0.468900
678 0.314000 0.468672
679 0.300000 0.468424
680 0.312000 0.468194
681 0.322000 0.467979
682 0.310000 0.467748
683 0.314000 0.467523
684 0.338000 0.467334
685 0.330000 0.467134
686 0.326000 0.466929
687 0.318000 0.466712
688 0.314000 0.466491
689 0.324000 0.466284
690 0.320000 0.466072
691 0.294000 0.465824
692 0.292000 0.465573
693 0.302000 0.465337
694 0.324000 0.465134
695 0.350000 0.464968
696 0.336000 0.464783
697 0.288000 0.464530
698 0.278000 0.464263
699 0.264000 0.463977
700 0.264000 0.463692
701 0.282000 0.463433
702 0.288000 0.463183
703 0.296000 0.462946
704 0.290000 0.462701
705 0.288000 0.462453
706 0.306000 0.462232
707 0.264000 0.461952
708 0.272000 0.461684
709 0.290000 0.461442
710 0.274000 0.461179
711 0.262000 0.460899
712 0.270000 0.460631
713 0.264000 0.460356
714 0.274000 0.460095
715 0.272000 0.459832
716 0.270000 0.459568
717 0.286000 0.459326
718 0.300000 0.459104
719 0.280000 0.458856
720 0.292000 0.458624
721 0.260000 0.458349
722 0.284000 0.458108
723 0.292000 0.457878
724 0.310000 0.457674
725 0.276000 0.457424
726 0.286000 0.457188
727 0.282000 0.456948
728 0.278000 0.456702
729 0.286000 0.456468
730 0.292000 0.456244
731 0.272000 0.455992
732 0.274000 0.455744
733 0.264000 0.455482
734 0.262000 0.455219
735 0.280000 0.454981
736 0.298000 0.454768
737 0.284000 0.454537
738 0.256000 0.454268
739 0.312000 0.454076
740 0.334000 0.453914
741 0.316000 0.453728
742 0.272000 0.453483
743 0.270000 0.453237
744 0.274000 0.452996
745 0.248000 0.452721
746 0.252000 0.452452
747 0.232000 0.452158
748 0.208000 0.451832
749 0.256000 0.451571
750 0.262000 0.451318
751 0.284000 0.451096
752 0.288000 0.450879
753 0.254000 0.450618
754 0.256000 0.450360
755 0.238000 0.450079
756 0.260000 0.449828
757 0.262000 0.449580
758 0.262000 0.449333
759 0.292000 0.449126
760 0.254000 0.448870
761 0.232000 0.448585
762 0.254000 0.448330
763 0.276000 0.448105
764 0.288000 0.447895
765 0.280000 0.447676
766 0.292000 0.447473
767 0.268000 0.447240
768 0.294000 0.447040
769 0.296000 0.446844
770 0.302000 0.446656
771 0.316000 0.446487
772 0.270000 0.446259
773 0.288000 0.446054
774 0.296000 0.445861
775 0.296000 0.445668
776 0.272000 0.445444
777 0.288000 0.445242
778 0.264000 0.445009
779 0.246000 0.444754
780 0.282000 0.444545
781 0.298000 0.444358
782 0.288000 0.444158
783 0.310000 0.443987
784 0.310000 0.443817
785 0.326000 0.443667
786 0.294000 0.443476
787 0.280000 0.443269
788 0.296000 0.443082
789 0.316000 0.442922
790 0.282000 0.442718
791 0.284000 0.442518
792 0.270000 0.442300
793 0.264000 0.442076
794 0.276000 0.441867
795 0.272000 0.441653
796 0.258000 0.441423
797 0.244000 0.441175
798 0.238000 0.440921
799 0.242000 0.440673
800 0.236000 0.440417
801 0.236000 0.440162
802 0.242000 0.439915
803 0.244000 0.439672
804 0.248000 0.439434
805 0.210000 0.439149
806 0.250000 0.438914
807 0.274000 0.438710
808 0.264000 0.438494
809 0.216000 0.438220
810 0.214000 0.437943
811 0.236000 0.437695
812 0.240000 0.437451
813 0.250000 0.437221
814 0.274000 0.437021
815 0.238000 0.436777
816 0.250000 0.436548
817 0.228000 0.436293
818 0.216000 0.436024
819 0.226000 0.435768
820 0.228000 0.435515
821 0.200000 0.435229
822 0.222000 0.434970
823 0.210000 0.434697
824 0.260000 0.434485
825 0.274000 0.434291
826 0.270000 0.434092
827 0.252000 0.433872
828 0.226000 0.433621
829 0.218000 0.433361
830 0.224000 0.433110
831 0.220000 0.432853
832 0.240000 0.432622
833 0.252000 0.432405
834 0.262000 0.432201
835 0.240000 0.431971
836 0.208000 0.431704
837 0.222000 0.431453
838 0.216000 0.431197
839 0.254000 0.430986
840 0.222000 0.430737
841 0.242000 0.430513
842 0.218000 0.430261
843 0.216000 0.430007
844 0.220000 0.429759
845 0.204000 0.429492
846 0.204000 0.429226
847 0.210000 0.428967
848 0.218000 0.428718
849 0.224000 0.428478
850 0.216000 0.428228
851 0.230000 0.427995
852 0.266000 0.427805
853 0.234000 0.427578
854 0.226000 0.427343
855 0.196000 0.427072
856 0.200000 0.426807
857 0.226000 0.426573
858 0.254000 0.426373
859 0.290000 0.426214
860 0.248000 0.426007
861 0.228000 0.425777
862 0.236000 0.425557
863 0.186000 0.425280
864 0.192000 0.425010
865 0.234000 0.424790
866 0.224000 0.424558
867 0.234000 0.424339
868 0.244000 0.424131
869 0.232000 0.423910
870 0.212000 0.423667
871 0.214000 0.423427
872 0.198000 0.423168
873 0.202000 0.422915
874 0.222000 0.422686
875 0.192000 0.422422
876 0.198000 0.422166
877 0.188000 0.421900
878 0.194000 0.421641
879 0.228000 0.421420
880 0.234000 0.421208
881 0.168000 0.420921
882 0.188000 0.420657
883 0.208000 0.420416
884 0.220000 0.420190
885 0.232000 0.419977
886 0.234000 0.419768
887 0.232000 0.419556
888 0.228000 0.419341
889 0.270000 0.419173
890 0.274000 0.419010
891 0.226000 0.418794
892 0.240000 0.418594
893 0.260000 0.418416
894 0.234000 0.418210
895 0.222000 0.417991
896 0.236000 0.417788
897 0.210000 0.417557
898 0.216000 0.417333
899 0.222000 0.417116
900 0.194000 0.416868
901 0.178000 0.416603
902 0.194000 0.416357
903 0.210000 0.416128
904 0.214000 0.415905
905 0.222000 0.415691
906 0.216000 0.415471
907 0.194000 0.415227
908 0.198000 0.414988
909 0.212000 0.414765
910 0.188000 0.414516
911 0.172000 0.414250
912 0.188000 0.414002
913 0.200000 0.413768
914 0.204000 0.413539
915 0.180000 0.413284
916 0.212000 0.413064
917 0.222000 0.412856
918 0.208000 0.412633
919 0.226000 0.412430
920 0.222000 0.412224
921 0.214000 0.412009
922 0.222000 0.411803
923 0.222000 0.411597
924 0.234000 0.411405
925 0.236000 0.411216
926 0.212000 0.411001
927 0.202000 0.410776
928 0.230000 0.410581
929 0.190000 0.410344
930 0.246000 0.410168
931 0.240000 0.409985
932 0.200000 0.409760
933 0.194000 0.409529
934 0.184000 0.409288
935 0.178000 0.409041
936 0.162000 0.408777
937 0.184000 0.408537
938 0.204000 0.408319
939 0.190000 0.408087
940 0.206000 0.407872
941 0.190000 0.407641
942 0.212000 0.407434
943 0.210000 0.407225
944 0.214000 0.407020
945 0.228000 0.406831
946 0.190000 0.406602
947 0.196000 0.406380
948 0.178000 0.406139
949 0.174000 0.405895
950 0.184000 0.405661
951 0.182000 0.405426
952 0.164000 0.405173
953 0.194000 0.404952
954 0.182000 0.404718
955 0.196000 0.404500
956 0.178000 0.404263
957 0.164000 0.404013
958 0.176000 0.403775
959 0.150000 0.403510
960 0.194000 0.403292
961 0.198000 0.403079
962 0.224000 0.402893
963 0.184000 0.402666
964 0.182000 0.402437
965 0.184000 0.402211
966 0.192000 0.401994
967 0.204000 0.401789
968 0.192000 0.401573
969 0.188000 0.401353
970 0.176000 0.401120
971 0.184000 0.400897
972 0.200000 0.400691
973 0.204000 0.400489
974 0.194000 0.400277
975 0.214000 0.400086
976 0.228000 0.399910
977 0.214000 0.399720
978 0.218000 0.399534
979 0.208000 0.399339
980 0.266000 0.399203
981 0.242000 0.399043
982 0.240000 0.398881
983 0.244000 0.398724
984 0.204000 0.398526
985 0.190000 0.398314
986 0.204000 0.398118
987 0.196000 0.397913
988 0.204000 0.397717
989 0.228000 0.397545
990 0.194000 0.397340
991 0.206000 0.397147
992 0.198000 0.396947
993 0.182000 0.396730
994 0.208000 0.396541
995 0.222000 0.396365
996 0.184000 0.396152
997 0.192000 0.395948
998 0.172000 0.395724
999 0.162000 0.395490
