0 1.000000 1.000000
1 0.982000 0.991000
2 0.946000 0.976000
3 0.932000 0.965000
4 0.908000 0.953600
5 0.914000 0.947000
6 0.928000 0.944286
7 0.922000 0.941500
8 0.918000 0.938889
9 0.892000 0.934200
10 0.914000 0.932364
11 0.908000 0.930333
12 0.912000 0.928923
13 0.906000 0.927286
14 0.898000 0.925333
15 0.888000 0.923000
16 0.882000 0.920588
17 0.882000 0.918444
18 0.868000 0.915789
19 0.874000 0.913700
20 0.884000 0.912286
21 0.874000 0.910545
22 0.876000 0.909043
23 0.878000 0.907750
24 0.880000 0.906640
25 0.870000 0.905231
26 0.882000 0.904370
27 0.878000 0.903429
28 0.880000 0.902621
29 0.862000 0.901267
30 0.860000 0.899935
31 0.850000 0.898375
32 0.844000 0.896727
33 0.864000 0.895765
34 0.876000 0.895200
35 0.850000 0.893944
36 0.864000 0.893135
37 0.854000 0.892105
38 0.846000 0.890923
39 0.842000 0.889700
40 0.832000 0.888293
41 0.848000 0.887333
42 0.870000 0.886930
43 0.868000 0.886500
44 0.886000 0.886489
45 0.876000 0.886261
46 0.878000 0.886085
47 0.870000 0.885750
48 0.872000 0.885469
49 0.880000 0.885360
50 0.862000 0.884902
51 0.892000 0.885038
52 0.878000 0.884906
53 0.864000 0.884519
54 0.878000 0.884400
55 0.874000 0.884214
56 0.878000 0.884105
57 0.890000 0.884207
58 0.858000 0.883763
59 0.866000 0.883467
60 0.874000 0.883311
61 0.852000 0.882806
62 0.842000 0.882159
63 0.852000 0.881687
64 0.874000 0.881569
65 0.858000 0.881212
66 0.842000 0.880627
67 0.854000 0.880235
68 0.866000 0.880029
69 0.840000 0.879457
70 0.860000 0.879183
71 0.866000 0.879000
72 0.850000 0.878603
73 0.860000 0.878351
74 0.872000 0.878267
75 0.874000 0.878211
76 0.848000 0.877818
77 0.860000 0.877590
78 0.850000 0.877241
79 0.846000 0.876850
80 0.860000 0.876642
81 0.844000 0.876244
82 0.850000 0.875928
83 0.856000 0.875690
84 0.852000 0.875412
85 0.830000 0.874884
86 0.818000 0.874230
87 0.836000 0.873795
88 0.850000 0.873528
89 0.858000 0.873356
90 0.862000 0.873231
91 0.854000 0.873022
92 0.844000 0.872710
93 0.850000 0.872468
94 0.864000 0.872379
95 0.842000 0.872062
96 0.846000 0.871794
97 0.828000 0.871347
98 0.830000 0.870929
99 0.830000 0.870520
100 0.834000 0.870158
101 0.858000 0.870039
102 0.842000 0.869767
103 0.850000 0.869577
104 0.858000 0.869467
105 0.844000 0.869226
106 0.840000 0.868953
107 0.862000 0.868889
108 0.860000 0.868807
109 0.854000 0.868673
110 0.858000 0.868577
111 0.840000 0.868321
112 0.848000 0.868142
113 0.856000 0.868035
114 0.856000 0.867930
115 0.858000 0.867845
116 0.830000 0.867521
117 0.842000 0.867305
118 0.844000 0.867109
119 0.838000 0.866867
120 0.834000 0.866595
121 0.822000 0.866230
122 0.840000 0.866016
123 0.848000 0.865871
124 0.840000 0.865664
125 0.852000 0.865556
126 0.854000 0.865465
127 0.870000 0.865500
128 0.856000 0.865426
129 0.868000 0.865446
130 0.822000 0.865115
131 0.846000 0.864970
132 0.842000 0.864797
133 0.844000 0.864642
134 0.844000 0.864489
135 0.850000 0.864382
136 0.862000 0.864365
137 0.826000 0.864087
138 0.872000 0.864144
139 0.860000 0.864114
140 0.848000 0.864000
141 0.862000 0.863986
142 0.854000 0.863916
143 0.852000 0.863833
144 0.858000 0.863793
145 0.852000 0.863712
146 0.854000 0.863646
147 0.876000 0.863730
148 0.864000 0.863732
149 0.882000 0.863853
150 0.854000 0.863788
151 0.850000 0.863697
152 0.844000 0.863569
153 0.846000 0.863455
154 0.836000 0.863277
155 0.844000 0.863154
156 0.828000 0.862930
157 0.826000 0.862696
158 0.830000 0.862491
159 0.832000 0.862300
160 0.852000 0.862236
161 0.854000 0.862185
162 0.844000 0.862074
163 0.860000 0.862061
164 0.864000 0.862073
165 0.848000 0.861988
166 0.870000 0.862036
167 0.828000 0.861833
168 0.840000 0.861704
169 0.836000 0.861553
170 0.834000 0.861392
171 0.868000 0.861430
172 0.854000 0.861387
173 0.860000 0.861379
174 0.856000 0.861349
175 0.852000 0.861295
176 0.848000 0.861220
177 0.864000 0.861236
178 0.842000 0.861128
179 0.858000 0.861111
180 0.860000 0.861105
181 0.872000 0.861165
182 0.856000 0.861137
183 0.850000 0.861076
184 0.858000 0.861059
185 0.870000 0.861108
186 0.878000 0.861198
187 0.870000 0.861245
188 0.862000 0.861249
189 0.876000 0.861326
190 0.860000 0.861319
191 0.856000 0.861292
192 0.854000 0.861254
193 0.876000 0.861330
194 0.832000 0.861179
195 0.848000 0.861112
196 0.880000 0.861208
197 0.860000 0.861202
198 0.840000 0.861095
199 0.844000 0.861010
200 0.864000 0.861025
201 0.862000 0.861030
202 0.858000 0.861015
203 0.874000 0.861078
204 0.862000 0.861083
205 0.864000 0.861097
206 0.868000 0.861130
207 0.866000 0.861154
208 0.864000 0.861167
209 0.852000 0.861124
210 0.834000 0.860995
211 0.832000 0.860858
212 0.862000 0.860864
213 0.846000 0.860794
214 0.848000 0.860735
215 0.870000 0.860778
216 0.854000 0.860747
217 0.858000 0.860734
218 0.846000 0.860667
219 0.858000 0.860655
220 0.852000 0.860615
221 0.830000 0.860477
222 0.834000 0.860359
223 0.840000 0.860268
224 0.868000 0.860302
225 0.852000 0.860265
226 0.866000 0.860291
227 0.868000 0.860325
228 0.874000 0.860384
229 0.866000 0.860409
230 0.858000 0.860398
231 0.872000 0.860448
232 0.872000 0.860498
233 0.856000 0.860479
234 0.850000 0.860434
235 0.884000 0.860534
236 0.884000 0.860633
237 0.860000 0.860630
238 0.868000 0.860661
239 0.868000 0.860692
240 0.856000 0.860672
241 0.846000 0.860612
242 0.838000 0.860519
243 0.858000 0.860508
244 0.830000 0.860384
245 0.862000 0.860390
246 0.866000 0.860413
247 0.870000 0.860452
248 0.862000 0.860458
249 0.852000 0.860424
250 0.860000 0.860422
251 0.850000 0.860381
252 0.868000 0.860411
253 0.862000 0.860417
254 0.874000 0.860471
255 0.884000 0.860563
256 0.878000 0.860630
257 0.858000 0.860620
258 0.872000 0.860664
259 0.856000 0.860646
260 0.876000 0.860705
261 0.868000 0.860733
262 0.864000 0.860745
263 0.858000 0.860735
264 0.842000 0.860664
265 0.858000 0.860654
266 0.850000 0.860614
267 0.870000 0.860649
268 0.866000 0.860669
269 0.866000 0.860689
270 0.872000 0.860731
271 0.854000 0.860706
272 0.870000 0.860740
273 0.874000 0.860788
274 0.864000 0.860800
275 0.850000 0.860761
276 0.872000 0.860801
277 0.860000 0.860799
278 0.870000 0.860832
279 0.848000 0.860786
280 0.848000 0.860740
281 0.860000 0.860738
282 0.844000 0.860678
283 0.836000 0.860592
284 0.832000 0.860491
285 0.836000 0.860406
286 0.858000 0.860397
287 0.842000 0.860333
288 0.868000 0.860360
289 0.858000 0.860352
290 0.844000 0.860296
291 0.834000 0.860205
292 0.838000 0.860130
293 0.872000 0.860170
294 0.878000 0.860231
295 0.872000 0.860270
296 0.872000 0.860310
297 0.882000 0.860383
298 0.876000 0.860435
299 0.870000 0.860467
300 0.860000 0.860465
301 0.832000 0.860371
302 0.856000 0.860356
303 0.866000 0.860375
304 0.876000 0.860426
305 0.868000 0.860451
306 0.858000 0.860443
307 0.846000 0.860396
308 0.882000 0.860466
309 0.876000 0.860516
310 0.852000 0.860489
311 0.860000 0.860487
312 0.850000 0.860454
313 0.846000 0.860408
314 0.826000 0.860298
315 0.844000 0.860247
316 0.872000 0.860284
317 0.858000 0.860277
318 0.864000 0.860288
319 0.874000 0.860331
320 0.860000 0.860330
321 0.844000 0.860280
322 0.860000 0.860279
323 0.876000 0.860327
324 0.864000 0.860338
325 0.878000 0.860393
326 0.880000 0.860453
327 0.852000 0.860427
328 0.830000 0.860334
329 0.832000 0.860248
330 0.856000 0.860236
331 0.876000 0.860283
332 0.856000 0.860270
333 0.862000 0.860275
334 0.832000 0.860191
335 0.844000 0.860143
336 0.838000 0.860077
337 0.870000 0.860107
338 0.860000 0.860106
339 0.868000 0.860129
340 0.872000 0.860164
341 0.858000 0.860158
342 0.862000 0.860163
343 0.880000 0.860221
344 0.866000 0.860238
345 0.852000 0.860214
346 0.868000 0.860236
347 0.874000 0.860276
348 0.868000 0.860298
349 0.860000 0.860297
350 0.872000 0.860330
351 0.868000 0.860352
352 0.888000 0.860431
353 0.864000 0.860441
354 0.882000 0.860501
355 0.858000 0.860494
356 0.850000 0.860465
357 0.852000 0.860441
358 0.874000 0.860479
359 0.880000 0.860533
360 0.862000 0.860537
361 0.884000 0.860602
362 0.874000 0.860639
363 0.876000 0.860681
364 0.860000 0.860679
365 0.844000 0.860634
366 0.834000 0.860561
367 0.872000 0.860592
368 0.892000 0.860678
369 0.884000 0.860741
370 0.882000 0.860798
371 0.858000 0.860790
372 0.868000 0.860810
373 0.860000 0.860807
374 0.890000 0.860885
375 0.888000 0.860957
376 0.862000 0.860960
377 0.842000 0.860910
378 0.836000 0.860844
379 0.854000 0.860826
380 0.852000 0.860803
381 0.874000 0.860838
382 0.864000 0.860846
383 0.872000 0.860875
384 0.864000 0.860883
385 0.854000 0.860865
386 0.854000 0.860848
387 0.860000 0.860845
388 0.846000 0.860807
389 0.836000 0.860744
390 0.868000 0.860762
391 0.870000 0.860786
392 0.878000 0.860830
393 0.880000 0.860878
394 0.866000 0.860891
395 0.852000 0.860869
396 0.862000 0.860872
397 0.854000 0.860854
398 0.854000 0.860837
399 0.866000 0.860850
400 0.866000 0.860863
401 0.882000 0.860915
402 0.886000 0.860978
403 0.868000 0.860995
404 0.864000 0.861002
405 0.834000 0.860936
406 0.852000 0.860914
407 0.852000 0.860892
408 0.866000 0.860905
409 0.832000 0.860834
410 0.848000 0.860803
411 0.822000 0.860709
412 0.822000 0.860615
413 0.850000 0.860589
414 0.848000 0.860559
415 0.866000 0.860572
416 0.864000 0.860580
417 0.872000 0.860608
418 0.890000 0.860678
419 0.866000 0.860690
420 0.866000 0.860703
421 0.864000 0.860711
422 0.858000 0.860704
423 0.848000 0.860675
424 0.868000 0.860692
425 0.854000 0.860676
426 0.852000 0.860656
427 0.852000 0.860636
428 0.852000 0.860615
429 0.826000 0.860535
430 0.840000 0.860487
431 0.848000 0.860458
432 0.854000 0.860443
433 0.844000 0.860406
434 0.824000 0.860322
435 0.850000 0.860298
436 0.830000 0.860229
437 0.850000 0.860205
438 0.850000 0.860182
439 0.844000 0.860145
440 0.850000 0.860122
441 0.862000 0.860127
442 0.872000 0.860153
443 0.852000 0.860135
444 0.852000 0.860117
445 0.856000 0.860108
446 0.860000 0.860107
447 0.872000 0.860134
448 0.860000 0.860134
449 0.858000 0.860129
450 0.852000 0.860111
451 0.864000 0.860119
452 0.842000 0.860079
453 0.862000 0.860084
454 0.876000 0.860119
455 0.880000 0.860162
456 0.896000 0.860241
457 0.884000 0.860293
458 0.888000 0.860353
459 0.894000 0.860426
460 0.878000 0.860464
461 0.866000 0.860476
462 0.858000 0.860471
463 0.866000 0.860483
464 0.858000 0.860477
465 0.860000 0.860476
466 0.866000 0.860488
467 0.880000 0.860530
468 0.868000 0.860546
469 0.842000 0.860506
470 0.846000 0.860476
471 0.854000 0.860462
472 0.842000 0.860423
473 0.854000 0.860409
474 0.850000 0.860387
475 0.852000 0.860370
476 0.842000 0.860331
477 0.834000 0.860276
478 0.832000 0.860217
479 0.826000 0.860146
480 0.848000 0.860121
481 0.858000 0.860116
482 0.860000 0.860116
483 0.856000 0.860107
484 0.850000 0.860087
485 0.848000 0.860062
486 0.840000 0.860021
487 0.852000 0.860004
488 0.864000 0.860012
489 0.878000 0.860049
490 0.876000 0.860081
491 0.866000 0.860093
492 0.878000 0.860130
493 0.876000 0.860162
494 0.888000 0.860218
495 0.848000 0.860194
496 0.858000 0.860189
497 0.854000 0.860177
498 0.850000 0.860156
499 0.834000 0.860104
500 0.836000 0.860056
501 0.860000 0.860056
502 0.866000 0.860068
503 0.872000 0.860091
504 0.876000 0.860123
505 0.852000 0.860107
506 0.854000 0.860095
507 0.860000 0.860094
508 0.834000 0.860043
509 0.828000 0.859980
510 0.854000 0.859969
511 0.844000 0.859938
512 0.834000 0.859887
513 0.824000 0.859817
514 0.832000 0.859763
515 0.828000 0.859702
516 0.840000 0.859663
517 0.836000 0.859618
518 0.822000 0.859545
519 0.854000 0.859535
520 0.852000 0.859520
521 0.838000 0.859479
522 0.836000 0.859434
523 0.834000 0.859385
524 0.842000 0.859352
525 0.830000 0.859297
526 0.864000 0.859306
527 0.880000 0.859345
528 0.878000 0.859380
529 0.832000 0.859328
530 0.838000 0.859288
531 0.834000 0.859241
532 0.860000 0.859242
533 0.854000 0.859232
534 0.854000 0.859222
535 0.852000 0.859209
536 0.852000 0.859196
537 0.858000 0.859193
538 0.860000 0.859195
539 0.864000 0.859204
540 0.858000 0.859201
541 0.844000 0.859173
542 0.834000 0.859127
543 0.838000 0.859088
544 0.844000 0.859061
545 0.826000 0.859000
546 0.856000 0.858995
547 0.864000 0.859004
548 0.844000 0.858976
549 0.830000 0.858924
550 0.820000 0.858853
551 0.826000 0.858793
552 0.836000 0.858752
553 0.812000 0.858668
554 0.822000 0.858602
555 0.836000 0.858561
556 0.812000 0.858478
557 0.834000 0.858434
558 0.838000 0.858397
559 0.838000 0.858361
560 0.836000 0.858321
561 0.842000 0.858292
562 0.854000 0.858284
563 0.826000 0.858227
564 0.832000 0.858181
565 0.830000 0.858131
566 0.844000 0.858106
567 0.834000 0.858063
568 0.832000 0.858018
569 0.838000 0.857982
570 0.848000 0.857965
571 0.846000 0.857944
572 0.844000 0.857920
573 0.812000 0.857840
574 0.852000 0.857830
575 0.842000 0.857802
576 0.828000 0.857750
577 0.816000 0.857678
578 0.828000 0.857627
579 0.848000 0.857610
580 0.844000 0.857587
581 0.844000 0.857564
582 0.838000 0.857530
583 0.836000 0.857493
584 0.860000 0.857497
585 0.844000 0.857474
586 0.840000 0.857445
587 0.836000 0.857408
588 0.852000 0.857399
589 0.872000 0.857424
590 0.850000 0.857411
591 0.864000 0.857422
592 0.856000 0.857420
593 0.860000 0.857424
594 0.846000 0.857405
595 0.836000 0.857369
596 0.834000 0.857330
597 0.842000 0.857304
598 0.814000 0.857232
599 0.856000 0.857230
600 0.826000 0.857178
601 0.836000 0.857143
602 0.842000 0.857118
603 0.840000 0.857089
604 0.856000 0.857088
605 0.856000 0.857086
606 0.844000 0.857064
607 0.848000 0.857049
608 0.848000 0.857034
609 0.858000 0.857036
610 0.846000 0.857018
611 0.832000 0.856977
612 0.864000 0.856989
613 0.866000 0.857003
614 0.874000 0.857031
615 0.866000 0.857045
616 0.866000 0.857060
617 0.844000 0.857039
618 0.838000 0.857008
619 0.852000 0.857000
620 0.838000 0.856969
621 0.822000 0.856913
622 0.810000 0.856838
623 0.840000 0.856811
624 0.850000 0.856800
625 0.840000 0.856773
626 0.852000 0.856766
627 0.832000 0.856726
628 0.836000 0.856693
629 0.836000 0.856660
630 0.840000 0.856634
631 0.840000 0.856608
632 0.836000 0.856575
633 0.826000 0.856527
634 0.864000 0.856539
635 0.858000 0.856541
636 0.856000 0.856540
637 0.856000 0.856539
638 0.850000 0.856529
639 0.842000 0.856506
640 0.844000 0.856487
641 0.858000 0.856489
642 0.828000 0.856445
643 0.850000 0.856435
644 0.862000 0.856443
645 0.864000 0.856455
646 0.886000 0.856501
647 0.870000 0.856522
648 0.864000 0.856533
649 0.862000 0.856542
650 0.856000 0.856541
651 0.870000 0.856561
652 0.844000 0.856542
653 0.864000 0.856554
654 0.852000 0.856547
655 0.852000 0.856540
656 0.852000 0.856533
657 0.844000 0.856514
658 0.834000 0.856480
659 0.832000 0.856442
660 0.846000 0.856427
661 0.836000 0.856396
662 0.842000 0.856374
663 0.852000 0.856367
664 0.862000 0.856376
665 0.856000 0.856375
666 0.832000 0.856339
667 0.854000 0.856335
668 0.864000 0.856347
669 0.822000 0.856296
670 0.846000 0.856280
671 0.830000 0.856241
672 0.848000 0.856229
673 0.840000 0.856205
674 0.862000 0.856213
675 0.866000 0.856228
676 0.856000 0.856227
677 0.848000 0.856215
678 0.850000 0.856206
679 0.866000 0.856221
680 0.848000 0.856209
681 0.858000 0.856211
682 0.850000 0.856202
683 0.866000 0.856216
684 0.864000 0.856228
685 0.864000 0.856239
686 0.868000 0.856256
687 0.844000 0.856238
688 0.868000 0.856255
689 0.850000 0.856246
690 0.856000 0.856246
691 0.842000 0.856225
692 0.848000 0.856214
693 0.870000 0.856233
694 0.858000 0.856236
695 0.860000 0.856241
696 0.850000 0.856232
697 0.850000 0.856223
698 0.842000 0.856203
699 0.858000 0.856206
700 0.878000 0.856237
701 0.840000 0.856214
702 0.836000 0.856185
703 0.814000 0.856125
704 0.858000 0.856128
705 0.854000 0.856125
706 0.858000 0.856127
707 0.852000 0.856121
708 0.854000 0.856118
709 0.840000 0.856096
710 0.872000 0.856118
711 0.858000 0.856121
712 0.850000 0.856112
713 0.846000 0.856098
714 0.842000 0.856078
715 0.848000 0.856067
716 0.846000 0.856053
717 0.852000 0.856047
718 0.874000 0.856072
719 0.876000 0.856100
720 0.854000 0.856097
721 0.866000 0.856111
722 0.854000 0.856108
723 0.858000 0.856110
724 0.848000 0.856099
725 0.842000 0.856080
726 0.854000 0.856077
727 0.874000 0.856102
728 0.878000 0.856132
729 0.868000 0.856148
730 0.884000 0.856186
731 0.860000 0.856191
732 0.874000 0.856216
733 0.852000 0.856210
734 0.844000 0.856193
735 0.838000 0.856168
736 0.854000 0.856166
737 0.846000 0.856152
738 0.830000 0.856116
739 0.844000 0.856100
740 0.832000 0.856067
741 0.860000 0.856073
742 0.870000 0.856092
743 0.872000 0.856113
744 0.890000 0.856158
745 0.878000 0.856188
746 0.848000 0.856177
747 0.852000 0.856171
748 0.850000 0.856163
749 0.828000 0.856125
750 0.824000 0.856083
751 0.826000 0.856043
752 0.836000 0.856016
753 0.836000 0.855989
754 0.862000 0.855997
755 0.844000 0.855981
756 0.858000 0.855984
757 0.866000 0.855997
758 0.852000 0.855992
759 0.856000 0.855992
760 0.872000 0.856013
761 0.868000 0.856029
762 0.828000 0.855992
763 0.840000 0.855971
764 0.862000 0.855979
765 0.864000 0.855990
766 0.864000 0.856000
767 0.858000 0.856003
768 0.862000 0.856010
769 0.852000 0.856005
770 0.850000 0.855997
771 0.838000 0.855974
772 0.842000 0.855956
773 0.868000 0.855972
774 0.866000 0.855985
775 0.864000 0.855995
776 0.838000 0.855972
777 0.836000 0.855946
778 0.852000 0.855941
779 0.838000 0.855918
780 0.844000 0.855903
781 0.872000 0.855923
782 0.866000 0.855936
783 0.848000 0.855926
784 0.852000 0.855921
785 0.874000 0.855944
786 0.870000 0.855962
787 0.858000 0.855964
788 0.876000 0.855990
789 0.874000 0.856013
790 0.874000 0.856035
791 0.868000 0.856051
792 0.876000 0.856076
793 0.868000 0.856091
794 0.848000 0.856081
795 0.852000 0.856075
796 0.832000 0.856045
797 0.846000 0.856033
798 0.854000 0.856030
799 0.834000 0.856002
800 0.866000 0.856015
801 0.854000 0.856012
802 0.852000 0.856007
803 0.828000 0.855973
804 0.840000 0.855953
805 0.824000 0.855913
806 0.854000 0.855911
807 0.848000 0.855901
808 0.866000 0.855913
809 0.848000 0.855904
810 0.864000 0.855914
811 0.844000 0.855899
812 0.862000 0.855907
813 0.880000 0.855936
814 0.854000 0.855934
815 0.860000 0.855939
816 0.848000 0.855929
817 0.864000 0.855939
818 0.848000 0.855929
819 0.864000 0.855939
820 0.838000 0.855917
821 0.818000 0.855871
822 0.868000 0.855886
823 0.842000 0.855869
824 0.836000 0.855845
825 0.852000 0.855840
826 0.832000 0.855811
827 0.822000 0.855771
828 0.846000 0.855759
829 0.846000 0.855747
830 0.834000 0.855721
831 0.834000 0.855695
832 0.856000 0.855695
833 0.830000 0.855664
834 0.818000 0.855619
835 0.840000 0.855600
836 0.844000 0.855587
837 0.834000 0.855561
838 0.848000 0.855552
839 0.856000 0.855552
840 0.802000 0.855489
841 0.834000 0.855463
842 0.814000 0.855414
843 0.828000 0.855382
844 0.832000 0.855354
845 0.818000 0.855310
846 0.822000 0.855270
847 0.834000 0.855245
848 0.840000 0.855227
849 0.838000 0.855207
850 0.860000 0.855213
851 0.874000 0.855235
852 0.886000 0.855271
853 0.870000 0.855288
854 0.860000 0.855294
855 0.874000 0.855315
856 0.840000 0.855298
857 0.848000 0.855289
858 0.840000 0.855271
859 0.848000 0.855263
860 0.852000 0.855259
861 0.836000 0.855237
862 0.848000 0.855228
863 0.848000 0.855220
864 0.838000 0.855200
865 0.842000 0.855185
866 0.842000 0.855170
867 0.864000 0.855180
868 0.886000 0.855215
869 0.862000 0.855223
870 0.866000 0.855235
871 0.858000 0.855239
872 0.848000 0.855230
873 0.868000 0.855245
874 0.872000 0.855264
875 0.866000 0.855276
876 0.874000 0.855298
877 0.870000 0.855314
878 0.864000 0.855324
879 0.860000 0.855330
880 0.868000 0.855344
881 0.858000 0.855347
882 0.850000 0.855341
883 0.840000 0.855324
884 0.826000 0.855290
885 0.826000 0.855257
886 0.856000 0.855258
887 0.864000 0.855268
888 0.830000 0.855240
889 0.844000 0.855227
890 0.846000 0.855217
891 0.848000 0.855209
892 0.848000 0.855200
893 0.860000 0.855206
894 0.872000 0.855225
895 0.846000 0.855214
896 0.854000 0.855213
897 0.834000 0.855189
898 0.838000 0.855170
899 0.830000 0.855142
900 0.840000 0.855125
901 0.836000 0.855104
902 0.846000 0.855094
903 0.880000 0.855122
904 0.882000 0.855151
905 0.880000 0.855179
906 0.868000 0.855193
907 0.854000 0.855192
908 0.860000 0.855197
909 0.854000 0.855196
910 0.854000 0.855194
911 0.880000 0.855221
912 0.872000 0.855240
913 0.874000 0.855260
914 0.862000 0.855268
915 0.854000 0.855266
916 0.878000 0.855291
917 0.872000 0.855309
918 0.860000 0.855314
919 0.878000 0.855339
920 0.896000 0.855383
921 0.870000 0.855399
922 0.854000 0.855398
923 0.850000 0.855392
924 0.840000 0.855375
925 0.836000 0.855354
926 0.838000 0.855335
927 0.846000 0.855325
928 0.830000 0.855298
929 0.848000 0.855290
930 0.856000 0.855291
931 0.884000 0.855322
932 0.864000 0.855331
933 0.840000 0.855315
934 0.852000 0.855311
935 0.848000 0.855303
936 0.852000 0.855300
937 0.856000 0.855301
938 0.872000 0.855318
939 0.866000 0.855330
940 0.866000 0.855341
941 0.846000 0.855331
942 0.830000 0.855304
943 0.842000 0.855290
944 0.856000 0.855291
945 0.848000 0.855283
946 0.848000 0.855276
947 0.846000 0.855266
948 0.844000 0.855254
949 0.850000 0.855248
950 0.872000 0.855266
951 0.850000 0.855261
952 0.854000 0.855259
953 0.850000 0.855254
954 0.878000 0.855277
955 0.872000 0.855295
956 0.860000 0.855300
957 0.844000 0.855288
958 0.836000 0.855268
959 0.842000 0.855254
960 0.830000 0.855228
961 0.854000 0.855227
962 0.848000 0.855219
963 0.836000 0.855199
964 0.826000 0.855169
965 0.832000 0.855145
966 0.850000 0.855140
967 0.846000 0.855130
968 0.830000 0.855104
969 0.826000 0.855074
970 0.848000 0.855067
971 0.812000 0.855023
972 0.844000 0.855011
973 0.860000 0.855016
974 0.834000 0.854995
975 0.846000 0.854986
976 0.848000 0.854979
977 0.844000 0.854967
978 0.848000 0.854960
979 0.850000 0.854955
980 0.830000 0.854930
981 0.854000 0.854929
982 0.854000 0.854928
983 0.860000 0.854933
984 0.842000 0.854920
985 0.854000 0.854919
986 0.846000 0.854910
987 0.824000 0.854879
988 0.842000 0.854866
989 0.850000 0.854861
990 0.854000 0.854860
991 0.842000 0.854847
992 0.854000 0.854846
993 0.828000 0.854819
994 0.850000 0.854814
995 0.864000 0.854823
996 0.844000 0.854812
997 0.856000 0.854814
998 0.856000 0.854815
999 0.832000 0.854792
