0 1.000000 1.000000
1 0.992000 0.996000
2 0.978000 0.990000
3 0.980000 0.987500
4 0.962000 0.982400
5 0.970000 0.980333
6 0.978000 0.980000
7 0.978000 0.979750
8 0.976000 0.979333
9 0.960000 0.977400
10 0.962000 0.976000
11 0.960000 0.974667
12 0.976000 0.974769
13 0.958000 0.973571
14 0.958000 0.972533
15 0.932000 0.970000
16 0.948000 0.968706
17 0.944000 0.967333
18 0.944000 0.966105
19 0.952000 0.965400
20 0.948000 0.964571
21 0.940000 0.963455
22 0.946000 0.962696
23 0.952000 0.962250
24 0.956000 0.962000
25 0.954000 0.961692
26 0.950000 0.961259
27 0.958000 0.961143
28 0.956000 0.960966
29 0.948000 0.960533
30 0.948000 0.960129
31 0.946000 0.959688
32 0.950000 0.959394
33 0.954000 0.959235
34 0.964000 0.959371
35 0.944000 0.958944
36 0.954000 0.958811
37 0.946000 0.958474
38 0.948000 0.958205
39 0.952000 0.958050
40 0.928000 0.957317
41 0.946000 0.957048
42 0.946000 0.956791
43 0.952000 0.956682
44 0.960000 0.956756
45 0.950000 0.956609
46 0.960000 0.956681
47 0.948000 0.956500
48 0.946000 0.956286
49 0.960000 0.956360
50 0.958000 0.956392
51 0.964000 0.956538
52 0.958000 0.956566
53 0.952000 0.956481
54 0.956000 0.956473
55 0.954000 0.956429
56 0.956000 0.956421
57 0.956000 0.956414
58 0.944000 0.956203
59 0.952000 0.956133
60 0.948000 0.956000
61 0.946000 0.955839
62 0.936000 0.955524
63 0.944000 0.955344
64 0.950000 0.955262
65 0.958000 0.955303
66 0.956000 0.955313
67 0.956000 0.955324
68 0.962000 0.955420
69 0.952000 0.955371
70 0.960000 0.955437
71 0.960000 0.955500
72 0.948000 0.955397
73 0.946000 0.955270
74 0.956000 0.955280
75 0.954000 0.955263
76 0.950000 0.955195
77 0.962000 0.955282
78 0.958000 0.955316
79 0.938000 0.955100
80 0.952000 0.955062
81 0.938000 0.954854
82 0.940000 0.954675
83 0.944000 0.954548
84 0.938000 0.954353
85 0.934000 0.954116
86 0.944000 0.954000
87 0.952000 0.953977
88 0.940000 0.953820
89 0.952000 0.953800
90 0.960000 0.953868
91 0.940000 0.953717
92 0.944000 0.953613
93 0.952000 0.953596
94 0.968000 0.953747
95 0.956000 0.953771
96 0.956000 0.953794
97 0.954000 0.953796
98 0.942000 0.953677
99 0.952000 0.953660
100 0.938000 0.953505
101 0.944000 0.953412
102 0.952000 0.953398
103 0.950000 0.953365
104 0.964000 0.953467
105 0.938000 0.953321
106 0.944000 0.953234
107 0.956000 0.953259
108 0.974000 0.953450
109 0.970000 0.953600
110 0.974000 0.953784
111 0.960000 0.953839
112 0.966000 0.953947
113 0.978000 0.954158
114 0.950000 0.954122
115 0.958000 0.954155
116 0.962000 0.954222
117 0.968000 0.954339
118 0.978000 0.954538
119 0.960000 0.954583
120 0.952000 0.954562
121 0.950000 0.954525
122 0.958000 0.954553
123 0.960000 0.954597
124 0.948000 0.954544
125 0.954000 0.954540
126 0.954000 0.954535
127 0.950000 0.954500
128 0.964000 0.954574
129 0.964000 0.954646
130 0.944000 0.954565
131 0.952000 0.954545
132 0.954000 0.954541
133 0.956000 0.954552
134 0.960000 0.954593
135 0.938000 0.954471
136 0.962000 0.954526
137 0.960000 0.954565
138 0.966000 0.954647
139 0.970000 0.954757
140 0.966000 0.954837
141 0.970000 0.954944
142 0.962000 0.954993
143 0.954000 0.954986
144 0.958000 0.955007
145 0.958000 0.955027
146 0.968000 0.955116
147 0.970000 0.955216
148 0.974000 0.955342
149 0.974000 0.955467
150 0.956000 0.955470
151 0.966000 0.955539
152 0.956000 0.955542
153 0.960000 0.955571
154 0.944000 0.955497
155 0.962000 0.955538
156 0.940000 0.955439
157 0.938000 0.955329
158 0.934000 0.955195
159 0.944000 0.955125
160 0.950000 0.955093
161 0.954000 0.955086
162 0.950000 0.955055
163 0.952000 0.955037
164 0.948000 0.954994
165 0.954000 0.954988
166 0.966000 0.955054
167 0.960000 0.955083
168 0.958000 0.955101
169 0.952000 0.955082
170 0.952000 0.955064
171 0.954000 0.955058
172 0.950000 0.955029
173 0.962000 0.955069
174 0.962000 0.955109
175 0.960000 0.955136
176 0.964000 0.955186
177 0.956000 0.955191
178 0.946000 0.955140
179 0.966000 0.955200
180 0.972000 0.955293
181 0.968000 0.955363
182 0.970000 0.955443
183 0.960000 0.955467
184 0.964000 0.955514
185 0.972000 0.955602
186 0.962000 0.955636
187 0.954000 0.955628
188 0.940000 0.955545
189 0.958000 0.955558
190 0.944000 0.955497
191 0.946000 0.955448
192 0.946000 0.955399
193 0.972000 0.955485
194 0.944000 0.955426
195 0.952000 0.955408
196 0.964000 0.955452
197 0.964000 0.955495
198 0.948000 0.955457
199 0.946000 0.955410
200 0.960000 0.955433
201 0.952000 0.955416
202 0.958000 0.955429
203 0.960000 0.955451
204 0.960000 0.955473
205 0.954000 0.955466
206 0.944000 0.955411
207 0.962000 0.955442
208 0.964000 0.955483
209 0.972000 0.955562
210 0.958000 0.955573
211 0.954000 0.955566
212 0.962000 0.955596
213 0.944000 0.955542
214 0.950000 0.955516
215 0.966000 0.955565
216 0.960000 0.955585
217 0.966000 0.955633
218 0.962000 0.955662
219 0.968000 0.955718
220 0.958000 0.955729
221 0.952000 0.955712
222 0.958000 0.955722
223 0.952000 0.955705
224 0.958000 0.955716
225 0.964000 0.955752
226 0.956000 0.955753
227 0.952000 0.955737
228 0.942000 0.955677
229 0.952000 0.955661
230 0.960000 0.955680
231 0.956000 0.955681
232 0.958000 0.955691
233 0.956000 0.955692
234 0.942000 0.955634
235 0.958000 0.955644
236 0.962000 0.955671
237 0.956000 0.955672
238 0.958000 0.955682
239 0.952000 0.955667
240 0.950000 0.955643
241 0.962000 0.955669
242 0.960000 0.955687
243 0.964000 0.955721
244 0.940000 0.955657
245 0.936000 0.955577
246 0.934000 0.955490
247 0.946000 0.955452
248 0.946000 0.955414
249 0.948000 0.955384
250 0.956000 0.955386
251 0.950000 0.955365
252 0.962000 0.955391
253 0.960000 0.955409
254 0.952000 0.955396
255 0.952000 0.955383
256 0.956000 0.955385
257 0.932000 0.955295
258 0.960000 0.955313
259 0.962000 0.955338
260 0.962000 0.955364
261 0.966000 0.955405
262 0.966000 0.955445
263 0.948000 0.955417
264 0.948000 0.955389
265 0.956000 0.955391
266 0.968000 0.955438
267 0.976000 0.955515
268 0.962000 0.955539
269 0.956000 0.955541
270 0.948000 0.955513
271 0.948000 0.955485
272 0.964000 0.955516
273 0.968000 0.955562
274 0.964000 0.955593
275 0.958000 0.955601
276 0.956000 0.955603
277 0.956000 0.955604
278 0.964000 0.955634
279 0.950000 0.955614
280 0.962000 0.955637
281 0.952000 0.955624
282 0.954000 0.955618
283 0.948000 0.955592
284 0.948000 0.955565
285 0.942000 0.955517
286 0.964000 0.955547
287 0.944000 0.955507
288 0.948000 0.955481
289 0.960000 0.955497
290 0.950000 0.955478
291 0.956000 0.955479
292 0.954000 0.955474
293 0.958000 0.955483
294 0.954000 0.955478
295 0.958000 0.955486
296 0.954000 0.955481
297 0.972000 0.955537
298 0.964000 0.955565
299 0.962000 0.955587
300 0.948000 0.955561
301 0.950000 0.955543
302 0.934000 0.955472
303 0.950000 0.955454
304 0.952000 0.955443
305 0.960000 0.955458
306 0.952000 0.955446
307 0.960000 0.955461
308 0.972000 0.955515
309 0.976000 0.955581
310 0.960000 0.955595
311 0.948000 0.955571
312 0.958000 0.955578
313 0.964000 0.955605
314 0.962000 0.955625
315 0.954000 0.955620
316 0.962000 0.955640
317 0.940000 0.955591
318 0.956000 0.955592
319 0.948000 0.955569
320 0.960000 0.955583
321 0.950000 0.955565
322 0.950000 0.955548
323 0.956000 0.955549
324 0.960000 0.955563
325 0.952000 0.955552
326 0.962000 0.955572
327 0.950000 0.955555
328 0.944000 0.955520
329 0.940000 0.955473
330 0.952000 0.955462
331 0.966000 0.955494
332 0.956000 0.955495
333 0.958000 0.955503
334 0.954000 0.955499
335 0.954000 0.955494
336 0.952000 0.955484
337 0.958000 0.955491
338 0.962000 0.955510
339 0.962000 0.955529
340 0.954000 0.955525
341 0.944000 0.955491
342 0.950000 0.955475
343 0.960000 0.955488
344 0.954000 0.955484
345 0.948000 0.955462
346 0.954000 0.955458
347 0.960000 0.955471
348 0.954000 0.955467
349 0.950000 0.955451
350 0.952000 0.955442
351 0.964000 0.955466
352 0.964000 0.955490
353 0.954000 0.955486
354 0.962000 0.955504
355 0.950000 0.955489
356 0.956000 0.955490
357 0.956000 0.955492
358 0.958000 0.955499
359 0.960000 0.955511
360 0.944000 0.955479
361 0.950000 0.955464
362 0.944000 0.955433
363 0.962000 0.955451
364 0.972000 0.955496
365 0.962000 0.955514
366 0.944000 0.955482
367 0.952000 0.955473
368 0.964000 0.955496
369 0.962000 0.955514
370 0.958000 0.955520
371 0.962000 0.955538
372 0.956000 0.955539
373 0.948000 0.955519
374 0.964000 0.955541
375 0.960000 0.955553
376 0.962000 0.955570
377 0.956000 0.955571
378 0.952000 0.955562
379 0.964000 0.955584
380 0.964000 0.955606
381 0.972000 0.955649
382 0.956000 0.955650
383 0.956000 0.955651
384 0.960000 0.955662
385 0.954000 0.955658
386 0.956000 0.955659
387 0.944000 0.955629
388 0.948000 0.955609
389 0.938000 0.955564
390 0.960000 0.955575
391 0.956000 0.955577
392 0.960000 0.955588
393 0.956000 0.955589
394 0.954000 0.955585
395 0.942000 0.955551
396 0.954000 0.955547
397 0.950000 0.955533
398 0.940000 0.955494
399 0.952000 0.955485
400 0.958000 0.955491
401 0.948000 0.955473
402 0.956000 0.955474
403 0.956000 0.955475
404 0.956000 0.955477
405 0.942000 0.955443
406 0.958000 0.955450
407 0.950000 0.955436
408 0.944000 0.955408
409 0.946000 0.955385
410 0.954000 0.955382
411 0.936000 0.955335
412 0.930000 0.955274
413 0.938000 0.955232
414 0.950000 0.955219
415 0.948000 0.955202
416 0.950000 0.955189
417 0.960000 0.955201
418 0.958000 0.955208
419 0.954000 0.955205
420 0.966000 0.955230
421 0.958000 0.955237
422 0.954000 0.955234
423 0.950000 0.955222
424 0.964000 0.955242
425 0.942000 0.955211
426 0.954000 0.955208
427 0.950000 0.955196
428 0.956000 0.955198
429 0.954000 0.955195
430 0.944000 0.955169
431 0.958000 0.955176
432 0.958000 0.955182
433 0.960000 0.955194
434 0.954000 0.955191
435 0.956000 0.955193
436 0.940000 0.955158
437 0.938000 0.955119
438 0.938000 0.955080
439 0.932000 0.955027
440 0.932000 0.954975
441 0.962000 0.954991
442 0.968000 0.955020
443 0.946000 0.955000
444 0.948000 0.954984
445 0.942000 0.954955
446 0.960000 0.954966
447 0.956000 0.954969
448 0.954000 0.954967
449 0.952000 0.954960
450 0.964000 0.954980
451 0.962000 0.954996
452 0.954000 0.954993
453 0.964000 0.955013
454 0.964000 0.955033
455 0.960000 0.955044
456 0.976000 0.955090
457 0.958000 0.955096
458 0.966000 0.955120
459 0.966000 0.955143
460 0.966000 0.955167
461 0.956000 0.955169
462 0.956000 0.955171
463 0.962000 0.955185
464 0.950000 0.955174
465 0.952000 0.955167
466 0.950000 0.955156
467 0.962000 0.955171
468 0.946000 0.955151
469 0.934000 0.955106
470 0.934000 0.955062
471 0.952000 0.955055
472 0.950000 0.955044
473 0.944000 0.955021
474 0.948000 0.955006
475 0.956000 0.955008
476 0.960000 0.955019
477 0.944000 0.954996
478 0.956000 0.954998
479 0.960000 0.955008
480 0.964000 0.955027
481 0.960000 0.955037
482 0.966000 0.955060
483 0.958000 0.955066
484 0.948000 0.955052
485 0.950000 0.955041
486 0.944000 0.955018
487 0.956000 0.955020
488 0.954000 0.955018
489 0.950000 0.955008
490 0.966000 0.955031
491 0.974000 0.955069
492 0.982000 0.955124
493 0.984000 0.955182
494 0.986000 0.955244
495 0.956000 0.955246
496 0.952000 0.955239
497 0.958000 0.955245
498 0.954000 0.955242
499 0.954000 0.955240
500 0.940000 0.955210
501 0.958000 0.955215
502 0.958000 0.955221
503 0.962000 0.955234
504 0.976000 0.955275
505 0.956000 0.955277
506 0.952000 0.955270
507 0.950000 0.955260
508 0.958000 0.955265
509 0.958000 0.955271
510 0.962000 0.955284
511 0.948000 0.955270
512 0.944000 0.955248
513 0.958000 0.955253
514 0.946000 0.955235
515 0.954000 0.955233
516 0.956000 0.955234
517 0.956000 0.955236
518 0.956000 0.955237
519 0.962000 0.955250
520 0.956000 0.955251
521 0.954000 0.955249
522 0.952000 0.955243
523 0.950000 0.955233
524 0.956000 0.955234
525 0.946000 0.955217
526 0.964000 0.955233
527 0.978000 0.955277
528 0.974000 0.955312
529 0.952000 0.955306
530 0.956000 0.955307
531 0.948000 0.955293
532 0.954000 0.955291
533 0.960000 0.955300
534 0.944000 0.955279
535 0.962000 0.955291
536 0.946000 0.955274
537 0.964000 0.955290
538 0.958000 0.955295
539 0.966000 0.955315
540 0.962000 0.955327
541 0.950000 0.955317
542 0.948000 0.955304
543 0.952000 0.955298
544 0.948000 0.955284
545 0.952000 0.955278
546 0.968000 0.955302
547 0.966000 0.955321
548 0.970000 0.955348
549 0.962000 0.955360
550 0.950000 0.955350
551 0.948000 0.955337
552 0.958000 0.955342
553 0.946000 0.955325
554 0.944000 0.955305
555 0.958000 0.955309
556 0.948000 0.955296
557 0.968000 0.955319
558 0.954000 0.955317
559 0.950000 0.955307
560 0.958000 0.955312
561 0.958000 0.955317
562 0.964000 0.955332
563 0.952000 0.955326
564 0.956000 0.955327
565 0.950000 0.955318
566 0.950000 0.955309
567 0.934000 0.955271
568 0.928000 0.955223
569 0.952000 0.955218
570 0.952000 0.955212
571 0.958000 0.955217
572 0.944000 0.955197
573 0.950000 0.955188
574 0.956000 0.955190
575 0.948000 0.955177
576 0.948000 0.955165
577 0.954000 0.955163
578 0.942000 0.955140
579 0.954000 0.955138
580 0.950000 0.955129
581 0.962000 0.955141
582 0.956000 0.955142
583 0.954000 0.955140
584 0.960000 0.955149
585 0.956000 0.955150
586 0.964000 0.955165
587 0.962000 0.955177
588 0.956000 0.955178
589 0.964000 0.955193
590 0.966000 0.955212
591 0.970000 0.955236
592 0.946000 0.955221
593 0.946000 0.955205
594 0.962000 0.955217
595 0.950000 0.955208
596 0.956000 0.955209
597 0.966000 0.955227
598 0.956000 0.955229
599 0.952000 0.955223
600 0.944000 0.955205
601 0.948000 0.955193
602 0.950000 0.955184
603 0.948000 0.955172
604 0.956000 0.955174
605 0.954000 0.955172
606 0.944000 0.955153
607 0.962000 0.955164
608 0.956000 0.955166
609 0.958000 0.955170
610 0.952000 0.955165
611 0.952000 0.955160
612 0.964000 0.955175
613 0.958000 0.955179
614 0.954000 0.955177
615 0.946000 0.955162
616 0.962000 0.955173
617 0.948000 0.955162
618 0.950000 0.955153
619 0.954000 0.955152
620 0.946000 0.955137
621 0.944000 0.955119
622 0.940000 0.955095
623 0.946000 0.955080
624 0.942000 0.955059
625 0.932000 0.955022
626 0.952000 0.955018
627 0.952000 0.955013
628 0.948000 0.955002
629 0.936000 0.954971
630 0.946000 0.954957
631 0.944000 0.954940
632 0.950000 0.954932
633 0.928000 0.954890
634 0.944000 0.954872
635 0.946000 0.954858
636 0.952000 0.954854
637 0.946000 0.954840
638 0.934000 0.954808
639 0.942000 0.954788
640 0.948000 0.954777
641 0.946000 0.954763
642 0.936000 0.954734
643 0.946000 0.954720
644 0.948000 0.954710
645 0.952000 0.954706
646 0.974000 0.954736
647 0.958000 0.954741
648 0.954000 0.954740
649 0.958000 0.954745
650 0.950000 0.954737
651 0.962000 0.954748
652 0.956000 0.954750
653 0.958000 0.954755
654 0.958000 0.954760
655 0.946000 0.954747
656 0.944000 0.954731
657 0.942000 0.954711
658 0.954000 0.954710
659 0.948000 0.954700
660 0.958000 0.954705
661 0.956000 0.954707
662 0.962000 0.954718
663 0.962000 0.954729
664 0.964000 0.954743
665 0.948000 0.954733
666 0.954000 0.954732
667 0.952000 0.954728
668 0.952000 0.954723
669 0.962000 0.954734
670 0.960000 0.954742
671 0.952000 0.954738
672 0.944000 0.954722
673 0.954000 0.954721
674 0.962000 0.954732
675 0.968000 0.954751
676 0.948000 0.954742
677 0.954000 0.954740
678 0.954000 0.954739
679 0.960000 0.954747
680 0.952000 0.954743
681 0.968000 0.954762
682 0.964000 0.954776
683 0.958000 0.954781
684 0.956000 0.954782
685 0.960000 0.954790
686 0.968000 0.954809
687 0.950000 0.954802
688 0.960000 0.954810
689 0.948000 0.954800
690 0.946000 0.954787
691 0.946000 0.954775
692 0.934000 0.954745
693 0.956000 0.954746
694 0.956000 0.954748
695 0.962000 0.954759
696 0.946000 0.954746
697 0.948000 0.954736
698 0.946000 0.954724
699 0.942000 0.954706
700 0.946000 0.954693
701 0.946000 0.954681
702 0.948000 0.954671
703 0.948000 0.954662
704 0.948000 0.954652
705 0.948000 0.954643
706 0.956000 0.954645
707 0.954000 0.954644
708 0.944000 0.954629
709 0.934000 0.954600
710 0.958000 0.954605
711 0.944000 0.954590
712 0.948000 0.954581
713 0.956000 0.954583
714 0.946000 0.954571
715 0.948000 0.954561
716 0.960000 0.954569
717 0.956000 0.954571
718 0.968000 0.954590
719 0.956000 0.954592
720 0.934000 0.954563
721 0.956000 0.954565
722 0.964000 0.954578
723 0.954000 0.954577
724 0.950000 0.954571
725 0.944000 0.954556
726 0.948000 0.954547
727 0.960000 0.954555
728 0.960000 0.954562
729 0.960000 0.954570
730 0.970000 0.954591
731 0.966000 0.954607
732 0.966000 0.954622
733 0.938000 0.954599
734 0.952000 0.954596
735 0.946000 0.954584
736 0.960000 0.954592
737 0.950000 0.954585
738 0.950000 0.954579
739 0.954000 0.954578
740 0.954000 0.954578
741 0.960000 0.954585
742 0.950000 0.954579
743 0.950000 0.954573
744 0.952000 0.954569
745 0.954000 0.954568
746 0.952000 0.954565
747 0.964000 0.954578
748 0.954000 0.954577
749 0.954000 0.954576
750 0.948000 0.954567
751 0.956000 0.954569
752 0.960000 0.954576
753 0.950000 0.954570
754 0.956000 0.954572
755 0.944000 0.954558
756 0.948000 0.954550
757 0.970000 0.954570
758 0.958000 0.954574
759 0.958000 0.954579
760 0.968000 0.954597
761 0.956000 0.954598
762 0.948000 0.954590
763 0.958000 0.954594
764 0.966000 0.954609
765 0.956000 0.954611
766 0.960000 0.954618
767 0.946000 0.954607
768 0.952000 0.954603
769 0.962000 0.954613
770 0.950000 0.954607
771 0.948000 0.954598
772 0.954000 0.954598
773 0.956000 0.954599
774 0.958000 0.954604
775 0.950000 0.954598
776 0.942000 0.954582
777 0.942000 0.954566
778 0.948000 0.954557
779 0.948000 0.954549
780 0.964000 0.954561
781 0.976000 0.954588
782 0.972000 0.954610
783 0.950000 0.954605
784 0.954000 0.954604
785 0.962000 0.954613
786 0.972000 0.954635
787 0.958000 0.954640
788 0.966000 0.954654
789 0.950000 0.954648
790 0.956000 0.954650
791 0.942000 0.954634
792 0.950000 0.954628
793 0.946000 0.954617
794 0.960000 0.954624
795 0.962000 0.954633
796 0.966000 0.954647
797 0.948000 0.954639
798 0.972000 0.954661
799 0.962000 0.954670
800 0.964000 0.954682
801 0.944000 0.954668
802 0.944000 0.954655
803 0.928000 0.954622
804 0.944000 0.954609
805 0.942000 0.954593
806 0.952000 0.954590
807 0.952000 0.954587
808 0.938000 0.954566
809 0.948000 0.954558
810 0.956000 0.954560
811 0.952000 0.954557
812 0.972000 0.954578
813 0.972000 0.954600
814 0.964000 0.954611
815 0.970000 0.954630
816 0.968000 0.954646
817 0.962000 0.954655
818 0.958000 0.954659
819 0.948000 0.954651
820 0.956000 0.954653
821 0.956000 0.954655
822 0.960000 0.954661
823 0.960000 0.954667
824 0.950000 0.954662
825 0.956000 0.954663
826 0.938000 0.954643
827 0.952000 0.954640
828 0.952000 0.954637
829 0.950000 0.954631
830 0.956000 0.954633
831 0.950000 0.954627
832 0.954000 0.954627
833 0.948000 0.954619
834 0.950000 0.954613
835 0.966000 0.954627
836 0.956000 0.954628
837 0.954000 0.954628
838 0.950000 0.954622
839 0.956000 0.954624
840 0.932000 0.954597
841 0.938000 0.954577
842 0.936000 0.954555
843 0.936000 0.954533
844 0.946000 0.954523
845 0.954000 0.954522
846 0.960000 0.954529
847 0.964000 0.954540
848 0.948000 0.954532
849 0.940000 0.954515
850 0.948000 0.954508
851 0.956000 0.954509
852 0.962000 0.954518
853 0.972000 0.954539
854 0.960000 0.954545
855 0.970000 0.954563
856 0.954000 0.954562
857 0.956000 0.954564
858 0.938000 0.954545
859 0.948000 0.954537
860 0.954000 0.954537
861 0.940000 0.954520
862 0.942000 0.954505
863 0.938000 0.954486
864 0.944000 0.954474
865 0.954000 0.954473
866 0.956000 0.954475
867 0.970000 0.954493
868 0.978000 0.954520
869 0.972000 0.954540
870 0.970000 0.954558
871 0.962000 0.954567
872 0.960000 0.954573
873 0.972000 0.954593
874 0.958000 0.954597
875 0.970000 0.954614
876 0.976000 0.954639
877 0.962000 0.954647
878 0.964000 0.954658
879 0.968000 0.954673
880 0.968000 0.954688
881 0.954000 0.954687
882 0.934000 0.954664
883 0.942000 0.954649
884 0.948000 0.954642
885 0.936000 0.954621
886 0.954000 0.954620
887 0.964000 0.954631
888 0.946000 0.954621
889 0.944000 0.954609
890 0.946000 0.954599
891 0.942000 0.954585
892 0.950000 0.954580
893 0.950000 0.954575
894 0.960000 0.954581
895 0.954000 0.954580
896 0.960000 0.954586
897 0.948000 0.954579
898 0.940000 0.954563
899 0.934000 0.954540
900 0.938000 0.954522
901 0.950000 0.954517
902 0.950000 0.954512
903 0.960000 0.954518
904 0.950000 0.954513
905 0.960000 0.954519
906 0.948000 0.954512
907 0.950000 0.954507
908 0.954000 0.954506
909 0.946000 0.954497
910 0.944000 0.954485
911 0.958000 0.954489
912 0.952000 0.954486
913 0.968000 0.954501
914 0.942000 0.954487
915 0.946000 0.954478
916 0.966000 0.954491
917 0.964000 0.954501
918 0.952000 0.954498
919 0.954000 0.954498
920 0.962000 0.954506
921 0.956000 0.954508
922 0.968000 0.954522
923 0.964000 0.954532
924 0.942000 0.954519
925 0.952000 0.954516
926 0.952000 0.954513
927 0.948000 0.954506
928 0.942000 0.954493
929 0.954000 0.954492
930 0.954000 0.954492
931 0.962000 0.954500
932 0.952000 0.954497
933 0.942000 0.954484
934 0.958000 0.954488
935 0.952000 0.954485
936 0.960000 0.954491
937 0.964000 0.954501
938 0.970000 0.954518
939 0.956000 0.954519
940 0.958000 0.954523
941 0.958000 0.954527
942 0.946000 0.954517
943 0.940000 0.954502
944 0.950000 0.954497
945 0.946000 0.954488
946 0.946000 0.954479
947 0.944000 0.954468
948 0.948000 0.954462
949 0.946000 0.954453
950 0.952000 0.954450
951 0.948000 0.954443
952 0.950000 0.954439
953 0.952000 0.954436
954 0.970000 0.954452
955 0.962000 0.954460
956 0.958000 0.954464
957 0.952000 0.954461
958 0.946000 0.954453
959 0.954000 0.954452
960 0.944000 0.954441
961 0.948000 0.954435
962 0.948000 0.954428
963 0.950000 0.954423
964 0.946000 0.954415
965 0.952000 0.954412
966 0.958000 0.954416
967 0.952000 0.954413
968 0.946000 0.954405
969 0.946000 0.954396
970 0.968000 0.954410
971 0.944000 0.954399
972 0.952000 0.954397
973 0.960000 0.954402
974 0.944000 0.954392
975 0.944000 0.954381
976 0.940000 0.954366
977 0.950000 0.954362
978 0.952000 0.954360
979 0.954000 0.954359
980 0.948000 0.954353
981 0.952000 0.954350
982 0.936000 0.954332
983 0.946000 0.954323
984 0.950000 0.954319
985 0.956000 0.954320
986 0.950000 0.954316
987 0.954000 0.954316
988 0.956000 0.954317
989 0.952000 0.954315
990 0.952000 0.954313
991 0.960000 0.954319
992 0.952000 0.954316
993 0.948000 0.954310
994 0.948000 0.954304
995 0.952000 0.954301
996 0.944000 0.954291
997 0.950000 0.954287
998 0.952000 0.954284
999 0.960000 0.954290
