0 1.000000 1.000000
1 0.996000 0.998000
2 0.980000 0.992000
3 0.982000 0.989500
4 0.970000 0.985600
5 0.974000 0.983667
6 0.978000 0.982857
7 0.980000 0.982500
8 0.976000 0.981778
9 0.960000 0.979600
10 0.970000 0.978727
11 0.964000 0.977500
12 0.978000 0.977538
13 0.960000 0.976286
14 0.962000 0.975333
15 0.946000 0.973500
16 0.964000 0.972941
17 0.946000 0.971444
18 0.950000 0.970316
19 0.960000 0.969800
20 0.958000 0.969238
21 0.952000 0.968455
22 0.958000 0.968000
23 0.960000 0.967667
24 0.966000 0.967600
25 0.958000 0.967231
26 0.962000 0.967037
27 0.970000 0.967143
28 0.970000 0.967241
29 0.956000 0.966867
30 0.954000 0.966452
31 0.960000 0.966250
32 0.966000 0.966242
33 0.960000 0.966059
34 0.968000 0.966114
35 0.956000 0.965833
36 0.970000 0.965946
37 0.962000 0.965842
38 0.968000 0.965897
39 0.968000 0.965950
40 0.944000 0.965415
41 0.952000 0.965095
42 0.956000 0.964884
43 0.956000 0.964682
44 0.962000 0.964622
45 0.954000 0.964391
46 0.966000 0.964426
47 0.956000 0.964250
48 0.948000 0.963918
49 0.960000 0.963840
50 0.964000 0.963843
51 0.980000 0.964154
52 0.968000 0.964226
53 0.958000 0.964111
54 0.964000 0.964109
55 0.958000 0.964000
56 0.962000 0.963965
57 0.958000 0.963862
58 0.952000 0.963661
59 0.964000 0.963667
60 0.958000 0.963574
61 0.950000 0.963355
62 0.948000 0.963111
63 0.956000 0.963000
64 0.962000 0.962985
65 0.968000 0.963061
66 0.960000 0.963015
67 0.958000 0.962941
68 0.966000 0.962986
69 0.960000 0.962943
70 0.970000 0.963042
71 0.976000 0.963222
72 0.962000 0.963205
73 0.956000 0.963108
74 0.970000 0.963200
75 0.966000 0.963237
76 0.962000 0.963221
77 0.972000 0.963333
78 0.972000 0.963443
79 0.952000 0.963300
80 0.956000 0.963210
81 0.944000 0.962976
82 0.944000 0.962747
83 0.948000 0.962571
84 0.936000 0.962259
85 0.936000 0.961953
86 0.944000 0.961747
87 0.952000 0.961636
88 0.944000 0.961438
89 0.958000 0.961400
90 0.964000 0.961429
91 0.942000 0.961217
92 0.944000 0.961032
93 0.952000 0.960936
94 0.968000 0.961011
95 0.956000 0.960958
96 0.954000 0.960887
97 0.956000 0.960837
98 0.948000 0.960707
99 0.954000 0.960640
100 0.944000 0.960475
101 0.950000 0.960373
102 0.958000 0.960350
103 0.954000 0.960288
104 0.964000 0.960324
105 0.946000 0.960189
106 0.954000 0.960131
107 0.962000 0.960148
108 0.976000 0.960294
109 0.980000 0.960473
110 0.980000 0.960649
111 0.966000 0.960696
112 0.970000 0.960779
113 0.984000 0.960982
114 0.956000 0.960939
115 0.958000 0.960914
116 0.966000 0.960957
117 0.974000 0.961068
118 0.984000 0.961261
119 0.970000 0.961333
120 0.962000 0.961339
121 0.958000 0.961311
122 0.966000 0.961350
123 0.966000 0.961387
124 0.960000 0.961376
125 0.964000 0.961397
126 0.966000 0.961433
127 0.958000 0.961406
128 0.968000 0.961457
129 0.970000 0.961523
130 0.952000 0.961450
131 0.964000 0.961470
132 0.968000 0.961519
133 0.962000 0.961522
134 0.966000 0.961556
135 0.946000 0.961441
136 0.966000 0.961474
137 0.968000 0.961522
138 0.970000 0.961583
139 0.976000 0.961686
140 0.970000 0.961745
141 0.978000 0.961859
142 0.974000 0.961944
143 0.962000 0.961944
144 0.966000 0.961972
145 0.962000 0.961973
146 0.974000 0.962054
147 0.980000 0.962176
148 0.980000 0.962295
149 0.978000 0.962400
150 0.962000 0.962397
151 0.966000 0.962421
152 0.962000 0.962418
153 0.964000 0.962429
154 0.960000 0.962413
155 0.966000 0.962436
156 0.946000 0.962331
157 0.948000 0.962241
158 0.948000 0.962151
159 0.964000 0.962163
160 0.960000 0.962149
161 0.954000 0.962099
162 0.950000 0.962025
163 0.958000 0.962000
164 0.960000 0.961988
165 0.966000 0.962012
166 0.978000 0.962108
167 0.968000 0.962143
168 0.972000 0.962201
169 0.968000 0.962235
170 0.962000 0.962234
171 0.970000 0.962279
172 0.960000 0.962266
173 0.966000 0.962287
174 0.964000 0.962297
175 0.962000 0.962295
176 0.964000 0.962305
177 0.964000 0.962315
178 0.950000 0.962246
179 0.970000 0.962289
180 0.984000 0.962409
181 0.974000 0.962473
182 0.970000 0.962514
183 0.960000 0.962500
184 0.972000 0.962551
185 0.978000 0.962634
186 0.964000 0.962642
187 0.956000 0.962606
188 0.950000 0.962540
189 0.968000 0.962568
190 0.954000 0.962524
191 0.956000 0.962490
192 0.952000 0.962435
193 0.972000 0.962485
194 0.956000 0.962451
195 0.966000 0.962469
196 0.976000 0.962538
197 0.968000 0.962566
198 0.958000 0.962543
199 0.956000 0.962510
200 0.966000 0.962527
201 0.960000 0.962515
202 0.962000 0.962512
203 0.966000 0.962529
204 0.970000 0.962566
205 0.964000 0.962573
206 0.958000 0.962551
207 0.972000 0.962596
208 0.968000 0.962622
209 0.978000 0.962695
210 0.960000 0.962682
211 0.960000 0.962670
212 0.972000 0.962714
213 0.956000 0.962682
214 0.958000 0.962660
215 0.968000 0.962685
216 0.972000 0.962728
217 0.974000 0.962780
218 0.972000 0.962822
219 0.970000 0.962855
220 0.966000 0.962869
221 0.962000 0.962865
222 0.962000 0.962861
223 0.958000 0.962839
224 0.966000 0.962853
225 0.966000 0.962867
226 0.962000 0.962863
227 0.962000 0.962860
228 0.950000 0.962803
229 0.960000 0.962791
230 0.966000 0.962805
231 0.964000 0.962810
232 0.964000 0.962815
233 0.962000 0.962812
234 0.952000 0.962766
235 0.968000 0.962788
236 0.968000 0.962810
237 0.964000 0.962815
238 0.964000 0.962820
239 0.962000 0.962817
240 0.958000 0.962797
241 0.966000 0.962810
242 0.966000 0.962823
243 0.970000 0.962852
244 0.954000 0.962816
245 0.946000 0.962748
246 0.946000 0.962680
247 0.952000 0.962637
248 0.952000 0.962594
249 0.960000 0.962584
250 0.964000 0.962590
251 0.956000 0.962563
252 0.972000 0.962601
253 0.968000 0.962622
254 0.960000 0.962612
255 0.960000 0.962602
256 0.964000 0.962607
257 0.948000 0.962550
258 0.972000 0.962587
259 0.970000 0.962615
260 0.970000 0.962644
261 0.970000 0.962672
262 0.974000 0.962715
263 0.962000 0.962712
264 0.964000 0.962717
265 0.972000 0.962752
266 0.976000 0.962801
267 0.986000 0.962888
268 0.972000 0.962922
269 0.970000 0.962948
270 0.962000 0.962945
271 0.964000 0.962949
272 0.976000 0.962996
273 0.972000 0.963029
274 0.966000 0.963040
275 0.962000 0.963036
276 0.960000 0.963025
277 0.960000 0.963014
278 0.970000 0.963039
279 0.954000 0.963007
280 0.968000 0.963025
281 0.960000 0.963014
282 0.958000 0.962996
283 0.956000 0.962972
284 0.954000 0.962940
285 0.948000 0.962888
286 0.970000 0.962913
287 0.950000 0.962868
288 0.956000 0.962844
289 0.972000 0.962876
290 0.956000 0.962852
291 0.964000 0.962856
292 0.960000 0.962846
293 0.962000 0.962844
294 0.960000 0.962834
295 0.960000 0.962824
296 0.956000 0.962801
297 0.974000 0.962839
298 0.968000 0.962856
299 0.964000 0.962860
300 0.956000 0.962837
301 0.960000 0.962828
302 0.940000 0.962752
303 0.952000 0.962717
304 0.958000 0.962702
305 0.962000 0.962699
306 0.954000 0.962671
307 0.962000 0.962669
308 0.972000 0.962699
309 0.976000 0.962742
310 0.966000 0.962752
311 0.956000 0.962731
312 0.964000 0.962735
313 0.970000 0.962758
314 0.964000 0.962762
315 0.958000 0.962747
316 0.964000 0.962751
317 0.944000 0.962692
318 0.958000 0.962677
319 0.950000 0.962638
320 0.960000 0.962629
321 0.954000 0.962602
322 0.958000 0.962588
323 0.960000 0.962580
324 0.962000 0.962578
325 0.960000 0.962571
326 0.966000 0.962581
327 0.954000 0.962555
328 0.948000 0.962511
329 0.952000 0.962479
330 0.960000 0.962471
331 0.970000 0.962494
332 0.960000 0.962486
333 0.964000 0.962491
334 0.962000 0.962490
335 0.964000 0.962494
336 0.962000 0.962493
337 0.966000 0.962503
338 0.964000 0.962507
339 0.968000 0.962524
340 0.958000 0.962510
341 0.950000 0.962474
342 0.958000 0.962461
343 0.966000 0.962471
344 0.956000 0.962452
345 0.952000 0.962422
346 0.956000 0.962403
347 0.964000 0.962408
348 0.958000 0.962395
349 0.950000 0.962360
350 0.956000 0.962342
351 0.970000 0.962364
352 0.970000 0.962385
353 0.962000 0.962384
354 0.968000 0.962400
355 0.958000 0.962388
356 0.960000 0.962381
357 0.964000 0.962385
358 0.960000 0.962379
359 0.962000 0.962378
360 0.950000 0.962343
361 0.954000 0.962320
362 0.948000 0.962281
363 0.966000 0.962291
364 0.974000 0.962323
365 0.968000 0.962339
366 0.948000 0.962300
367 0.956000 0.962283
368 0.972000 0.962309
369 0.972000 0.962335
370 0.964000 0.962340
371 0.962000 0.962339
372 0.956000 0.962322
373 0.954000 0.962299
374 0.976000 0.962336
375 0.968000 0.962351
376 0.964000 0.962355
377 0.962000 0.962354
378 0.962000 0.962354
379 0.978000 0.962395
380 0.972000 0.962420
381 0.974000 0.962450
382 0.958000 0.962439
383 0.964000 0.962443
384 0.968000 0.962457
385 0.972000 0.962482
386 0.970000 0.962501
387 0.960000 0.962495
388 0.956000 0.962478
389 0.950000 0.962446
390 0.966000 0.962455
391 0.964000 0.962459
392 0.970000 0.962478
393 0.970000 0.962497
394 0.966000 0.962506
395 0.948000 0.962470
396 0.960000 0.962463
397 0.962000 0.962462
398 0.952000 0.962436
399 0.962000 0.962435
400 0.974000 0.962464
401 0.962000 0.962463
402 0.972000 0.962486
403 0.964000 0.962490
404 0.962000 0.962489
405 0.956000 0.962473
406 0.970000 0.962491
407 0.962000 0.962490
408 0.958000 0.962479
409 0.956000 0.962463
410 0.958000 0.962453
411 0.946000 0.962413
412 0.938000 0.962354
413 0.950000 0.962324
414 0.960000 0.962318
415 0.956000 0.962303
416 0.958000 0.962293
417 0.970000 0.962311
418 0.964000 0.962315
419 0.962000 0.962314
420 0.972000 0.962337
421 0.960000 0.962332
422 0.958000 0.962322
423 0.954000 0.962302
424 0.972000 0.962325
425 0.956000 0.962310
426 0.958000 0.962300
427 0.952000 0.962276
428 0.958000 0.962266
429 0.962000 0.962265
430 0.954000 0.962246
431 0.970000 0.962264
432 0.964000 0.962268
433 0.972000 0.962290
434 0.966000 0.962299
435 0.968000 0.962312
436 0.950000 0.962284
437 0.952000 0.962260
438 0.950000 0.962232
439 0.944000 0.962191
440 0.942000 0.962145
441 0.968000 0.962158
442 0.974000 0.962185
443 0.958000 0.962176
444 0.956000 0.962162
445 0.948000 0.962130
446 0.964000 0.962134
447 0.960000 0.962129
448 0.962000 0.962129
449 0.958000 0.962120
450 0.972000 0.962142
451 0.974000 0.962168
452 0.962000 0.962168
453 0.972000 0.962189
454 0.978000 0.962224
455 0.968000 0.962237
456 0.980000 0.962276
457 0.966000 0.962284
458 0.974000 0.962309
459 0.972000 0.962330
460 0.968000 0.962343
461 0.962000 0.962342
462 0.964000 0.962346
463 0.966000 0.962353
464 0.954000 0.962335
465 0.956000 0.962322
466 0.960000 0.962317
467 0.970000 0.962333
468 0.952000 0.962311
469 0.944000 0.962272
470 0.948000 0.962242
471 0.960000 0.962237
472 0.962000 0.962237
473 0.958000 0.962228
474 0.956000 0.962215
475 0.964000 0.962218
476 0.968000 0.962231
477 0.952000 0.962209
478 0.962000 0.962209
479 0.962000 0.962208
480 0.970000 0.962225
481 0.964000 0.962228
482 0.972000 0.962248
483 0.968000 0.962260
484 0.952000 0.962239
485 0.958000 0.962230
486 0.950000 0.962205
487 0.962000 0.962205
488 0.960000 0.962200
489 0.958000 0.962192
490 0.972000 0.962212
491 0.982000 0.962252
492 0.986000 0.962300
493 0.986000 0.962348
494 0.990000 0.962404
495 0.966000 0.962411
496 0.970000 0.962427
497 0.970000 0.962442
498 0.954000 0.962425
499 0.956000 0.962412
500 0.952000 0.962391
501 0.958000 0.962382
502 0.962000 0.962382
503 0.966000 0.962389
504 0.978000 0.962420
505 0.960000 0.962415
506 0.960000 0.962410
507 0.958000 0.962402
508 0.960000 0.962397
509 0.960000 0.962392
510 0.968000 0.962403
511 0.964000 0.962406
512 0.954000 0.962390
513 0.964000 0.962393
514 0.952000 0.962373
515 0.964000 0.962376
516 0.964000 0.962379
517 0.964000 0.962382
518 0.962000 0.962382
519 0.966000 0.962388
520 0.968000 0.962399
521 0.968000 0.962410
522 0.958000 0.962402
523 0.956000 0.962389
524 0.964000 0.962392
525 0.954000 0.962376
526 0.972000 0.962395
527 0.978000 0.962424
528 0.982000 0.962461
529 0.960000 0.962457
530 0.958000 0.962448
531 0.954000 0.962432
532 0.960000 0.962428
533 0.968000 0.962438
534 0.956000 0.962426
535 0.968000 0.962437
536 0.956000 0.962425
537 0.968000 0.962435
538 0.964000 0.962438
539 0.966000 0.962444
540 0.962000 0.962444
541 0.950000 0.962421
542 0.948000 0.962394
543 0.954000 0.962379
544 0.958000 0.962371
545 0.958000 0.962363
546 0.968000 0.962373
547 0.968000 0.962383
548 0.974000 0.962404
549 0.968000 0.962415
550 0.954000 0.962399
551 0.954000 0.962384
552 0.962000 0.962383
553 0.954000 0.962368
554 0.950000 0.962346
555 0.960000 0.962342
556 0.950000 0.962320
557 0.974000 0.962341
558 0.964000 0.962343
559 0.954000 0.962329
560 0.960000 0.962324
561 0.962000 0.962324
562 0.974000 0.962345
563 0.962000 0.962344
564 0.960000 0.962340
565 0.958000 0.962332
566 0.960000 0.962328
567 0.940000 0.962289
568 0.938000 0.962246
569 0.964000 0.962249
570 0.968000 0.962259
571 0.958000 0.962252
572 0.946000 0.962223
573 0.952000 0.962206
574 0.958000 0.962198
575 0.956000 0.962187
576 0.956000 0.962177
577 0.958000 0.962170
578 0.950000 0.962149
579 0.962000 0.962148
580 0.950000 0.962127
581 0.968000 0.962137
582 0.960000 0.962134
583 0.954000 0.962120
584 0.964000 0.962123
585 0.964000 0.962126
586 0.966000 0.962133
587 0.968000 0.962143
588 0.958000 0.962136
589 0.970000 0.962149
590 0.966000 0.962156
591 0.974000 0.962176
592 0.964000 0.962179
593 0.962000 0.962178
594 0.968000 0.962188
595 0.958000 0.962181
596 0.958000 0.962174
597 0.974000 0.962194
598 0.970000 0.962207
599 0.970000 0.962220
600 0.958000 0.962213
601 0.956000 0.962203
602 0.952000 0.962186
603 0.954000 0.962172
604 0.966000 0.962179
605 0.960000 0.962175
606 0.950000 0.962155
607 0.970000 0.962168
608 0.966000 0.962174
609 0.970000 0.962187
610 0.960000 0.962183
611 0.956000 0.962173
612 0.972000 0.962189
613 0.966000 0.962195
614 0.962000 0.962195
615 0.954000 0.962182
616 0.968000 0.962191
617 0.956000 0.962181
618 0.956000 0.962171
619 0.960000 0.962168
620 0.952000 0.962151
621 0.952000 0.962135
622 0.952000 0.962119
623 0.958000 0.962112
624 0.956000 0.962102
625 0.948000 0.962080
626 0.960000 0.962077
627 0.966000 0.962083
628 0.954000 0.962070
629 0.948000 0.962048
630 0.956000 0.962038
631 0.948000 0.962016
632 0.956000 0.962006
633 0.938000 0.961968
634 0.958000 0.961962
635 0.954000 0.961950
636 0.966000 0.961956
637 0.952000 0.961940
638 0.946000 0.961915
639 0.954000 0.961903
640 0.958000 0.961897
641 0.952000 0.961882
642 0.942000 0.961851
643 0.950000 0.961832
644 0.952000 0.961817
645 0.960000 0.961814
646 0.974000 0.961833
647 0.962000 0.961833
648 0.960000 0.961831
649 0.960000 0.961828
650 0.960000 0.961825
651 0.968000 0.961834
652 0.964000 0.961838
653 0.966000 0.961844
654 0.962000 0.961844
655 0.960000 0.961841
656 0.952000 0.961826
657 0.952000 0.961812
658 0.962000 0.961812
659 0.960000 0.961809
660 0.966000 0.961815
661 0.972000 0.961831
662 0.968000 0.961840
663 0.964000 0.961843
664 0.964000 0.961847
665 0.952000 0.961832
666 0.960000 0.961829
667 0.960000 0.961826
668 0.962000 0.961827
669 0.968000 0.961836
670 0.966000 0.961842
671 0.958000 0.961836
672 0.954000 0.961825
673 0.960000 0.961822
674 0.966000 0.961828
675 0.972000 0.961843
676 0.960000 0.961840
677 0.958000 0.961835
678 0.960000 0.961832
679 0.966000 0.961838
680 0.956000 0.961830
681 0.974000 0.961848
682 0.970000 0.961859
683 0.966000 0.961865
684 0.966000 0.961872
685 0.970000 0.961883
686 0.974000 0.961901
687 0.960000 0.961898
688 0.970000 0.961910
689 0.954000 0.961899
690 0.956000 0.961890
691 0.962000 0.961890
692 0.944000 0.961864
693 0.958000 0.961859
694 0.962000 0.961859
695 0.964000 0.961862
696 0.952000 0.961848
697 0.950000 0.961831
698 0.948000 0.961811
699 0.950000 0.961794
700 0.954000 0.961783
701 0.956000 0.961775
702 0.952000 0.961761
703 0.954000 0.961750
704 0.960000 0.961748
705 0.966000 0.961754
706 0.958000 0.961748
707 0.956000 0.961740
708 0.950000 0.961724
709 0.936000 0.961687
710 0.958000 0.961682
711 0.952000 0.961669
712 0.952000 0.961655
713 0.958000 0.961650
714 0.952000 0.961636
715 0.956000 0.961628
716 0.966000 0.961635
717 0.966000 0.961641
718 0.972000 0.961655
719 0.966000 0.961661
720 0.946000 0.961639
721 0.966000 0.961645
722 0.974000 0.961663
723 0.962000 0.961663
724 0.962000 0.961663
725 0.960000 0.961661
726 0.956000 0.961653
727 0.968000 0.961662
728 0.960000 0.961660
729 0.964000 0.961663
730 0.972000 0.961677
731 0.968000 0.961686
732 0.974000 0.961703
733 0.942000 0.961676
734 0.958000 0.961671
735 0.952000 0.961658
736 0.970000 0.961669
737 0.954000 0.961659
738 0.958000 0.961654
739 0.962000 0.961654
740 0.962000 0.961655
741 0.966000 0.961660
742 0.958000 0.961655
743 0.960000 0.961653
744 0.966000 0.961659
745 0.964000 0.961662
746 0.956000 0.961655
747 0.972000 0.961668
748 0.972000 0.961682
749 0.968000 0.961691
750 0.958000 0.961686
751 0.966000 0.961691
752 0.964000 0.961695
753 0.958000 0.961690
754 0.964000 0.961693
755 0.952000 0.961680
756 0.956000 0.961672
757 0.976000 0.961691
758 0.966000 0.961697
759 0.962000 0.961697
760 0.976000 0.961716
761 0.964000 0.961719
762 0.954000 0.961709
763 0.964000 0.961712
764 0.972000 0.961725
765 0.964000 0.961728
766 0.966000 0.961734
767 0.954000 0.961724
768 0.954000 0.961714
769 0.970000 0.961725
770 0.958000 0.961720
771 0.948000 0.961702
772 0.954000 0.961692
773 0.960000 0.961690
774 0.960000 0.961688
775 0.952000 0.961675
776 0.944000 0.961653
777 0.946000 0.961632
778 0.958000 0.961628
779 0.958000 0.961623
780 0.970000 0.961634
781 0.980000 0.961657
782 0.978000 0.961678
783 0.954000 0.961668
784 0.964000 0.961671
785 0.972000 0.961684
786 0.976000 0.961703
787 0.966000 0.961708
788 0.970000 0.961719
789 0.958000 0.961714
790 0.962000 0.961714
791 0.946000 0.961694
792 0.956000 0.961687
793 0.954000 0.961678
794 0.968000 0.961686
795 0.970000 0.961696
796 0.968000 0.961704
797 0.954000 0.961694
798 0.974000 0.961710
799 0.966000 0.961715
800 0.968000 0.961723
801 0.948000 0.961706
802 0.954000 0.961696
803 0.942000 0.961672
804 0.954000 0.961662
805 0.956000 0.961655
806 0.968000 0.961663
807 0.968000 0.961671
808 0.948000 0.961654
809 0.954000 0.961644
810 0.968000 0.961652
811 0.964000 0.961655
812 0.974000 0.961670
813 0.976000 0.961688
814 0.964000 0.961691
815 0.970000 0.961701
816 0.972000 0.961714
817 0.968000 0.961721
818 0.966000 0.961726
819 0.958000 0.961722
820 0.964000 0.961725
821 0.962000 0.961725
822 0.964000 0.961728
823 0.968000 0.961735
824 0.958000 0.961731
825 0.968000 0.961738
826 0.946000 0.961719
827 0.964000 0.961722
828 0.962000 0.961723
829 0.954000 0.961713
830 0.970000 0.961723
831 0.960000 0.961721
832 0.964000 0.961724
833 0.962000 0.961724
834 0.966000 0.961729
835 0.972000 0.961742
836 0.960000 0.961740
837 0.956000 0.961733
838 0.950000 0.961719
839 0.960000 0.961717
840 0.938000 0.961688
841 0.954000 0.961679
842 0.954000 0.961670
843 0.954000 0.961661
844 0.960000 0.961659
845 0.964000 0.961662
846 0.974000 0.961677
847 0.974000 0.961691
848 0.952000 0.961680
849 0.946000 0.961661
850 0.952000 0.961650
851 0.960000 0.961648
852 0.970000 0.961658
853 0.974000 0.961672
854 0.962000 0.961673
855 0.970000 0.961682
856 0.964000 0.961685
857 0.964000 0.961688
858 0.950000 0.961674
859 0.964000 0.961677
860 0.970000 0.961686
861 0.954000 0.961677
862 0.960000 0.961676
863 0.950000 0.961662
864 0.954000 0.961653
865 0.958000 0.961649
866 0.960000 0.961647
867 0.984000 0.961673
868 0.982000 0.961696
869 0.976000 0.961713
870 0.976000 0.961729
871 0.972000 0.961741
872 0.964000 0.961743
873 0.972000 0.961755
874 0.966000 0.961760
875 0.976000 0.961776
876 0.982000 0.961799
877 0.972000 0.961811
878 0.968000 0.961818
879 0.976000 0.961834
880 0.974000 0.961848
881 0.960000 0.961846
882 0.942000 0.961823
883 0.948000 0.961808
884 0.954000 0.961799
885 0.940000 0.961774
886 0.958000 0.961770
887 0.966000 0.961775
888 0.954000 0.961766
889 0.956000 0.961760
890 0.952000 0.961749
891 0.948000 0.961733
892 0.960000 0.961731
893 0.964000 0.961734
894 0.968000 0.961741
895 0.968000 0.961748
896 0.970000 0.961757
897 0.960000 0.961755
898 0.954000 0.961746
899 0.946000 0.961729
900 0.950000 0.961716
901 0.962000 0.961716
902 0.954000 0.961708
903 0.966000 0.961712
904 0.954000 0.961704
905 0.966000 0.961709
906 0.960000 0.961707
907 0.966000 0.961711
908 0.974000 0.961725
909 0.962000 0.961725
910 0.960000 0.961723
911 0.972000 0.961735
912 0.960000 0.961733
913 0.974000 0.961746
914 0.948000 0.961731
915 0.958000 0.961727
916 0.980000 0.961747
917 0.976000 0.961763
918 0.962000 0.961763
919 0.962000 0.961763
920 0.968000 0.961770
921 0.960000 0.961768
922 0.968000 0.961775
923 0.972000 0.961786
924 0.960000 0.961784
925 0.962000 0.961784
926 0.962000 0.961784
927 0.958000 0.961780
928 0.954000 0.961772
929 0.964000 0.961774
930 0.964000 0.961777
931 0.968000 0.961783
932 0.962000 0.961783
933 0.958000 0.961779
934 0.970000 0.961788
935 0.966000 0.961793
936 0.970000 0.961801
937 0.972000 0.961812
938 0.976000 0.961827
939 0.958000 0.961823
940 0.962000 0.961824
941 0.964000 0.961826
942 0.958000 0.961822
943 0.952000 0.961811
944 0.970000 0.961820
945 0.960000 0.961818
946 0.960000 0.961816
947 0.948000 0.961802
948 0.950000 0.961789
949 0.952000 0.961779
950 0.954000 0.961771
951 0.958000 0.961767
952 0.960000 0.961765
953 0.964000 0.961767
954 0.974000 0.961780
955 0.968000 0.961787
956 0.962000 0.961787
957 0.958000 0.961783
958 0.954000 0.961775
959 0.958000 0.961771
960 0.950000 0.961759
961 0.956000 0.961753
962 0.958000 0.961749
963 0.958000 0.961745
964 0.956000 0.961739
965 0.968000 0.961745
966 0.962000 0.961746
967 0.956000 0.961740
968 0.954000 0.961732
969 0.956000 0.961726
970 0.970000 0.961734
971 0.948000 0.961720
972 0.956000 0.961714
973 0.962000 0.961715
974 0.954000 0.961707
975 0.954000 0.961699
976 0.954000 0.961691
977 0.956000 0.961685
978 0.964000 0.961687
979 0.964000 0.961690
980 0.960000 0.961688
981 0.962000 0.961688
982 0.942000 0.961668
983 0.956000 0.961663
984 0.960000 0.961661
985 0.968000 0.961667
986 0.956000 0.961662
987 0.960000 0.961660
988 0.958000 0.961656
989 0.958000 0.961653
990 0.958000 0.961649
991 0.964000 0.961651
992 0.958000 0.961648
993 0.958000 0.961644
994 0.956000 0.961638
995 0.960000 0.961637
996 0.946000 0.961621
997 0.954000 0.961613
998 0.960000 0.961612
999 0.966000 0.961616
