0 1.000000 1.000000
1 0.984000 0.992000
2 0.982000 0.988667
3 0.966000 0.983000
4 0.962000 0.978800
5 0.968000 0.977000
6 0.970000 0.976000
7 0.964000 0.974500
8 0.970000 0.974000
9 0.982000 0.974800
10 0.988000 0.976000
11 0.984000 0.976667
12 0.982000 0.977077
13 0.990000 0.978000
14 0.976000 0.977867
15 0.978000 0.977875
16 0.980000 0.978000
17 0.972000 0.977667
18 0.962000 0.976842
19 0.968000 0.976400
20 0.964000 0.975810
21 0.970000 0.975545
22 0.970000 0.975304
23 0.968000 0.975000
24 0.984000 0.975360
25 0.968000 0.975077
26 0.966000 0.974741
27 0.968000 0.974500
28 0.958000 0.973931
29 0.976000 0.974000
30 0.976000 0.974065
31 0.970000 0.973938
32 0.966000 0.973697
33 0.978000 0.973824
34 0.978000 0.973943
35 0.978000 0.974056
36 0.976000 0.974108
37 0.966000 0.973895
38 0.970000 0.973795
39 0.970000 0.973700
40 0.960000 0.973366
41 0.958000 0.973000
42 0.980000 0.973163
43 0.974000 0.973182
44 0.982000 0.973378
45 0.978000 0.973478
46 0.970000 0.973404
47 0.980000 0.973542
48 0.980000 0.973673
49 0.982000 0.973840
50 0.978000 0.973922
51 0.972000 0.973885
52 0.976000 0.973925
53 0.978000 0.974000
54 0.980000 0.974109
55 0.968000 0.974000
56 0.974000 0.974000
57 0.974000 0.974000
58 0.982000 0.974136
59 0.982000 0.974267
60 0.978000 0.974328
61 0.972000 0.974290
62 0.972000 0.974254
63 0.970000 0.974187
64 0.972000 0.974154
65 0.962000 0.973970
66 0.976000 0.974000
67 0.982000 0.974118
68 0.974000 0.974116
69 0.974000 0.974114
70 0.970000 0.974056
71 0.980000 0.974139
72 0.976000 0.974164
73 0.980000 0.974243
74 0.978000 0.974293
75 0.966000 0.974184
76 0.968000 0.974104
77 0.954000 0.973846
78 0.966000 0.973747
79 0.964000 0.973625
80 0.972000 0.973605
81 0.974000 0.973610
82 0.970000 0.973566
83 0.978000 0.973619
84 0.968000 0.973553
85 0.974000 0.973558
86 0.978000 0.973609
87 0.972000 0.973591
88 0.968000 0.973528
89 0.974000 0.973533
90 0.976000 0.973560
91 0.976000 0.973587
92 0.974000 0.973591
93 0.984000 0.973702
94 0.970000 0.973663
95 0.976000 0.973688
96 0.978000 0.973732
97 0.982000 0.973816
98 0.960000 0.973677
99 0.978000 0.973720
100 0.974000 0.973723
101 0.980000 0.973784
102 0.988000 0.973922
103 0.984000 0.974019
104 0.984000 0.974114
105 0.972000 0.974094
106 0.976000 0.974112
107 0.974000 0.974111
108 0.972000 0.974092
109 0.968000 0.974036
110 0.970000 0.974000
111 0.972000 0.973982
112 0.978000 0.974018
113 0.976000 0.974035
114 0.976000 0.974052
115 0.976000 0.974069
116 0.982000 0.974137
117 0.976000 0.974153
118 0.972000 0.974134
119 0.976000 0.974150
120 0.978000 0.974182
121 0.964000 0.974098
122 0.960000 0.973984
123 0.976000 0.974000
124 0.984000 0.974080
125 0.976000 0.974095
126 0.974000 0.974094
127 0.984000 0.974172
128 0.984000 0.974248
129 0.986000 0.974338
130 0.976000 0.974351
131 0.974000 0.974348
132 0.968000 0.974301
133 0.982000 0.974358
134 0.970000 0.974326
135 0.954000 0.974176
136 0.954000 0.974029
137 0.960000 0.973928
138 0.974000 0.973928
139 0.972000 0.973914
140 0.964000 0.973844
141 0.982000 0.973901
142 0.974000 0.973902
143 0.980000 0.973944
144 0.980000 0.973986
145 0.970000 0.973959
146 0.976000 0.973973
147 0.978000 0.974000
148 0.978000 0.974027
149 0.968000 0.973987
150 0.974000 0.973987
151 0.986000 0.974066
152 0.980000 0.974105
153 0.988000 0.974195
154 0.980000 0.974232
155 0.962000 0.974154
156 0.950000 0.974000
157 0.954000 0.973873
158 0.964000 0.973811
159 0.964000 0.973750
160 0.978000 0.973776
161 0.976000 0.973790
162 0.972000 0.973779
163 0.974000 0.973780
164 0.980000 0.973818
165 0.982000 0.973867
166 0.974000 0.973868
167 0.984000 0.973929
168 0.978000 0.973953
169 0.982000 0.974000
170 0.972000 0.973988
171 0.966000 0.973942
172 0.976000 0.973954
173 0.982000 0.974000
174 0.970000 0.973977
175 0.982000 0.974023
176 0.990000 0.974113
177 0.980000 0.974146
178 0.968000 0.974112
179 0.978000 0.974133
180 0.970000 0.974110
181 0.976000 0.974121
182 0.970000 0.974098
183 0.964000 0.974043
184 0.970000 0.974022
185 0.960000 0.973946
186 0.970000 0.973925
187 0.964000 0.973872
188 0.972000 0.973862
189 0.966000 0.973821
190 0.964000 0.973770
191 0.964000 0.973719
192 0.970000 0.973699
193 0.970000 0.973680
194 0.960000 0.973610
195 0.958000 0.973531
196 0.950000 0.973411
197 0.964000 0.973364
198 0.976000 0.973377
199 0.972000 0.973370
