0 1.000000 1.000000
1 0.972000 0.986000
2 0.930000 0.967333
3 0.892000 0.948500
4 0.862000 0.931200
5 0.860000 0.919333
6 0.866000 0.911714
7 0.876000 0.907250
8 0.876000 0.903778
9 0.848000 0.898200
10 0.888000 0.897273
11 0.852000 0.893500
12 0.848000 0.890000
13 0.842000 0.886571
14 0.842000 0.883600
15 0.836000 0.880625
16 0.818000 0.876941
17 0.828000 0.874222
18 0.794000 0.870000
19 0.786000 0.865800
20 0.792000 0.862286
21 0.802000 0.859545
22 0.810000 0.857391
23 0.816000 0.855667
24 0.824000 0.854400
25 0.808000 0.852615
26 0.804000 0.850815
27 0.782000 0.848357
28 0.790000 0.846345
29 0.772000 0.843867
30 0.782000 0.841871
31 0.764000 0.839437
32 0.734000 0.836242
33 0.740000 0.833412
34 0.756000 0.831200
35 0.712000 0.827889
36 0.746000 0.825676
37 0.738000 0.823368
38 0.730000 0.820974
39 0.734000 0.818800
40 0.724000 0.816488
41 0.730000 0.814429
42 0.746000 0.812837
43 0.736000 0.811091
44 0.766000 0.810089
45 0.754000 0.808870
46 0.768000 0.808000
47 0.732000 0.806417
48 0.712000 0.804490
49 0.742000 0.803240
50 0.728000 0.801765
51 0.744000 0.800654
52 0.710000 0.798943
53 0.720000 0.797481
54 0.722000 0.796109
55 0.728000 0.794893
56 0.726000 0.793684
57 0.736000 0.792690
58 0.720000 0.791458
59 0.724000 0.790333
60 0.730000 0.789344
61 0.716000 0.788161
62 0.702000 0.786794
63 0.734000 0.785969
64 0.726000 0.785046
65 0.724000 0.784121
66 0.736000 0.783403
67 0.712000 0.782353
68 0.712000 0.781333
69 0.710000 0.780314
70 0.738000 0.779718
71 0.724000 0.778944
72 0.726000 0.778219
73 0.726000 0.777514
74 0.724000 0.776800
75 0.710000 0.775921
76 0.702000 0.774961
77 0.720000 0.774256
78 0.698000 0.773291
79 0.696000 0.772325
80 0.696000 0.771383
81 0.706000 0.770585
82 0.706000 0.769807
83 0.726000 0.769286
84 0.696000 0.768424
85 0.698000 0.767605
86 0.674000 0.766529
87 0.700000 0.765773
88 0.704000 0.765079
89 0.706000 0.764422
90 0.726000 0.764000
91 0.708000 0.763391
92 0.692000 0.762624
93 0.684000 0.761787
94 0.718000 0.761326
95 0.698000 0.760667
96 0.704000 0.760082
97 0.686000 0.759327
98 0.706000 0.758788
99 0.678000 0.757980
100 0.674000 0.757149
101 0.690000 0.756490
102 0.672000 0.755670
103 0.680000 0.754942
104 0.690000 0.754324
105 0.680000 0.753623
106 0.670000 0.752841
107 0.680000 0.752167
108 0.648000 0.751211
109 0.652000 0.750309
110 0.688000 0.749748
111 0.680000 0.749125
112 0.678000 0.748496
113 0.686000 0.747947
114 0.688000 0.747426
115 0.702000 0.747034
116 0.680000 0.746462
117 0.656000 0.745695
118 0.666000 0.745025
119 0.680000 0.744483
120 0.668000 0.743851
121 0.662000 0.743180
122 0.692000 0.742764
123 0.680000 0.742258
124 0.664000 0.741632
125 0.682000 0.741159
126 0.654000 0.740472
127 0.670000 0.739922
128 0.672000 0.739395
129 0.692000 0.739031
130 0.666000 0.738473
131 0.690000 0.738106
132 0.670000 0.737594
133 0.678000 0.737149
134 0.664000 0.736607
135 0.648000 0.735956
136 0.680000 0.735547
137 0.678000 0.735130
138 0.698000 0.734863
139 0.678000 0.734457
140 0.678000 0.734057
141 0.670000 0.733606
142 0.696000 0.733343
143 0.700000 0.733111
144 0.690000 0.732814
145 0.694000 0.732548
146 0.656000 0.732027
147 0.694000 0.731770
148 0.714000 0.731651
149 0.668000 0.731227
150 0.642000 0.730636
151 0.634000 0.730000
152 0.634000 0.729373
153 0.658000 0.728909
154 0.652000 0.728413
155 0.646000 0.727885
156 0.646000 0.727363
157 0.626000 0.726722
158 0.608000 0.725975
159 0.634000 0.725400
160 0.652000 0.724944
161 0.680000 0.724667
162 0.658000 0.724258
163 0.664000 0.723890
164 0.648000 0.723430
165 0.636000 0.722904
166 0.660000 0.722527
167 0.668000 0.722202
168 0.676000 0.721929
169 0.638000 0.721435
170 0.614000 0.720807
171 0.652000 0.720407
172 0.642000 0.719954
173 0.628000 0.719425
174 0.618000 0.718846
175 0.646000 0.718432
176 0.674000 0.718181
177 0.660000 0.717854
178 0.620000 0.717307
179 0.662000 0.717000
180 0.650000 0.716630
181 0.664000 0.716341
182 0.654000 0.716000
183 0.640000 0.715587
184 0.638000 0.715168
185 0.656000 0.714849
186 0.694000 0.714738
187 0.684000 0.714574
188 0.676000 0.714370
189 0.686000 0.714221
190 0.634000 0.713801
191 0.622000 0.713323
192 0.636000 0.712922
193 0.658000 0.712639
194 0.626000 0.712195
195 0.644000 0.711847
196 0.684000 0.711706
197 0.648000 0.711384
198 0.612000 0.710884
199 0.642000 0.710540
200 0.650000 0.710239
201 0.622000 0.709802
202 0.608000 0.709300
203 0.666000 0.709088
204 0.656000 0.708829
205 0.670000 0.708641
206 0.664000 0.708425
207 0.664000 0.708212
208 0.646000 0.707914
209 0.654000 0.707657
210 0.644000 0.707355
211 0.666000 0.707160
212 0.672000 0.706995
213 0.656000 0.706757
214 0.638000 0.706437
215 0.654000 0.706194
216 0.628000 0.705834
217 0.626000 0.705468
218 0.680000 0.705352
219 0.676000 0.705218
220 0.658000 0.705005
221 0.660000 0.704802
222 0.648000 0.704547
223 0.650000 0.704304
224 0.646000 0.704044
225 0.626000 0.703699
226 0.662000 0.703515
227 0.660000 0.703325
228 0.670000 0.703179
229 0.656000 0.702974
230 0.642000 0.702710
231 0.676000 0.702595
232 0.662000 0.702421
233 0.628000 0.702103
234 0.596000 0.701651
235 0.610000 0.701263
236 0.644000 0.701021
237 0.620000 0.700681
238 0.632000 0.700393
239 0.650000 0.700183
240 0.644000 0.699950
241 0.636000 0.699686
242 0.610000 0.699317
243 0.600000 0.698910
244 0.604000 0.698522
245 0.598000 0.698114
246 0.626000 0.697822
247 0.600000 0.697427
248 0.602000 0.697044
249 0.620000 0.696736
250 0.638000 0.696502
251 0.604000 0.696135
252 0.648000 0.695945
253 0.618000 0.695638
254 0.654000 0.695475
255 0.660000 0.695336
256 0.652000 0.695167
257 0.614000 0.694853
258 0.648000 0.694672
259 0.632000 0.694431
260 0.632000 0.694192
261 0.622000 0.693916
262 0.626000 0.693658
263 0.646000 0.693477
264 0.614000 0.693177
265 0.660000 0.693053
266 0.636000 0.692839
267 0.648000 0.692672
268 0.658000 0.692543
269 0.654000 0.692400
270 0.670000 0.692317
271 0.648000 0.692154
272 0.670000 0.692073
273 0.692000 0.692073
274 0.654000 0.691935
275 0.650000 0.691783
276 0.656000 0.691653
277 0.638000 0.691460
278 0.610000 0.691168
279 0.624000 0.690929
280 0.638000 0.690740
281 0.630000 0.690525
282 0.610000 0.690240
283 0.604000 0.689937
284 0.622000 0.689698
285 0.636000 0.689510
286 0.654000 0.689387
287 0.632000 0.689187
288 0.658000 0.689080
289 0.672000 0.689021
290 0.676000 0.688976
291 0.620000 0.688740
292 0.654000 0.688621
293 0.652000 0.688497
294 0.658000 0.688393
295 0.646000 0.688250
296 0.628000 0.688047
297 0.648000 0.687913
298 0.618000 0.687679
299 0.632000 0.687493
300 0.604000 0.687216
301 0.580000 0.686861
302 0.630000 0.686673
303 0.634000 0.686500
304 0.634000 0.686328
305 0.618000 0.686105
306 0.594000 0.685805
307 0.588000 0.685487
308 0.634000 0.685320
309 0.654000 0.685219
310 0.618000 0.685003
311 0.622000 0.684801
312 0.614000 0.684575
313 0.590000 0.684274
314 0.600000 0.684006
315 0.616000 0.683791
316 0.600000 0.683527
317 0.602000 0.683270
318 0.572000 0.682922
319 0.612000 0.682700
320 0.608000 0.682467
321 0.590000 0.682180
322 0.608000 0.681950
323 0.638000 0.681815
324 0.626000 0.681643
325 0.616000 0.681442
326 0.630000 0.681284
327 0.564000 0.680927
328 0.578000 0.680614
329 0.552000 0.680224
330 0.564000 0.679873
331 0.598000 0.679627
332 0.568000 0.679291
333 0.594000 0.679036
334 0.596000 0.678788
335 0.608000 0.678577
336 0.620000 0.678404
337 0.630000 0.678260
338 0.614000 0.678071
339 0.612000 0.677876
340 0.604000 0.677660
341 0.584000 0.677386
342 0.576000 0.677090
343 0.596000 0.676855
344 0.614000 0.676672
345 0.614000 0.676491
346 0.596000 0.676259
347 0.582000 0.675989
348 0.546000 0.675616
349 0.576000 0.675331
350 0.600000 0.675117
351 0.580000 0.674847
352 0.574000 0.674561
353 0.598000 0.674345
354 0.624000 0.674203
355 0.588000 0.673961
356 0.556000 0.673630
357 0.582000 0.673374
358 0.582000 0.673120
359 0.602000 0.672922
360 0.562000 0.672615
361 0.624000 0.672481
362 0.592000 0.672259
363 0.566000 0.671967
364 0.530000 0.671578
365 0.534000 0.671202
366 0.558000 0.670894
367 0.572000 0.670625
368 0.578000 0.670374
369 0.566000 0.670092
370 0.600000 0.669903
371 0.584000 0.669672
372 0.574000 0.669416
373 0.544000 0.669080
374 0.568000 0.668811
375 0.574000 0.668559
376 0.556000 0.668260
377 0.570000 0.668000
378 0.542000 0.667668
379 0.580000 0.667437
380 0.582000 0.667213
381 0.594000 0.667021
382 0.608000 0.666867
383 0.578000 0.666635
384 0.606000 0.666478
385 0.582000 0.666259
386 0.592000 0.666067
387 0.572000 0.665825
388 0.586000 0.665620
389 0.592000 0.665431
390 0.584000 0.665223
391 0.596000 0.665046
392 0.598000 0.664875
393 0.616000 0.664751
394 0.582000 0.664542
395 0.598000 0.664374
396 0.604000 0.664222
397 0.612000 0.664090
398 0.620000 0.663980
399 0.612000 0.663850
400 0.592000 0.663671
401 0.590000 0.663488
402 0.614000 0.663365
403 0.612000 0.663238
404 0.602000 0.663086
405 0.550000 0.662808
406 0.576000 0.662595
407 0.588000 0.662412
408 0.592000 0.662240
409 0.556000 0.661980
410 0.582000 0.661786
411 0.574000 0.661573
412 0.534000 0.661264
413 0.564000 0.661029
414 0.556000 0.660776
415 0.568000 0.660553
416 0.578000 0.660355
417 0.564000 0.660124
418 0.584000 0.659943
419 0.588000 0.659771
420 0.576000 0.659572
421 0.566000 0.659351
422 0.586000 0.659177
423 0.606000 0.659052
424 0.598000 0.658908
425 0.584000 0.658732
426 0.588000 0.658567
427 0.580000 0.658383
428 0.594000 0.658233
429 0.546000 0.657972
430 0.550000 0.657722
431 0.570000 0.657519
432 0.572000 0.657321
433 0.562000 0.657101
434 0.554000 0.656864
435 0.554000 0.656628
436 0.552000 0.656389
437 0.572000 0.656196
438 0.554000 0.655964
439 0.568000 0.655764
440 0.546000 0.655515
441 0.572000 0.655326
442 0.574000 0.655142
443 0.574000 0.654959
444 0.576000 0.654782
445 0.610000 0.654682
446 0.598000 0.654555
447 0.602000 0.654438
448 0.576000 0.654263
449 0.546000 0.654022
450 0.538000 0.653765
451 0.558000 0.653553
452 0.554000 0.653333
453 0.568000 0.653145
454 0.562000 0.652945
455 0.560000 0.652741
456 0.554000 0.652525
457 0.550000 0.652301
458 0.554000 0.652087
459 0.562000 0.651891
460 0.548000 0.651666
461 0.584000 0.651519
462 0.574000 0.651352
463 0.572000 0.651181
464 0.556000 0.650976
465 0.576000 0.650815
466 0.578000 0.650660
467 0.592000 0.650534
468 0.562000 0.650345
469 0.548000 0.650128
470 0.566000 0.649949
471 0.564000 0.649767
472 0.556000 0.649569
473 0.554000 0.649367
474 0.596000 0.649255
475 0.586000 0.649122
476 0.556000 0.648927
477 0.578000 0.648778
478 0.554000 0.648580
479 0.566000 0.648408
480 0.584000 0.648274
481 0.550000 0.648071
482 0.546000 0.647859
483 0.542000 0.647640
484 0.566000 0.647472
485 0.572000 0.647317
486 0.552000 0.647121
487 0.554000 0.646930
488 0.564000 0.646761
489 0.574000 0.646612
490 0.574000 0.646464
491 0.560000 0.646289
492 0.582000 0.646158
493 0.610000 0.646085
494 0.606000 0.646004
495 0.586000 0.645883
496 0.570000 0.645730
497 0.562000 0.645562
498 0.566000 0.645403
499 0.558000 0.645228
500 0.550000 0.645038
501 0.582000 0.644912
502 0.570000 0.644763
503 0.574000 0.644623
504 0.552000 0.644440
505 0.558000 0.644269
506 0.554000 0.644091
507 0.558000 0.643921
508 0.536000 0.643709
509 0.532000 0.643490
510 0.572000 0.643350
511 0.540000 0.643148
512 0.528000 0.642924
513 0.544000 0.642732
514 0.538000 0.642528
515 0.540000 0.642329
516 0.540000 0.642132
517 0.532000 0.641919
518 0.526000 0.641696
519 0.518000 0.641458
520 0.558000 0.641298
521 0.542000 0.641107
522 0.542000 0.640918
523 0.520000 0.640687
524 0.552000 0.640518
525 0.544000 0.640335
526 0.580000 0.640220
527 0.570000 0.640087
528 0.556000 0.639928
529 0.536000 0.639732
530 0.544000 0.639552
531 0.552000 0.639387
532 0.560000 0.639238
533 0.574000 0.639116
534 0.564000 0.638976
535 0.576000 0.638858
536 0.538000 0.638670
537 0.562000 0.638528
538 0.584000 0.638427
539 0.570000 0.638300
540 0.564000 0.638163
541 0.536000 0.637974
542 0.536000 0.637786
543 0.544000 0.637614
544 0.564000 0.637479
545 0.572000 0.637359
546 0.582000 0.637258
547 0.570000 0.637135
548 0.532000 0.636944
549 0.520000 0.636731
550 0.526000 0.636530
551 0.540000 0.636355
552 0.524000 0.636152
553 0.504000 0.635913
554 0.518000 0.635701
555 0.550000 0.635547
556 0.528000 0.635354
557 0.536000 0.635176
558 0.560000 0.635041
559 0.548000 0.634886
560 0.554000 0.634742
561 0.564000 0.634616
562 0.552000 0.634469
563 0.526000 0.634277
564 0.520000 0.634074
565 0.514000 0.633862
566 0.532000 0.633683
567 0.516000 0.633475
568 0.540000 0.633311
569 0.520000 0.633112
570 0.538000 0.632946
571 0.522000 0.632752
572 0.516000 0.632548
573 0.516000 0.632345
574 0.548000 0.632198
575 0.560000 0.632073
576 0.514000 0.631868
577 0.486000 0.631616
578 0.496000 0.631382
579 0.508000 0.631169
580 0.484000 0.630916
581 0.520000 0.630725
582 0.518000 0.630532
583 0.488000 0.630288
584 0.484000 0.630038
585 0.492000 0.629802
586 0.494000 0.629571
587 0.490000 0.629333
588 0.502000 0.629117
589 0.500000 0.628898
590 0.500000 0.628680
591 0.514000 0.628486
592 0.530000 0.628320
593 0.528000 0.628152
594 0.516000 0.627963
595 0.498000 0.627745
596 0.508000 0.627544
597 0.514000 0.627355
598 0.486000 0.627119
599 0.538000 0.626970
600 0.496000 0.626752
601 0.528000 0.626588
602 0.522000 0.626415
603 0.506000 0.626215
604 0.506000 0.626017
605 0.532000 0.625861
606 0.528000 0.625700
607 0.512000 0.625513
608 0.518000 0.625337
609 0.540000 0.625197
610 0.518000 0.625021
611 0.514000 0.624840
612 0.516000 0.624662
613 0.536000 0.624518
614 0.560000 0.624413
615 0.544000 0.624282
616 0.544000 0.624152
617 0.526000 0.623994
618 0.508000 0.623806
619 0.516000 0.623632
620 0.478000 0.623398
621 0.506000 0.623209
622 0.466000 0.622957
623 0.492000 0.622747
624 0.520000 0.622582
625 0.512000 0.622406
626 0.518000 0.622239
627 0.484000 0.622019
628 0.496000 0.621819
629 0.496000 0.621619
630 0.500000 0.621426
631 0.496000 0.621228
632 0.490000 0.621021
633 0.488000 0.620811
634 0.514000 0.620643
635 0.492000 0.620440
636 0.480000 0.620220
637 0.468000 0.619981
638 0.484000 0.619768
639 0.460000 0.619519
640 0.480000 0.619301
641 0.498000 0.619112
642 0.500000 0.618927
643 0.498000 0.618739
644 0.490000 0.618540
645 0.490000 0.618341
646 0.512000 0.618176
647 0.472000 0.617951
648 0.466000 0.617716
649 0.488000 0.617517
650 0.488000 0.617318
651 0.532000 0.617187
652 0.506000 0.617017
653 0.534000 0.616890
654 0.514000 0.616733
655 0.516000 0.616579
656 0.512000 0.616420
657 0.506000 0.616252
658 0.512000 0.616094
659 0.458000 0.615855
660 0.492000 0.615667
661 0.498000 0.615489
662 0.488000 0.615297
663 0.504000 0.615130
664 0.508000 0.614968
665 0.472000 0.614754
666 0.478000 0.614549
667 0.492000 0.614365
668 0.502000 0.614197
669 0.448000 0.613949
670 0.494000 0.613770
671 0.474000 0.613563
672 0.476000 0.613358
673 0.480000 0.613160
674 0.466000 0.612942
675 0.494000 0.612766
676 0.476000 0.612564
677 0.494000 0.612389
678 0.508000 0.612236
679 0.502000 0.612074
680 0.468000 0.611862
681 0.470000 0.611654
682 0.466000 0.611441
683 0.492000 0.611266
684 0.498000 0.611101
685 0.498000 0.610936
686 0.520000 0.610803
687 0.492000 0.610631
688 0.512000 0.610488
689 0.490000 0.610313
690 0.490000 0.610139
691 0.480000 0.609951
692 0.506000 0.609801
693 0.518000 0.609669
694 0.506000 0.609519
695 0.500000 0.609362
696 0.510000 0.609220
697 0.498000 0.609060
698 0.504000 0.608910
699 0.506000 0.608763
700 0.502000 0.608611
701 0.466000 0.608407
702 0.480000 0.608225
703 0.492000 0.608060
704 0.480000 0.607878
705 0.490000 0.607711
706 0.474000 0.607522
707 0.462000 0.607316
708 0.462000 0.607111
709 0.468000 0.606915
710 0.498000 0.606762
711 0.474000 0.606576
712 0.496000 0.606421
713 0.486000 0.606252
714 0.468000 0.606059
715 0.474000 0.605874
716 0.476000 0.605693
717 0.484000 0.605524
718 0.488000 0.605360
719 0.466000 0.605167
720 0.444000 0.604943
721 0.470000 0.604756
722 0.492000 0.604600
723 0.492000 0.604445
724 0.502000 0.604303
725 0.470000 0.604118
726 0.466000 0.603928
727 0.446000 0.603712
728 0.424000 0.603465
729 0.444000 0.603247
730 0.462000 0.603053
731 0.458000 0.602855
732 0.462000 0.602663
733 0.452000 0.602458
734 0.470000 0.602278
735 0.446000 0.602065
736 0.456000 0.601867
737 0.440000 0.601648
738 0.404000 0.601380
739 0.436000 0.601157
740 0.438000 0.600937
741 0.472000 0.600763
742 0.462000 0.600576
743 0.446000 0.600368
744 0.436000 0.600148
745 0.450000 0.599946
746 0.486000 0.599794
747 0.486000 0.599642
748 0.494000 0.599501
749 0.466000 0.599323
750 0.468000 0.599148
751 0.448000 0.598947
752 0.460000 0.598762
753 0.480000 0.598605
754 0.498000 0.598472
755 0.458000 0.598286
756 0.454000 0.598095
757 0.484000 0.597945
758 0.494000 0.597808
759 0.504000 0.597684
760 0.472000 0.597519
761 0.472000 0.597354
762 0.474000 0.597193
763 0.438000 0.596984
764 0.450000 0.596792
765 0.438000 0.596585
766 0.484000 0.596438
767 0.448000 0.596245
768 0.438000 0.596039
769 0.442000 0.595839
770 0.438000 0.595634
771 0.422000 0.595409
772 0.456000 0.595229
773 0.470000 0.595067
774 0.474000 0.594911
775 0.526000 0.594822
776 0.496000 0.594695
777 0.466000 0.594530
778 0.476000 0.594377
779 0.438000 0.594177
780 0.446000 0.593987
781 0.456000 0.593811
782 0.440000 0.593614
783 0.434000 0.593411
784 0.434000 0.593208
785 0.436000 0.593008
786 0.466000 0.592846
787 0.472000 0.592693
788 0.456000 0.592520
789 0.446000 0.592334
790 0.468000 0.592177
791 0.450000 0.591997
792 0.450000 0.591818
793 0.454000 0.591645
794 0.456000 0.591474
795 0.484000 0.591339
796 0.490000 0.591212
797 0.480000 0.591073
798 0.456000 0.590904
799 0.434000 0.590707
800 0.448000 0.590529
801 0.410000 0.590304
802 0.434000 0.590110
803 0.442000 0.589925
804 0.420000 0.589714
805 0.404000 0.589484
806 0.424000 0.589279
807 0.408000 0.589054
808 0.404000 0.588826
809 0.392000 0.588583
810 0.414000 0.588367
811 0.420000 0.588160
812 0.414000 0.587946
813 0.414000 0.587732
814 0.434000 0.587544
815 0.418000 0.587336
816 0.426000 0.587138
817 0.438000 0.586956
818 0.448000 0.586786
819 0.434000 0.586600
820 0.414000 0.586390
821 0.414000 0.586180
822 0.430000 0.585990
823 0.418000 0.585786
824 0.470000 0.585646
825 0.482000 0.585521
826 0.454000 0.585362
827 0.448000 0.585196
828 0.434000 0.585013
829 0.428000 0.584824
830 0.446000 0.584657
831 0.452000 0.584498
832 0.488000 0.584382
833 0.494000 0.584273
834 0.478000 0.584146
835 0.448000 0.583983
836 0.430000 0.583799
837 0.448000 0.583637
838 0.422000 0.583445
839 0.436000 0.583269
840 0.434000 0.583092
841 0.470000 0.582957
842 0.452000 0.582802
843 0.468000 0.582666
844 0.474000 0.582537
845 0.456000 0.582388
846 0.460000 0.582243
847 0.474000 0.582116
848 0.454000 0.581965
849 0.470000 0.581833
850 0.464000 0.581694
851 0.462000 0.581554
852 0.478000 0.581433
853 0.494000 0.581330
854 0.472000 0.581202
855 0.478000 0.581082
856 0.450000 0.580929
857 0.444000 0.580769
858 0.440000 0.580605
859 0.428000 0.580428
860 0.450000 0.580276
861 0.470000 0.580148
862 0.462000 0.580012
863 0.466000 0.579880
864 0.436000 0.579713
865 0.478000 0.579596
866 0.444000 0.579439
867 0.454000 0.579295
868 0.460000 0.579158
869 0.460000 0.579021
870 0.484000 0.578912
871 0.464000 0.578780
872 0.468000 0.578653
873 0.452000 0.578508
874 0.422000 0.578329
875 0.450000 0.578183
876 0.508000 0.578103
877 0.516000 0.578032
878 0.484000 0.577925
879 0.460000 0.577791
880 0.458000 0.577655
881 0.414000 0.577469
882 0.438000 0.577311
883 0.438000 0.577154
884 0.430000 0.576988
885 0.434000 0.576826
886 0.460000 0.576694
887 0.480000 0.576586
888 0.436000 0.576427
889 0.438000 0.576272
890 0.438000 0.576117
891 0.450000 0.575975
892 0.450000 0.575834
893 0.466000 0.575711
894 0.468000 0.575591
895 0.482000 0.575487
896 0.480000 0.575380
897 0.474000 0.575267
898 0.488000 0.575170
899 0.448000 0.575029
900 0.470000 0.574912
901 0.464000 0.574789
902 0.500000 0.574707
903 0.436000 0.574553
904 0.460000 0.574427
905 0.476000 0.574318
906 0.466000 0.574198
907 0.456000 0.574068
908 0.444000 0.573925
909 0.448000 0.573787
910 0.464000 0.573666
911 0.472000 0.573555
912 0.466000 0.573437
913 0.456000 0.573309
914 0.426000 0.573148
915 0.416000 0.572976
916 0.394000 0.572781
917 0.414000 0.572608
918 0.436000 0.572459
919 0.442000 0.572317
920 0.430000 0.572163
921 0.408000 0.571985
922 0.390000 0.571788
923 0.438000 0.571643
924 0.410000 0.571468
925 0.436000 0.571322
926 0.436000 0.571176
927 0.428000 0.571022
928 0.468000 0.570911
929 0.430000 0.570759
930 0.436000 0.570614
931 0.440000 0.570474
932 0.428000 0.570322
933 0.434000 0.570176
934 0.424000 0.570019
935 0.414000 0.569853
936 0.404000 0.569676
937 0.412000 0.569507
938 0.436000 0.569365
939 0.428000 0.569215
940 0.456000 0.569095
941 0.468000 0.568987
942 0.436000 0.568846
943 0.450000 0.568720
944 0.462000 0.568607
945 0.440000 0.568471
946 0.460000 0.568357
947 0.446000 0.568228
948 0.434000 0.568086
949 0.468000 0.567981
950 0.468000 0.567876
951 0.468000 0.567771
952 0.452000 0.567650
953 0.442000 0.567518
954 0.406000 0.567349
955 0.440000 0.567215
956 0.430000 0.567072
957 0.410000 0.566908
958 0.434000 0.566770
959 0.438000 0.566635
960 0.458000 0.566522
961 0.450000 0.566401
962 0.482000 0.566314
963 0.478000 0.566222
964 0.450000 0.566102
965 0.456000 0.565988
966 0.472000 0.565890
967 0.442000 0.565762
968 0.430000 0.565622
969 0.424000 0.565476
970 0.432000 0.565339
971 0.434000 0.565204
972 0.438000 0.565073
973 0.446000 0.564951
974 0.440000 0.564823
975 0.440000 0.564695
976 0.444000 0.564571
977 0.422000 0.564425
978 0.456000 0.564315
979 0.440000 0.564188
980 0.414000 0.564035
981 0.436000 0.563904
982 0.430000 0.563768
983 0.428000 0.563630
984 0.416000 0.563480
985 0.444000 0.563359
986 0.422000 0.563216
987 0.396000 0.563047
988 0.402000 0.562884
989 0.422000 0.562741
990 0.392000 0.562569
991 0.372000 0.562377
992 0.392000 0.562205
993 0.388000 0.562030
994 0.382000 0.561849
995 0.426000 0.561713
996 0.414000 0.561565
997 0.386000 0.561389
998 0.436000 0.561263
999 0.422000 0.561124
