0 1.000000 1.000000
1 1.000000 1.000000
2 1.000000 1.000000
3 1.000000 1.000000
4 1.000000 1.000000
5 1.000000 1.000000
6 1.000000 1.000000
7 1.000000 1.000000
8 1.000000 1.000000
9 1.000000 1.000000
10 1.000000 1.000000
11 1.000000 1.000000
12 1.000000 1.000000
13 1.000000 1.000000
14 1.000000 1.000000
15 1.000000 1.000000
16 1.000000 1.000000
17 1.000000 1.000000
18 1.000000 1.000000
19 1.000000 1.000000
20 1.000000 1.000000
21 1.000000 1.000000
22 1.000000 1.000000
23 1.000000 1.000000
24 1.000000 1.000000
25 1.000000 1.000000
26 1.000000 1.000000
27 1.000000 1.000000
28 1.000000 1.000000
29 1.000000 1.000000
30 0.998000 0.999935
31 1.000000 0.999938
32 1.000000 0.999939
33 1.000000 0.999941
34 1.000000 0.999943
35 1.000000 0.999944
36 1.000000 0.999946
37 1.000000 0.999947
38 1.000000 0.999949
39 1.000000 0.999950
40 1.000000 0.999951
41 1.000000 0.999952
42 1.000000 0.999953
43 1.000000 0.999955
44 1.000000 0.999956
45 1.000000 0.999957
46 1.000000 0.999957
47 1.000000 0.999958
48 1.000000 0.999959
49 1.000000 0.999960
50 1.000000 0.999961
51 1.000000 0.999962
52 1.000000 0.999962
53 1.000000 0.999963
54 1.000000 0.999964
55 1.000000 0.999964
56 1.000000 0.999965
57 1.000000 0.999966
58 1.000000 0.999966
59 1.000000 0.999967
60 1.000000 0.999967
61 1.000000 0.999968
62 1.000000 0.999968
63 1.000000 0.999969
64 1.000000 0.999969
65 1.000000 0.999970
66 1.000000 0.999970
67 1.000000 0.999971
68 1.000000 0.999971
69 1.000000 0.999971
70 1.000000 0.999972
71 1.000000 0.999972
72 1.000000 0.999973
73 1.000000 0.999973
74 1.000000 0.999973
75 1.000000 0.999974
76 1.000000 0.999974
77 1.000000 0.999974
78 1.000000 0.999975
79 1.000000 0.999975
80 1.000000 0.999975
81 1.000000 0.999976
82 1.000000 0.999976
83 1.000000 0.999976
84 1.000000 0.999976
85 1.000000 0.999977
86 1.000000 0.999977
87 1.000000 0.999977
88 1.000000 0.999978
89 1.000000 0.999978
90 1.000000 0.999978
91 1.000000 0.999978
92 1.000000 0.999978
93 1.000000 0.999979
94 1.000000 0.999979
95 1.000000 0.999979
96 1.000000 0.999979
97 1.000000 0.999980
98 1.000000 0.999980
99 1.000000 0.999980
100 1.000000 0.999980
101 1.000000 0.999980
102 1.000000 0.999981
103 1.000000 0.999981
104 1.000000 0.999981
105 1.000000 0.999981
106 1.000000 0.999981
107 1.000000 0.999981
108 1.000000 0.999982
109 1.000000 0.999982
110 1.000000 0.999982
111 1.000000 0.999982
112 1.000000 0.999982
113 1.000000 0.999982
114 1.000000 0.999983
115 1.000000 0.999983
116 1.000000 0.999983
117 1.000000 0.999983
118 1.000000 0.999983
119 1.000000 0.999983
120 1.000000 0.999983
121 1.000000 0.999984
122 1.000000 0.999984
123 1.000000 0.999984
124 1.000000 0.999984
125 1.000000 0.999984
126 1.000000 0.999984
127 1.000000 0.999984
128 1.000000 0.999984
129 1.000000 0.999985
130 1.000000 0.999985
131 1.000000 0.999985
132 0.998000 0.999970
133 0.998000 0.999955
134 1.000000 0.999956
135 1.000000 0.999956
136 1.000000 0.999956
137 1.000000 0.999957
138 1.000000 0.999957
139 1.000000 0.999957
140 1.000000 0.999957
141 1.000000 0.999958
142 1.000000 0.999958
143 1.000000 0.999958
144 1.000000 0.999959
145 0.998000 0.999945
146 0.998000 0.999932
147 1.000000 0.999932
148 1.000000 0.999933
149 1.000000 0.999933
150 1.000000 0.999934
151 1.000000 0.999934
152 1.000000 0.999935
153 0.998000 0.999922
154 0.998000 0.999910
155 1.000000 0.999910
156 1.000000 0.999911
157 1.000000 0.999911
158 1.000000 0.999912
159 1.000000 0.999912
160 1.000000 0.999913
161 1.000000 0.999914
162 1.000000 0.999914
163 1.000000 0.999915
164 1.000000 0.999915
165 1.000000 0.999916
166 1.000000 0.999916
167 1.000000 0.999917
168 1.000000 0.999917
169 1.000000 0.999918
170 1.000000 0.999918
171 1.000000 0.999919
172 1.000000 0.999919
173 1.000000 0.999920
174 1.000000 0.999920
175 1.000000 0.999920
176 1.000000 0.999921
177 1.000000 0.999921
178 1.000000 0.999922
179 1.000000 0.999922
180 1.000000 0.999923
181 1.000000 0.999923
182 1.000000 0.999923
183 0.998000 0.999913
184 0.998000 0.999903
185 0.998000 0.999892
186 1.000000 0.999893
187 0.998000 0.999883
188 1.000000 0.999884
189 1.000000 0.999884
190 1.000000 0.999885
191 1.000000 0.999885
192 1.000000 0.999886
193 1.000000 0.999887
194 1.000000 0.999887
195 1.000000 0.999888
196 1.000000 0.999888
197 1.000000 0.999889
198 1.000000 0.999889
199 1.000000 0.999890
