0 1.000000 1.000000
1 0.960000 0.980000
2 0.908000 0.956000
3 0.852000 0.930000
4 0.802000 0.904400
5 0.806000 0.888000
6 0.804000 0.876000
7 0.800000 0.866500
8 0.792000 0.858222
9 0.772000 0.849600
10 0.826000 0.847455
11 0.778000 0.841667
12 0.768000 0.836000
13 0.762000 0.830714
14 0.772000 0.826800
15 0.730000 0.820750
16 0.722000 0.814941
17 0.736000 0.810556
18 0.722000 0.805895
19 0.696000 0.800400
20 0.692000 0.795238
21 0.714000 0.791545
22 0.724000 0.788609
23 0.696000 0.784750
24 0.672000 0.780240
25 0.676000 0.776231
26 0.672000 0.772370
27 0.660000 0.768357
28 0.656000 0.764483
29 0.674000 0.761467
30 0.668000 0.758452
31 0.626000 0.754313
32 0.604000 0.749758
33 0.610000 0.745647
34 0.628000 0.742286
35 0.570000 0.737500
36 0.588000 0.733459
37 0.558000 0.728842
38 0.568000 0.724718
39 0.584000 0.721200
40 0.582000 0.717805
41 0.568000 0.714238
42 0.564000 0.710744
43 0.530000 0.706636
44 0.550000 0.703156
45 0.580000 0.700478
46 0.546000 0.697191
47 0.556000 0.694250
48 0.524000 0.690776
49 0.564000 0.688240
50 0.536000 0.685255
51 0.580000 0.683231
52 0.578000 0.681245
53 0.520000 0.678259
54 0.536000 0.675673
55 0.572000 0.673821
56 0.558000 0.671789
57 0.532000 0.669379
58 0.496000 0.666441
59 0.496000 0.663600
60 0.508000 0.661049
61 0.532000 0.658968
62 0.502000 0.656476
63 0.482000 0.653750
64 0.472000 0.650954
65 0.506000 0.648758
66 0.532000 0.647015
67 0.520000 0.645147
68 0.494000 0.642957
69 0.480000 0.640629
70 0.460000 0.638085
71 0.476000 0.635833
72 0.488000 0.633808
73 0.468000 0.631568
74 0.450000 0.629147
75 0.452000 0.626816
76 0.476000 0.624857
77 0.450000 0.622615
78 0.462000 0.620582
79 0.450000 0.618450
80 0.450000 0.616370
81 0.448000 0.614317
82 0.460000 0.612458
83 0.434000 0.610333
84 0.420000 0.608094
85 0.438000 0.606116
86 0.446000 0.604276
87 0.450000 0.602523
88 0.440000 0.600697
89 0.428000 0.598778
90 0.456000 0.597209
91 0.436000 0.595457
92 0.452000 0.593914
93 0.426000 0.592128
94 0.440000 0.590526
95 0.416000 0.588708
96 0.372000 0.586474
97 0.366000 0.584224
98 0.394000 0.582303
99 0.368000 0.580160
100 0.324000 0.577624
101 0.326000 0.575157
102 0.352000 0.572990
103 0.396000 0.571288
104 0.374000 0.569410
105 0.412000 0.567925
106 0.398000 0.566336
107 0.378000 0.564593
108 0.344000 0.562569
109 0.364000 0.560764
110 0.382000 0.559153
111 0.360000 0.557375
112 0.378000 0.555788
113 0.384000 0.554281
114 0.414000 0.553061
115 0.402000 0.551759
116 0.358000 0.550103
117 0.334000 0.548271
118 0.370000 0.546773
119 0.382000 0.545400
120 0.356000 0.543835
121 0.364000 0.542361
122 0.398000 0.541187
123 0.356000 0.539694
124 0.356000 0.538224
125 0.354000 0.536762
126 0.376000 0.535496
127 0.380000 0.534281
128 0.358000 0.532915
129 0.376000 0.531708
130 0.364000 0.530427
131 0.336000 0.528955
132 0.316000 0.527353
133 0.330000 0.525881
134 0.346000 0.524548
135 0.330000 0.523118
136 0.340000 0.521781
137 0.308000 0.520232
138 0.302000 0.518662
139 0.304000 0.517129
140 0.282000 0.515461
141 0.306000 0.513986
142 0.320000 0.512629
143 0.326000 0.511333
144 0.312000 0.509959
145 0.282000 0.508397
146 0.284000 0.506871
147 0.308000 0.505527
148 0.326000 0.504322
149 0.316000 0.503067
150 0.278000 0.501576
151 0.254000 0.499947
152 0.278000 0.498497
153 0.282000 0.497091
154 0.264000 0.495587
155 0.244000 0.493974
156 0.238000 0.492344
157 0.228000 0.490671
158 0.274000 0.489308
159 0.302000 0.488138
160 0.296000 0.486944
161 0.306000 0.485827
162 0.286000 0.484601
163 0.282000 0.483366
164 0.280000 0.482133
165 0.268000 0.480843
166 0.270000 0.479581
167 0.258000 0.478262
168 0.272000 0.477041
169 0.300000 0.476000
170 0.276000 0.474830
171 0.270000 0.473640
172 0.268000 0.472451
173 0.272000 0.471299
174 0.326000 0.470469
175 0.282000 0.469398
176 0.270000 0.468271
177 0.280000 0.467213
178 0.250000 0.466000
179 0.270000 0.464911
180 0.246000 0.463702
181 0.248000 0.462516
182 0.246000 0.461333
183 0.232000 0.460087
184 0.272000 0.459070
185 0.282000 0.458118
186 0.290000 0.457219
187 0.254000 0.456138
188 0.228000 0.454931
189 0.264000 0.453926
190 0.248000 0.452848
191 0.236000 0.451719
192 0.252000 0.450684
193 0.258000 0.449691
194 0.234000 0.448585
195 0.218000 0.447408
196 0.252000 0.446416
197 0.250000 0.445424
198 0.234000 0.444362
199 0.274000 0.443510
200 0.226000 0.442428
201 0.230000 0.441376
202 0.218000 0.440276
203 0.254000 0.439363
204 0.226000 0.438322
205 0.222000 0.437272
206 0.218000 0.436213
207 0.254000 0.435337
208 0.252000 0.434459
209 0.236000 0.433514
210 0.194000 0.432379
211 0.176000 0.431170
212 0.212000 0.430141
213 0.214000 0.429131
214 0.218000 0.428149
215 0.220000 0.427185
216 0.238000 0.426313
217 0.206000 0.425303
218 0.222000 0.424374
219 0.222000 0.423455
220 0.188000 0.422389
221 0.186000 0.421324
222 0.194000 0.420305
223 0.192000 0.419286
224 0.214000 0.418373
225 0.230000 0.417540
226 0.210000 0.416626
227 0.204000 0.415693
228 0.188000 0.414699
229 0.200000 0.413765
230 0.210000 0.412883
231 0.226000 0.412078
232 0.226000 0.411279
233 0.224000 0.410479
234 0.212000 0.409634
235 0.218000 0.408822
236 0.210000 0.407983
237 0.196000 0.407092
238 0.170000 0.406100
239 0.192000 0.405208
240 0.192000 0.404324
241 0.168000 0.403347
242 0.202000 0.402519
243 0.164000 0.401541
244 0.146000 0.400498
245 0.152000 0.399488
246 0.158000 0.398510
247 0.154000 0.397524
248 0.192000 0.396699
249 0.176000 0.395816
250 0.176000 0.394940
251 0.208000 0.394198
252 0.214000 0.393486
253 0.162000 0.392575
254 0.178000 0.391733
255 0.202000 0.390992
256 0.202000 0.390257
257 0.192000 0.389488
258 0.206000 0.388780
259 0.178000 0.387969
260 0.206000 0.387272
261 0.200000 0.386557
262 0.192000 0.385817
263 0.208000 0.385144
264 0.186000 0.384392
265 0.174000 0.383602
266 0.168000 0.382794
267 0.166000 0.381985
268 0.190000 0.381271
269 0.198000 0.380593
270 0.180000 0.379852
271 0.164000 0.379059
272 0.162000 0.378264
273 0.132000 0.377365
274 0.134000 0.376480
275 0.174000 0.375746
276 0.154000 0.374946
277 0.142000 0.374108
278 0.164000 0.373355
279 0.148000 0.372550
280 0.136000 0.371708
281 0.156000 0.370943
282 0.154000 0.370177
283 0.162000 0.369444
284 0.170000 0.368744
285 0.180000 0.368084
286 0.178000 0.367422
287 0.192000 0.366812
288 0.198000 0.366228
289 0.182000 0.365593
290 0.160000 0.364887
291 0.142000 0.364123
292 0.122000 0.363297
293 0.172000 0.362646
294 0.150000 0.361925
295 0.116000 0.361095
296 0.104000 0.360229
297 0.138000 0.359483
298 0.142000 0.358756
299 0.154000 0.358073
300 0.142000 0.357355
301 0.132000 0.356609
302 0.120000 0.355828
303 0.118000 0.355046
304 0.122000 0.354282
305 0.084000 0.353399
306 0.120000 0.352638
307 0.092000 0.351792
308 0.082000 0.350919
309 0.128000 0.350200
310 0.120000 0.349460
311 0.130000 0.348756
312 0.148000 0.348115
313 0.088000 0.347287
314 0.116000 0.346552
315 0.128000 0.345861
316 0.146000 0.345230
317 0.138000 0.344579
318 0.096000 0.343799
319 0.104000 0.343050
320 0.110000 0.342324
321 0.054000 0.341429
322 0.090000 0.340650
323 0.110000 0.339938
324 0.090000 0.339169
325 0.080000 0.338374
326 0.086000 0.337602
327 0.104000 0.336890
328 0.080000 0.336109
329 0.090000 0.335364
330 0.106000 0.334671
331 0.122000 0.334030
332 0.110000 0.333357
333 0.108000 0.332683
334 0.134000 0.332090
335 0.140000 0.331518
336 0.160000 0.331009
337 0.140000 0.330444
338 0.128000 0.329847
339 0.126000 0.329247
340 0.096000 0.328563
341 0.108000 0.327918
342 0.076000 0.327184
343 0.104000 0.326535
344 0.116000 0.325925
345 0.106000 0.325289
346 0.116000 0.324686
347 0.090000 0.324011
348 0.106000 0.323387
349 0.122000 0.322811
350 0.134000 0.322274
351 0.094000 0.321625
352 0.060000 0.320884
353 0.084000 0.320215
354 0.098000 0.319589
355 0.112000 0.319006
356 0.110000 0.318420
357 0.114000 0.317849
358 0.064000 0.317142
359 0.098000 0.316533
360 0.072000 0.315856
361 0.100000 0.315260
362 0.098000 0.314661
363 0.106000 0.314088
364 0.110000 0.313529
365 0.088000 0.312913
366 0.114000 0.312371
367 0.118000 0.311842
368 0.130000 0.311350
369 0.114000 0.310816
370 0.114000 0.310286
371 0.110000 0.309747
372 0.108000 0.309206
373 0.092000 0.308626
374 0.060000 0.307963
375 0.086000 0.307372
376 0.090000 0.306796
377 0.094000 0.306233
378 0.076000 0.305625
379 0.054000 0.304963
380 0.062000 0.304325
381 0.098000 0.303785
382 0.104000 0.303264
383 0.088000 0.302703
384 0.088000 0.302145
385 0.088000 0.301591
386 0.108000 0.301090
387 0.042000 0.300423
388 0.066000 0.299820
389 0.094000 0.299292
390 0.114000 0.298818
391 0.124000 0.298372
392 0.144000 0.297980
393 0.122000 0.297533
394 0.106000 0.297048
395 0.072000 0.296480
396 0.078000 0.295929
397 0.084000 0.295397
398 0.070000 0.294832
399 0.064000 0.294255
400 0.064000 0.293681
401 0.058000 0.293095
402 0.090000 0.292591
403 0.058000 0.292010
404 0.074000 0.291472
405 0.080000 0.290951
406 0.062000 0.290388
407 0.054000 0.289809
408 0.044000 0.289208
409 0.068000 0.288668
410 0.076000 0.288151
411 0.136000 0.287782
412 0.080000 0.287278
413 0.068000 0.286749
414 0.082000 0.286255
415 0.080000 0.285760
416 0.056000 0.285209
417 0.100000 0.284766
418 0.050000 0.284205
419 0.030000 0.283600
420 0.044000 0.283031
421 0.032000 0.282436
422 0.014000 0.281801
423 0.038000 0.281226
424 0.022000 0.280616
425 -0.014000 0.279925
426 -0.004000 0.279260
427 0.000000 0.278607
428 0.004000 0.277967
429 0.058000 0.277456
430 -0.006000 0.276798
431 0.044000 0.276259
432 0.030000 0.275691
433 0.024000 0.275111
434 0.032000 0.274552
435 0.036000 0.274005
436 0.030000 0.273446
437 0.046000 0.272927
438 0.048000 0.272415
439 0.056000 0.271923
440 0.062000 0.271447
441 0.054000 0.270955
442 0.062000 0.270483
443 0.056000 0.270000
444 0.042000 0.269488
445 0.014000 0.268915
446 -0.020000 0.268268
447 0.018000 0.267710
448 0.022000 0.267163
449 0.008000 0.266587
450 0.024000 0.266049
451 0.060000 0.265593
452 0.052000 0.265121
453 0.064000 0.264678
454 0.030000 0.264163
455 0.016000 0.263618
456 0.022000 0.263090
457 0.036000 0.262594
458 0.084000 0.262205
459 0.032000 0.261704
460 0.040000 0.261223
461 0.058000 0.260784
462 0.062000 0.260354
463 0.056000 0.259914
464 0.048000 0.259458
465 0.064000 0.259039
466 0.064000 0.258621
467 0.018000 0.258107
468 0.022000 0.257603
469 0.026000 0.257111
470 0.042000 0.256654
471 0.014000 0.256140
472 0.038000 0.255679
473 0.014000 0.255169
474 0.020000 0.254674
475 0.030000 0.254202
476 0.024000 0.253719
477 0.036000 0.253264
478 0.078000 0.252898
479 0.056000 0.252488
480 0.040000 0.252046
481 0.026000 0.251577
482 0.032000 0.251122
483 0.020000 0.250645
484 0.040000 0.250210
485 0.028000 0.249753
486 0.024000 0.249290
487 0.056000 0.248893
488 0.054000 0.248495
489 0.046000 0.248082
490 0.050000 0.247678
491 0.056000 0.247289
492 0.044000 0.246876
493 -0.002000 0.246372
494 0.012000 0.245899
495 -0.006000 0.245391
496 -0.004000 0.244889
497 -0.010000 0.244378
498 0.028000 0.243944
499 0.050000 0.243556
500 0.036000 0.243142
501 0.046000 0.242749
502 0.022000 0.242310
503 0.046000 0.241921
504 0.064000 0.241568
505 0.088000 0.241265
506 0.058000 0.240903
507 0.050000 0.240528
508 0.054000 0.240161
509 0.012000 0.239714
510 0.016000 0.239276
511 0.022000 0.238852
512 0.024000 0.238433
513 0.016000 0.238000
514 0.018000 0.237573
515 0.056000 0.237221
516 0.028000 0.236816
517 0.024000 0.236405
518 0.032000 0.236012
519 0.066000 0.235685
520 0.024000 0.235278
521 0.046000 0.234916
522 0.008000 0.234482
523 0.002000 0.234038
524 0.030000 0.233650
525 0.062000 0.233323
526 0.054000 0.232983
527 0.086000 0.232705
528 0.078000 0.232412
529 0.078000 0.232121
530 0.034000 0.231748
531 0.042000 0.231391
532 0.032000 0.231017
533 0.028000 0.230637
534 0.072000 0.230340
535 0.046000 0.229996
536 0.040000 0.229642
537 0.048000 0.229305
538 0.070000 0.229009
539 0.070000 0.228715
540 0.062000 0.228407
541 0.076000 0.228125
542 0.062000 0.227820
543 0.044000 0.227482
544 0.016000 0.227094
545 -0.002000 0.226674
546 0.022000 0.226300
547 0.008000 0.225901
548 0.034000 0.225552
549 0.032000 0.225200
550 0.042000 0.224868
551 0.014000 0.224486
552 0.026000 0.224127
553 0.032000 0.223780
554 0.004000 0.223384
555 0.014000 0.223007
556 0.006000 0.222618
557 0.016000 0.222247
558 0.014000 0.221875
559 -0.014000 0.221454
560 0.008000 0.221073
561 0.002000 0.220683
562 0.022000 0.220330
563 -0.008000 0.219926
564 0.022000 0.219575
565 0.006000 0.219198
566 -0.014000 0.218787
567 -0.018000 0.218370
568 -0.012000 0.217965
569 0.012000 0.217604
570 0.036000 0.217285
571 0.008000 0.216920
572 0.004000 0.216548
573 0.070000 0.216293
574 0.050000 0.216003
575 0.084000 0.215774
576 0.028000 0.215449
577 0.012000 0.215097
578 0.036000 0.214788
579 0.040000 0.214486
580 0.048000 0.214200
581 0.042000 0.213904
582 0.068000 0.213654
583 0.038000 0.213353
584 0.034000 0.213046
585 0.054000 0.212775
586 -0.022000 0.212375
587 0.022000 0.212051
588 0.008000 0.211705
589 -0.008000 0.211332
590 0.022000 0.211012
591 0.032000 0.210709
592 0.008000 0.210368
593 0.044000 0.210088
594 0.026000 0.209778
595 -0.018000 0.209396
596 0.026000 0.209089
597 0.012000 0.208759
598 -0.008000 0.208397
599 0.028000 0.208097
600 -0.004000 0.207744
601 -0.010000 0.207382
602 -0.026000 0.206995
603 -0.014000 0.206629
604 -0.010000 0.206271
605 -0.018000 0.205901
606 -0.034000 0.205506
607 -0.014000 0.205145
608 -0.014000 0.204785
609 -0.014000 0.204426
610 -0.030000 0.204043
611 -0.032000 0.203657
612 0.016000 0.203351
613 -0.004000 0.203013
614 -0.044000 0.202611
615 -0.034000 0.202227
616 -0.016000 0.201874
617 0.000000 0.201547
618 0.000000 0.201221
619 -0.022000 0.200861
620 -0.012000 0.200519
621 0.014000 0.200219
622 0.044000 0.199968
623 0.042000 0.199715
624 0.016000 0.199421
625 -0.002000 0.199099
626 0.008000 0.198794
627 0.030000 0.198525
628 -0.002000 0.198207
629 0.028000 0.197937
630 0.014000 0.197645
631 0.012000 0.197351
632 0.054000 0.197125
633 -0.010000 0.196798
634 0.016000 0.196513
635 0.030000 0.196252
636 0.022000 0.195978
637 0.024000 0.195708
638 0.054000 0.195487
639 0.056000 0.195269
640 0.046000 0.195036
641 0.078000 0.194854
642 0.042000 0.194616
643 0.022000 0.194348
644 0.020000 0.194078
645 0.034000 0.193830
646 0.022000 0.193564
647 -0.004000 0.193259
648 0.010000 0.192977
649 0.018000 0.192708
650 0.030000 0.192458
651 0.032000 0.192212
652 0.016000 0.191942
653 0.018000 0.191676
654 0.038000 0.191441
655 0.018000 0.191177
656 0.004000 0.190892
657 0.004000 0.190608
658 0.002000 0.190322
659 -0.042000 0.189970
660 0.004000 0.189688
661 0.006000 0.189411
662 -0.054000 0.189044
663 -0.026000 0.188720
664 -0.058000 0.188349
665 -0.008000 0.188054
666 0.000000 0.187772
667 -0.002000 0.187488
668 0.006000 0.187217
669 -0.008000 0.186925
670 0.004000 0.186653
671 0.002000 0.186378
672 -0.044000 0.186036
673 -0.008000 0.185748
674 0.002000 0.185476
675 0.032000 0.185249
676 0.022000 0.185007
677 0.028000 0.184776
678 0.004000 0.184510
679 0.000000 0.184238
680 0.002000 0.183971
681 -0.034000 0.183651
682 -0.036000 0.183329
683 -0.024000 0.183026
684 -0.054000 0.182680
685 -0.048000 0.182344
686 -0.058000 0.181994
687 -0.048000 0.181660
688 -0.010000 0.181382
689 -0.016000 0.181096
690 -0.016000 0.180810
691 -0.038000 0.180494
692 -0.020000 0.180205
693 0.014000 0.179965
694 0.062000 0.179796
695 0.080000 0.179652
696 0.010000 0.179409
697 0.010000 0.179166
698 0.026000 0.178947
699 0.002000 0.178694
700 0.036000 0.178491
701 0.042000 0.178296
702 0.048000 0.178111
703 0.000000 0.177858
704 0.038000 0.177660
705 0.010000 0.177422
706 0.036000 0.177222
707 0.002000 0.176975
708 -0.008000 0.176714
709 -0.012000 0.176448
710 0.006000 0.176208
711 0.020000 0.175989
712 -0.018000 0.175717
713 -0.018000 0.175445
714 -0.026000 0.175164
715 -0.014000 0.174899
716 -0.022000 0.174625
717 -0.016000 0.174359
718 -0.022000 0.174086
719 -0.032000 0.173800
720 -0.062000 0.173473
721 -0.028000 0.173194
722 0.000000 0.172954
723 0.004000 0.172721
724 0.012000 0.172499
725 -0.026000 0.172226
726 -0.032000 0.171945
727 -0.020000 0.171681
728 -0.002000 0.171443
729 0.014000 0.171227
730 -0.038000 0.170941
731 -0.010000 0.170694
732 0.000000 0.170461
733 -0.018000 0.170204
734 0.014000 0.169992
735 -0.036000 0.169712
736 0.000000 0.169482
737 -0.048000 0.169187
738 -0.030000 0.168917
739 -0.014000 0.168670
740 -0.012000 0.168426
741 -0.002000 0.168197
742 -0.008000 0.167960
743 0.000000 0.167734
744 0.026000 0.167544
745 0.018000 0.167343
746 -0.020000 0.167092
747 0.008000 0.166880
748 -0.004000 0.166652
749 0.000000 0.166429
750 -0.012000 0.166192
751 -0.004000 0.165965
752 0.006000 0.165753
753 -0.004000 0.165528
754 -0.026000 0.165274
755 -0.028000 0.165019
756 -0.030000 0.164761
757 -0.064000 0.164459
758 -0.058000 0.164166
759 -0.048000 0.163887
760 -0.024000 0.163640
761 -0.004000 0.163420
762 -0.006000 0.163198
763 -0.014000 0.162966
764 -0.016000 0.162732
765 -0.042000 0.162465
766 -0.008000 0.162243
767 0.008000 0.162042
768 0.002000 0.161834
769 -0.022000 0.161595
770 0.010000 0.161398
771 -0.012000 0.161174
772 -0.010000 0.160952
773 -0.032000 0.160703
774 -0.016000 0.160475
775 0.020000 0.160294
776 0.024000 0.160118
777 0.018000 0.159936
778 0.036000 0.159777
779 -0.010000 0.159559
780 -0.004000 0.159350
781 -0.004000 0.159141
782 0.008000 0.158948
783 -0.018000 0.158722
784 -0.004000 0.158515
785 -0.050000 0.158249
786 -0.028000 0.158013
787 -0.012000 0.157797
788 -0.058000 0.157523
789 -0.018000 0.157301
790 -0.024000 0.157072
791 0.010000 0.156886
792 -0.026000 0.156656
793 0.020000 0.156484
794 0.038000 0.156335
795 0.018000 0.156161
796 0.026000 0.155997
797 0.032000 0.155842
798 0.042000 0.155700
799 0.022000 0.155532
800 0.034000 0.155381
801 -0.016000 0.155167
802 -0.008000 0.154964
803 -0.008000 0.154761
804 -0.028000 0.154534
805 -0.004000 0.154337
806 -0.008000 0.154136
807 -0.008000 0.153936
808 0.032000 0.153785
809 -0.002000 0.153593
810 -0.014000 0.153386
811 -0.018000 0.153175
812 0.006000 0.152994
813 -0.022000 0.152779
814 -0.006000 0.152584
815 -0.040000 0.152348
816 -0.034000 0.152120
817 -0.034000 0.151892
818 -0.024000 0.151678
819 -0.056000 0.151424
820 -0.090000 0.151130
821 -0.072000 0.150859
822 -0.080000 0.150578
823 -0.086000 0.150291
824 -0.074000 0.150019
825 -0.004000 0.149833
826 -0.034000 0.149611
827 -0.036000 0.149386
828 -0.046000 0.149151
829 -0.054000 0.148906
830 -0.022000 0.148700
831 0.026000 0.148553
832 -0.010000 0.148363
833 -0.020000 0.148161
834 -0.036000 0.147940
835 -0.026000 0.147732
836 -0.034000 0.147515
837 -0.018000 0.147317
838 -0.046000 0.147087
839 0.002000 0.146914
840 -0.042000 0.146690
841 -0.014000 0.146499
842 -0.008000 0.146316
843 -0.054000 0.146078
844 0.000000 0.145905
845 0.022000 0.145759
846 0.006000 0.145594
847 -0.028000 0.145389
848 -0.036000 0.145176
849 -0.028000 0.144972
850 -0.054000 0.144738
851 -0.008000 0.144559
852 -0.018000 0.144368
853 0.008000 0.144208
854 -0.004000 0.144035
855 -0.010000 0.143855
856 -0.008000 0.143678
857 -0.022000 0.143485
858 -0.026000 0.143288
859 -0.014000 0.143105
860 -0.028000 0.142906
861 -0.010000 0.142729
862 -0.070000 0.142482
863 -0.050000 0.142259
864 -0.042000 0.142046
865 -0.038000 0.141838
866 -0.052000 0.141615
867 -0.036000 0.141410
868 -0.036000 0.141206
869 -0.012000 0.141030
870 -0.060000 0.140799
871 -0.046000 0.140585
872 -0.074000 0.140339
873 -0.012000 0.140165
874 -0.012000 0.139991
875 -0.024000 0.139804
876 0.016000 0.139662
877 -0.004000 0.139499
878 -0.012000 0.139327
879 0.006000 0.139175
880 -0.008000 0.139008
881 -0.034000 0.138812
882 -0.006000 0.138648
883 -0.030000 0.138457
884 -0.030000 0.138267
885 -0.006000 0.138104
886 -0.026000 0.137919
887 -0.004000 0.137759
888 -0.034000 0.137566
889 -0.028000 0.137380
890 -0.010000 0.137214
891 0.006000 0.137067
892 -0.042000 0.136867
893 -0.006000 0.136707
894 0.006000 0.136561
895 -0.024000 0.136382
896 -0.026000 0.136201
897 -0.054000 0.135989
898 -0.028000 0.135806
899 -0.060000 0.135589
900 -0.036000 0.135398
901 -0.032000 0.135213
902 -0.012000 0.135050
903 -0.020000 0.134878
904 0.004000 0.134734
905 0.012000 0.134598
906 0.018000 0.134470
907 0.004000 0.134326
908 -0.014000 0.134163
909 -0.018000 0.133996
910 0.000000 0.133849
911 -0.016000 0.133684
912 -0.004000 0.133533
913 0.004000 0.133392
914 -0.026000 0.133217
915 -0.008000 0.133063
916 -0.022000 0.132894
917 -0.018000 0.132730
918 -0.016000 0.132568
919 0.006000 0.132430
920 0.010000 0.132298
921 -0.020000 0.132132
922 -0.032000 0.131954
923 -0.006000 0.131805
924 -0.030000 0.131630
925 0.002000 0.131490
926 -0.008000 0.131340
927 0.012000 0.131211
928 0.022000 0.131094
929 0.024000 0.130978
930 0.040000 0.130881
931 0.030000 0.130773
932 0.012000 0.130645
933 -0.018000 0.130486
934 -0.014000 0.130332
935 0.020000 0.130214
936 0.012000 0.130088
937 0.000000 0.129949
938 -0.002000 0.129808
939 0.000000 0.129670
940 0.032000 0.129566
941 0.022000 0.129452
942 0.010000 0.129326
943 0.012000 0.129201
944 0.020000 0.129086
945 -0.004000 0.128945
946 0.002000 0.128811
947 0.032000 0.128709
948 0.004000 0.128577
949 0.024000 0.128467
950 0.034000 0.128368
951 0.030000 0.128265
952 0.064000 0.128197
953 0.036000 0.128101
954 -0.012000 0.127954
955 -0.010000 0.127810
956 0.020000 0.127697
957 0.010000 0.127574
958 0.026000 0.127468
959 0.018000 0.127354
960 0.028000 0.127251
961 0.038000 0.127158
962 0.038000 0.127065
963 0.008000 0.126942
964 0.028000 0.126839
965 0.020000 0.126729
966 0.042000 0.126641
967 0.038000 0.126550
968 0.052000 0.126473
969 0.064000 0.126408
970 0.058000 0.126338
971 0.054000 0.126263
972 0.048000 0.126183
973 0.048000 0.126103
974 0.052000 0.126027
975 0.064000 0.125963
976 0.030000 0.125865
977 0.002000 0.125738
978 0.024000 0.125634
979 0.000000 0.125506
980 0.002000 0.125380
981 0.018000 0.125271
982 0.016000 0.125160
983 0.034000 0.125067
984 0.070000 0.125011
985 0.082000 0.124968
986 0.036000 0.124877
987 -0.038000 0.124713
988 -0.024000 0.124562
989 0.022000 0.124459
990 0.032000 0.124365
991 0.024000 0.124264
992 0.026000 0.124165
993 0.000000 0.124040
994 -0.014000 0.123902
995 -0.008000 0.123769
996 0.004000 0.123649
997 -0.006000 0.123519
998 -0.008000 0.123387
999 0.018000 0.123282
