0 1.000000 1.000000
1 0.976000 0.988000
2 0.934000 0.970000
3 0.896000 0.951500
4 0.874000 0.936000
5 0.870000 0.925000
6 0.876000 0.918000
7 0.878000 0.913000
8 0.888000 0.910222
9 0.852000 0.904400
10 0.890000 0.903091
11 0.856000 0.899167
12 0.850000 0.895385
13 0.842000 0.891571
14 0.840000 0.888133
15 0.836000 0.884875
16 0.824000 0.881294
17 0.826000 0.878222
18 0.788000 0.873474
19 0.786000 0.869100
20 0.804000 0.866000
21 0.812000 0.863545
22 0.822000 0.861739
23 0.822000 0.860083
24 0.820000 0.858480
25 0.814000 0.856769
26 0.818000 0.855333
27 0.800000 0.853357
28 0.820000 0.852207
29 0.802000 0.850533
30 0.804000 0.849032
31 0.788000 0.847125
32 0.758000 0.844424
33 0.764000 0.842059
34 0.780000 0.840286
35 0.750000 0.837778
36 0.778000 0.836162
37 0.772000 0.834474
38 0.750000 0.832308
39 0.768000 0.830700
40 0.738000 0.828439
41 0.738000 0.826286
42 0.750000 0.824512
43 0.770000 0.823273
44 0.794000 0.822622
45 0.792000 0.821957
46 0.806000 0.821617
47 0.772000 0.820583
48 0.750000 0.819143
49 0.786000 0.818480
50 0.762000 0.817373
51 0.778000 0.816615
52 0.732000 0.815019
53 0.750000 0.813815
54 0.754000 0.812727
55 0.756000 0.811714
56 0.758000 0.810772
57 0.766000 0.810000
58 0.754000 0.809051
59 0.774000 0.808467
60 0.778000 0.807967
61 0.766000 0.807290
62 0.746000 0.806317
63 0.778000 0.805875
64 0.770000 0.805323
65 0.766000 0.804727
66 0.750000 0.803910
67 0.750000 0.803118
68 0.738000 0.802174
69 0.734000 0.801200
70 0.748000 0.800451
71 0.752000 0.799778
72 0.758000 0.799205
73 0.764000 0.798730
74 0.770000 0.798347
75 0.762000 0.797868
76 0.742000 0.797143
77 0.764000 0.796718
78 0.724000 0.795797
79 0.736000 0.795050
80 0.736000 0.794321
81 0.740000 0.793659
82 0.732000 0.792916
83 0.734000 0.792214
84 0.722000 0.791388
85 0.722000 0.790581
86 0.706000 0.789609
87 0.720000 0.788818
88 0.720000 0.788045
89 0.734000 0.787444
90 0.748000 0.787011
91 0.730000 0.786391
92 0.736000 0.785849
93 0.722000 0.785170
94 0.740000 0.784695
95 0.740000 0.784229
96 0.758000 0.783959
97 0.712000 0.783224
98 0.748000 0.782869
99 0.718000 0.782220
100 0.706000 0.781465
101 0.720000 0.780863
102 0.702000 0.780097
103 0.704000 0.779365
104 0.718000 0.778781
105 0.722000 0.778245
106 0.704000 0.777551
107 0.732000 0.777130
108 0.722000 0.776624
109 0.712000 0.776036
110 0.716000 0.775495
111 0.710000 0.774911
112 0.720000 0.774425
113 0.728000 0.774018
114 0.758000 0.773878
115 0.760000 0.773759
116 0.732000 0.773402
117 0.720000 0.772949
118 0.738000 0.772655
119 0.746000 0.772433
120 0.736000 0.772132
121 0.712000 0.771639
122 0.752000 0.771480
123 0.742000 0.771242
124 0.722000 0.770848
125 0.752000 0.770698
126 0.714000 0.770252
127 0.740000 0.770016
128 0.724000 0.769659
129 0.756000 0.769554
130 0.732000 0.769267
131 0.752000 0.769136
132 0.708000 0.768677
133 0.714000 0.768269
134 0.704000 0.767793
135 0.704000 0.767324
136 0.738000 0.767109
137 0.694000 0.766580
138 0.732000 0.766331
139 0.722000 0.766014
140 0.724000 0.765716
141 0.728000 0.765451
142 0.720000 0.765133
143 0.726000 0.764861
144 0.730000 0.764621
145 0.724000 0.764342
146 0.716000 0.764014
147 0.750000 0.763919
148 0.742000 0.763772
149 0.744000 0.763640
150 0.714000 0.763311
151 0.696000 0.762868
152 0.680000 0.762327
153 0.694000 0.761883
154 0.688000 0.761406
155 0.694000 0.760974
156 0.690000 0.760522
157 0.700000 0.760139
158 0.690000 0.759698
159 0.710000 0.759387
160 0.700000 0.759019
161 0.726000 0.758815
162 0.712000 0.758528
163 0.724000 0.758317
164 0.694000 0.757927
165 0.686000 0.757494
166 0.694000 0.757114
167 0.686000 0.756690
168 0.700000 0.756355
169 0.658000 0.755776
170 0.648000 0.755146
171 0.680000 0.754709
172 0.674000 0.754243
173 0.656000 0.753678
174 0.670000 0.753200
175 0.696000 0.752875
176 0.718000 0.752678
177 0.692000 0.752337
178 0.654000 0.751788
179 0.706000 0.751533
180 0.714000 0.751326
181 0.716000 0.751132
182 0.716000 0.750940
183 0.692000 0.750620
184 0.676000 0.750216
185 0.710000 0.750000
186 0.736000 0.749925
187 0.716000 0.749745
188 0.716000 0.749566
189 0.712000 0.749368
190 0.660000 0.748901
191 0.660000 0.748437
192 0.674000 0.748052
193 0.690000 0.747753
194 0.640000 0.747200
195 0.682000 0.746867
196 0.730000 0.746782
197 0.712000 0.746606
198 0.674000 0.746241
199 0.684000 0.745930
200 0.684000 0.745622
201 0.664000 0.745218
202 0.654000 0.744768
203 0.700000 0.744549
204 0.688000 0.744273
205 0.716000 0.744136
206 0.710000 0.743971
207 0.718000 0.743846
208 0.702000 0.743646
209 0.700000 0.743438
210 0.664000 0.743062
211 0.698000 0.742849
212 0.714000 0.742714
213 0.696000 0.742495
214 0.670000 0.742158
215 0.692000 0.741926
216 0.670000 0.741594
217 0.676000 0.741294
218 0.716000 0.741178
219 0.706000 0.741018
220 0.696000 0.740814
221 0.680000 0.740541
222 0.674000 0.740242
223 0.690000 0.740018
224 0.712000 0.739893
225 0.680000 0.739628
226 0.694000 0.739427
227 0.712000 0.739307
228 0.722000 0.739231
229 0.704000 0.739078
230 0.690000 0.738866
231 0.698000 0.738690
232 0.694000 0.738498
233 0.688000 0.738282
234 0.660000 0.737949
235 0.690000 0.737746
236 0.712000 0.737637
237 0.686000 0.737420
238 0.664000 0.737113
239 0.668000 0.736825
240 0.656000 0.736490
241 0.652000 0.736140
242 0.634000 0.735720
243 0.634000 0.735303
244 0.634000 0.734890
245 0.642000 0.734512
246 0.646000 0.734154
247 0.662000 0.733863
248 0.670000 0.733606
249 0.668000 0.733344
250 0.656000 0.733036
251 0.638000 0.732659
252 0.666000 0.732395
253 0.650000 0.732071
254 0.672000 0.731835
255 0.708000 0.731742
256 0.686000 0.731564
257 0.638000 0.731202
258 0.652000 0.730896
259 0.638000 0.730538
260 0.646000 0.730215
261 0.650000 0.729908
262 0.656000 0.729627
263 0.660000 0.729364
264 0.668000 0.729132
265 0.672000 0.728917
266 0.664000 0.728674
267 0.658000 0.728410
268 0.668000 0.728186
269 0.672000 0.727978
270 0.682000 0.727808
271 0.650000 0.727522
272 0.668000 0.727304
273 0.686000 0.727153
274 0.656000 0.726895
275 0.652000 0.726623
276 0.676000 0.726440
277 0.658000 0.726194
278 0.660000 0.725957
279 0.652000 0.725693
280 0.674000 0.725509
281 0.676000 0.725333
282 0.640000 0.725032
283 0.642000 0.724739
284 0.644000 0.724456
285 0.666000 0.724252
286 0.686000 0.724118
287 0.646000 0.723847
288 0.690000 0.723730
289 0.686000 0.723600
290 0.704000 0.723533
291 0.666000 0.723336
292 0.658000 0.723113
293 0.686000 0.722986
294 0.704000 0.722922
295 0.694000 0.722824
296 0.670000 0.722646
297 0.678000 0.722497
298 0.676000 0.722341
299 0.672000 0.722173
300 0.662000 0.721973
301 0.648000 0.721728
302 0.674000 0.721571
303 0.668000 0.721395
304 0.672000 0.721233
305 0.650000 0.721000
306 0.650000 0.720769
307 0.662000 0.720578
308 0.698000 0.720505
309 0.686000 0.720394
310 0.656000 0.720186
311 0.660000 0.719994
312 0.638000 0.719732
313 0.610000 0.719382
314 0.638000 0.719124
315 0.656000 0.718924
316 0.644000 0.718688
317 0.642000 0.718447
318 0.626000 0.718157
319 0.644000 0.717925
320 0.666000 0.717763
321 0.622000 0.717466
322 0.626000 0.717183
323 0.664000 0.717019
324 0.668000 0.716868
325 0.648000 0.716656
326 0.676000 0.716532
327 0.640000 0.716299
328 0.624000 0.716018
329 0.600000 0.715667
330 0.628000 0.715402
331 0.642000 0.715181
332 0.634000 0.714937
333 0.640000 0.714713
334 0.638000 0.714484
335 0.642000 0.714268
336 0.628000 0.714012
337 0.648000 0.713817
338 0.628000 0.713563
339 0.656000 0.713394
340 0.654000 0.713220
341 0.648000 0.713029
342 0.632000 0.712793
343 0.636000 0.712570
344 0.638000 0.712354
345 0.652000 0.712179
346 0.656000 0.712017
347 0.654000 0.711851
348 0.652000 0.711679
349 0.652000 0.711509
350 0.676000 0.711407
351 0.644000 0.711216
352 0.654000 0.711054
353 0.648000 0.710876
354 0.666000 0.710749
355 0.634000 0.710534
356 0.614000 0.710263
357 0.646000 0.710084
358 0.640000 0.709889
359 0.654000 0.709733
360 0.638000 0.709535
361 0.674000 0.709436
362 0.660000 0.709300
363 0.656000 0.709154
364 0.632000 0.708942
365 0.628000 0.708721
366 0.610000 0.708452
367 0.634000 0.708250
368 0.670000 0.708146
369 0.656000 0.708005
370 0.684000 0.707941
371 0.682000 0.707871
372 0.666000 0.707759
373 0.652000 0.707610
374 0.680000 0.707536
375 0.678000 0.707457
376 0.642000 0.707284
377 0.610000 0.707026
378 0.618000 0.706792
379 0.632000 0.706595
380 0.650000 0.706446
381 0.672000 0.706356
382 0.668000 0.706256
383 0.634000 0.706068
384 0.648000 0.705917
385 0.626000 0.705710
386 0.644000 0.705550
387 0.634000 0.705366
388 0.616000 0.705136
389 0.618000 0.704913
390 0.648000 0.704767
391 0.654000 0.704638
392 0.638000 0.704468
393 0.654000 0.704340
394 0.630000 0.704152
395 0.648000 0.704010
396 0.654000 0.703884
397 0.674000 0.703809
398 0.692000 0.703779
399 0.676000 0.703710
400 0.644000 0.703561
401 0.660000 0.703453
402 0.674000 0.703380
403 0.660000 0.703272
404 0.650000 0.703141
405 0.624000 0.702946
406 0.626000 0.702757
407 0.622000 0.702559
408 0.638000 0.702401
409 0.616000 0.702190
410 0.624000 0.702000
411 0.612000 0.701782
412 0.584000 0.701496
413 0.636000 0.701338
414 0.642000 0.701195
415 0.652000 0.701077
416 0.664000 0.700988
417 0.644000 0.700852
418 0.646000 0.700721
419 0.632000 0.700557
420 0.640000 0.700413
421 0.660000 0.700318
422 0.646000 0.700189
423 0.636000 0.700038
424 0.642000 0.699901
425 0.644000 0.699770
426 0.652000 0.699658
427 0.624000 0.699481
428 0.630000 0.699319
429 0.582000 0.699047
430 0.606000 0.698831
431 0.618000 0.698644
432 0.624000 0.698471
433 0.594000 0.698230
434 0.604000 0.698014
435 0.608000 0.697807
436 0.580000 0.697538
437 0.606000 0.697329
438 0.610000 0.697130
439 0.616000 0.696945
440 0.568000 0.696653
441 0.616000 0.696471
442 0.604000 0.696262
443 0.614000 0.696077
444 0.590000 0.695838
445 0.594000 0.695610
446 0.590000 0.695374
447 0.638000 0.695246
448 0.628000 0.695096
449 0.612000 0.694911
450 0.628000 0.694763
451 0.614000 0.694584
452 0.582000 0.694336
453 0.616000 0.694163
454 0.596000 0.693947
455 0.584000 0.693706
456 0.644000 0.693597
457 0.640000 0.693480
458 0.640000 0.693364
459 0.626000 0.693217
460 0.620000 0.693059
461 0.612000 0.692883
462 0.586000 0.692652
463 0.594000 0.692440
464 0.598000 0.692237
465 0.606000 0.692052
466 0.594000 0.691842
467 0.636000 0.691722
468 0.598000 0.691522
469 0.590000 0.691306
470 0.558000 0.691023
471 0.580000 0.690788
472 0.596000 0.690588
473 0.588000 0.690371
474 0.628000 0.690240
475 0.628000 0.690109
476 0.602000 0.689925
477 0.610000 0.689757
478 0.596000 0.689562
479 0.598000 0.689371
480 0.602000 0.689189
481 0.598000 0.689000
482 0.590000 0.688795
483 0.582000 0.688574
484 0.600000 0.688392
485 0.592000 0.688193
486 0.590000 0.687992
487 0.592000 0.687795
488 0.606000 0.687628
489 0.628000 0.687506
490 0.606000 0.687340
491 0.610000 0.687183
492 0.608000 0.687022
493 0.604000 0.686854
494 0.604000 0.686687
495 0.586000 0.686484
496 0.578000 0.686266
497 0.578000 0.686048
498 0.590000 0.685856
499 0.600000 0.685684
500 0.628000 0.685569
501 0.634000 0.685466
502 0.654000 0.685404
503 0.644000 0.685321
504 0.638000 0.685228
505 0.616000 0.685091
506 0.608000 0.684939
507 0.618000 0.684807
508 0.632000 0.684703
509 0.624000 0.684584
510 0.654000 0.684524
511 0.630000 0.684418
512 0.642000 0.684335
513 0.608000 0.684187
514 0.608000 0.684039
515 0.618000 0.683911
516 0.618000 0.683783
517 0.604000 0.683629
518 0.602000 0.683472
519 0.624000 0.683358
520 0.626000 0.683248
521 0.608000 0.683103
522 0.600000 0.682945
523 0.612000 0.682809
524 0.628000 0.682705
525 0.610000 0.682567
526 0.664000 0.682531
527 0.658000 0.682485
528 0.646000 0.682416
529 0.636000 0.682328
530 0.628000 0.682226
531 0.616000 0.682102
532 0.640000 0.682023
533 0.636000 0.681936
534 0.620000 0.681821
535 0.636000 0.681735
536 0.632000 0.681642
537 0.652000 0.681587
538 0.646000 0.681521
539 0.638000 0.681441
540 0.622000 0.681331
541 0.612000 0.681203
542 0.614000 0.681079
543 0.634000 0.680993
544 0.636000 0.680910
545 0.640000 0.680835
546 0.652000 0.680782
547 0.640000 0.680708
548 0.610000 0.680579
549 0.624000 0.680476
550 0.624000 0.680374
551 0.642000 0.680304
552 0.620000 0.680195
553 0.594000 0.680040
554 0.592000 0.679881
555 0.622000 0.679777
556 0.578000 0.679594
557 0.602000 0.679455
558 0.614000 0.679338
559 0.622000 0.679236
560 0.610000 0.679112
561 0.614000 0.678996
562 0.628000 0.678906
563 0.622000 0.678805
564 0.638000 0.678733
565 0.630000 0.678647
566 0.630000 0.678561
567 0.604000 0.678430
568 0.598000 0.678288
569 0.564000 0.678088
570 0.594000 0.677940
571 0.584000 0.677776
572 0.614000 0.677665
573 0.594000 0.677519
574 0.644000 0.677461
575 0.632000 0.677382
576 0.612000 0.677269
577 0.624000 0.677176
578 0.642000 0.677116
579 0.642000 0.677055
580 0.606000 0.676933
581 0.612000 0.676821
582 0.588000 0.676669
583 0.588000 0.676517
584 0.592000 0.676373
585 0.588000 0.676222
586 0.594000 0.676082
587 0.590000 0.675935
588 0.590000 0.675789
589 0.624000 0.675702
590 0.584000 0.675547
591 0.594000 0.675409
592 0.604000 0.675288
593 0.608000 0.675175
594 0.616000 0.675076
595 0.606000 0.674960
596 0.592000 0.674821
597 0.598000 0.674692
598 0.594000 0.674558
599 0.626000 0.674477
600 0.580000 0.674319
601 0.600000 0.674196
602 0.604000 0.674080
603 0.574000 0.673914
604 0.612000 0.673812
605 0.618000 0.673719
606 0.614000 0.673621
607 0.616000 0.673526
608 0.614000 0.673429
609 0.612000 0.673328
610 0.594000 0.673198
611 0.586000 0.673056
612 0.606000 0.672946
613 0.620000 0.672860
614 0.638000 0.672803
615 0.616000 0.672711
616 0.622000 0.672629
617 0.602000 0.672515
618 0.592000 0.672384
619 0.600000 0.672268
620 0.592000 0.672138
621 0.578000 0.671987
622 0.572000 0.671827
623 0.588000 0.671692
624 0.592000 0.671565
625 0.608000 0.671463
626 0.588000 0.671330
627 0.558000 0.671150
628 0.566000 0.670983
629 0.568000 0.670819
630 0.584000 0.670681
631 0.576000 0.670532
632 0.564000 0.670363
633 0.548000 0.670170
634 0.562000 0.670000
635 0.592000 0.669877
636 0.586000 0.669746
637 0.610000 0.669652
638 0.586000 0.669521
639 0.550000 0.669334
640 0.554000 0.669154
641 0.566000 0.668994
642 0.580000 0.668855
643 0.576000 0.668711
644 0.558000 0.668540
645 0.552000 0.668359
646 0.574000 0.668213
647 0.548000 0.668028
648 0.546000 0.667840
649 0.538000 0.667640
650 0.552000 0.667462
651 0.572000 0.667316
652 0.582000 0.667185
653 0.570000 0.667037
654 0.562000 0.666876
655 0.544000 0.666689
656 0.570000 0.666542
657 0.570000 0.666395
658 0.564000 0.666240
659 0.524000 0.666024
660 0.566000 0.665873
661 0.554000 0.665704
662 0.578000 0.665572
663 0.584000 0.665449
664 0.592000 0.665338
665 0.564000 0.665186
666 0.550000 0.665013
667 0.582000 0.664889
668 0.602000 0.664795
669 0.552000 0.664627
670 0.570000 0.664486
671 0.566000 0.664339
672 0.578000 0.664211
673 0.578000 0.664083
674 0.568000 0.663941
675 0.570000 0.663802
676 0.522000 0.663592
677 0.530000 0.663395
678 0.548000 0.663225
679 0.568000 0.663085
680 0.562000 0.662937
681 0.572000 0.662804
682 0.550000 0.662638
683 0.576000 0.662512
684 0.576000 0.662385
685 0.548000 0.662219
686 0.582000 0.662102
687 0.572000 0.661971
688 0.586000 0.661861
689 0.580000 0.661742
690 0.594000 0.661644
691 0.608000 0.661566
692 0.620000 0.661506
693 0.616000 0.661441
694 0.600000 0.661353
695 0.586000 0.661244
696 0.572000 0.661116
697 0.578000 0.660997
698 0.568000 0.660864
699 0.566000 0.660729
700 0.578000 0.660611
701 0.526000 0.660419
702 0.556000 0.660270
703 0.566000 0.660136
704 0.580000 0.660023
705 0.576000 0.659904
706 0.558000 0.659760
707 0.566000 0.659627
708 0.564000 0.659492
709 0.562000 0.659355
710 0.592000 0.659260
711 0.576000 0.659143
712 0.582000 0.659035
713 0.574000 0.658916
714 0.550000 0.658764
715 0.540000 0.658598
716 0.540000 0.658432
717 0.552000 0.658284
718 0.592000 0.658192
719 0.582000 0.658086
720 0.562000 0.657953
721 0.568000 0.657828
722 0.592000 0.657737
723 0.562000 0.657605
724 0.580000 0.657498
725 0.538000 0.657333
726 0.580000 0.657227
727 0.572000 0.657110
728 0.544000 0.656955
729 0.570000 0.656836
730 0.558000 0.656700
731 0.568000 0.656579
732 0.578000 0.656472
733 0.586000 0.656376
734 0.568000 0.656256
735 0.570000 0.656139
736 0.560000 0.656008
737 0.540000 0.655851
738 0.530000 0.655681
739 0.524000 0.655503
740 0.558000 0.655371
741 0.572000 0.655259
742 0.542000 0.655106
743 0.524000 0.654930
744 0.554000 0.654795
745 0.560000 0.654668
746 0.550000 0.654527
747 0.570000 0.654414
748 0.548000 0.654272
749 0.556000 0.654141
750 0.544000 0.653995
751 0.540000 0.653843
752 0.540000 0.653692
753 0.548000 0.653552
754 0.554000 0.653420
755 0.532000 0.653259
756 0.566000 0.653144
757 0.586000 0.653055
758 0.552000 0.652922
759 0.564000 0.652805
760 0.562000 0.652686
761 0.572000 0.652580
762 0.556000 0.652453
763 0.512000 0.652270
764 0.556000 0.652144
765 0.584000 0.652055
766 0.586000 0.651969
767 0.578000 0.651872
768 0.580000 0.651779
769 0.570000 0.651673
770 0.526000 0.651510
771 0.538000 0.651363
772 0.538000 0.651216
773 0.538000 0.651070
774 0.566000 0.650960
775 0.576000 0.650863
776 0.564000 0.650752
777 0.550000 0.650622
778 0.556000 0.650501
779 0.524000 0.650338
780 0.548000 0.650207
781 0.596000 0.650138
782 0.584000 0.650054
783 0.552000 0.649929
784 0.550000 0.649801
785 0.536000 0.649656
786 0.542000 0.649520
787 0.546000 0.649388
788 0.550000 0.649262
789 0.550000 0.649137
790 0.566000 0.649032
791 0.520000 0.648869
792 0.540000 0.648731
793 0.540000 0.648594
794 0.542000 0.648460
795 0.566000 0.648357
796 0.540000 0.648221
797 0.534000 0.648078
798 0.560000 0.647967
799 0.516000 0.647803
800 0.510000 0.647630
801 0.500000 0.647446
802 0.530000 0.647300
803 0.504000 0.647122
804 0.498000 0.646937
805 0.474000 0.646722
806 0.504000 0.646545
807 0.502000 0.646366
808 0.516000 0.646205
809 0.492000 0.646015
810 0.498000 0.645832
811 0.474000 0.645621
812 0.498000 0.645439
813 0.542000 0.645312
814 0.526000 0.645166
815 0.512000 0.645002
816 0.526000 0.644857
817 0.564000 0.644758
818 0.546000 0.644637
819 0.568000 0.644544
820 0.560000 0.644441
821 0.534000 0.644307
822 0.548000 0.644190
823 0.542000 0.644066
824 0.558000 0.643961
825 0.544000 0.643840
826 0.512000 0.643681
827 0.516000 0.643527
828 0.528000 0.643387
829 0.494000 0.643207
830 0.490000 0.643023
831 0.484000 0.642832
832 0.562000 0.642735
833 0.544000 0.642616
834 0.552000 0.642508
835 0.534000 0.642378
836 0.544000 0.642260
837 0.520000 0.642115
838 0.530000 0.641981
839 0.548000 0.641869
840 0.516000 0.641719
841 0.544000 0.641603
842 0.516000 0.641454
843 0.506000 0.641294
844 0.512000 0.641141
845 0.516000 0.640993
846 0.544000 0.640878
847 0.534000 0.640752
848 0.524000 0.640615
849 0.496000 0.640445
850 0.528000 0.640313
851 0.528000 0.640181
852 0.538000 0.640061
853 0.532000 0.639934
854 0.528000 0.639804
855 0.530000 0.639675
856 0.526000 0.639543
857 0.522000 0.639406
858 0.518000 0.639264
859 0.520000 0.639126
860 0.514000 0.638980
861 0.498000 0.638817
862 0.532000 0.638693
863 0.504000 0.638537
864 0.528000 0.638409
865 0.562000 0.638321
866 0.560000 0.638231
867 0.584000 0.638168
868 0.590000 0.638113
869 0.568000 0.638032
870 0.542000 0.637922
871 0.536000 0.637805
872 0.534000 0.637686
873 0.522000 0.637554
874 0.546000 0.637449
875 0.566000 0.637368
876 0.592000 0.637316
877 0.566000 0.637235
878 0.552000 0.637138
879 0.538000 0.637025
880 0.566000 0.636944
881 0.552000 0.636848
882 0.526000 0.636723
883 0.532000 0.636604
884 0.556000 0.636513
885 0.524000 0.636386
886 0.556000 0.636295
887 0.568000 0.636218
888 0.532000 0.636101
889 0.526000 0.635978
890 0.512000 0.635838
891 0.514000 0.635702
892 0.526000 0.635579
893 0.520000 0.635450
894 0.556000 0.635361
895 0.552000 0.635268
896 0.546000 0.635168
897 0.536000 0.635058
898 0.528000 0.634939
899 0.544000 0.634838
900 0.526000 0.634717
901 0.514000 0.634583
902 0.540000 0.634478
903 0.544000 0.634378
904 0.560000 0.634296
905 0.540000 0.634192
906 0.526000 0.634073
907 0.554000 0.633985
908 0.534000 0.633875
909 0.534000 0.633765
910 0.542000 0.633664
911 0.564000 0.633588
912 0.526000 0.633470
913 0.536000 0.633363
914 0.504000 0.633222
915 0.508000 0.633085
916 0.524000 0.632966
917 0.506000 0.632828
918 0.504000 0.632688
919 0.510000 0.632554
920 0.524000 0.632436
921 0.526000 0.632321
922 0.514000 0.632193
923 0.528000 0.632080
924 0.498000 0.631935
925 0.492000 0.631784
926 0.510000 0.631653
927 0.524000 0.631537
928 0.550000 0.631449
929 0.546000 0.631357
930 0.562000 0.631282
931 0.570000 0.631217
932 0.588000 0.631170
933 0.582000 0.631118
934 0.548000 0.631029
935 0.534000 0.630925
936 0.528000 0.630815
937 0.546000 0.630725
938 0.528000 0.630616
939 0.536000 0.630515
940 0.536000 0.630414
941 0.530000 0.630308
942 0.526000 0.630197
943 0.512000 0.630072
944 0.536000 0.629972
945 0.522000 0.629858
946 0.536000 0.629759
947 0.518000 0.629641
948 0.514000 0.629519
949 0.540000 0.629425
950 0.550000 0.629342
951 0.522000 0.629229
952 0.514000 0.629108
953 0.526000 0.629000
954 0.558000 0.628926
955 0.530000 0.628822
956 0.534000 0.628723
957 0.510000 0.628599
958 0.502000 0.628467
959 0.510000 0.628344
960 0.478000 0.628187
961 0.496000 0.628050
962 0.526000 0.627944
963 0.540000 0.627853
964 0.532000 0.627753
965 0.522000 0.627644
966 0.512000 0.627524
967 0.534000 0.627428
968 0.536000 0.627333
969 0.540000 0.627243
970 0.552000 0.627166
971 0.518000 0.627053
972 0.512000 0.626935
973 0.548000 0.626854
974 0.508000 0.626732
975 0.534000 0.626637
976 0.546000 0.626555
977 0.538000 0.626464
978 0.554000 0.626390
979 0.548000 0.626310
980 0.536000 0.626218
981 0.560000 0.626151
982 0.552000 0.626075
983 0.520000 0.625967
984 0.522000 0.625862
985 0.524000 0.625759
986 0.510000 0.625641
987 0.510000 0.625524
988 0.530000 0.625428
989 0.538000 0.625339
990 0.558000 0.625271
991 0.508000 0.625153
992 0.490000 0.625017
993 0.496000 0.624887
994 0.524000 0.624786
995 0.550000 0.624711
996 0.530000 0.624616
997 0.516000 0.624507
998 0.520000 0.624402
999 0.522000 0.624300
