0 1.000000 1.000000
1 0.984000 0.992000
2 0.956000 0.980000
3 0.940000 0.970000
4 0.914000 0.958800
5 0.920000 0.952333
6 0.932000 0.949429
7 0.924000 0.946250
8 0.922000 0.943556
9 0.900000 0.939200
10 0.916000 0.937091
11 0.920000 0.935667
12 0.926000 0.934923
13 0.920000 0.933857
14 0.910000 0.932267
15 0.900000 0.930250
16 0.892000 0.928000
17 0.896000 0.926222
18 0.888000 0.924211
19 0.884000 0.922200
20 0.906000 0.921429
21 0.892000 0.920091
22 0.896000 0.919043
23 0.896000 0.918083
24 0.910000 0.917760
25 0.890000 0.916692
26 0.884000 0.915481
27 0.876000 0.914071
28 0.894000 0.913379
29 0.882000 0.912333
30 0.874000 0.911097
31 0.874000 0.909937
32 0.860000 0.908424
33 0.882000 0.907647
34 0.888000 0.907086
35 0.868000 0.906000
36 0.874000 0.905135
37 0.866000 0.904105
38 0.866000 0.903128
39 0.862000 0.902100
40 0.844000 0.900683
41 0.866000 0.899857
42 0.880000 0.899395
43 0.882000 0.899000
44 0.898000 0.898978
45 0.878000 0.898522
46 0.884000 0.898213
47 0.874000 0.897708
48 0.870000 0.897143
49 0.886000 0.896920
50 0.866000 0.896314
51 0.890000 0.896192
52 0.894000 0.896151
53 0.878000 0.895815
54 0.884000 0.895600
55 0.890000 0.895500
56 0.892000 0.895439
57 0.904000 0.895586
58 0.886000 0.895424
59 0.886000 0.895267
60 0.880000 0.895016
61 0.882000 0.894806
62 0.866000 0.894349
63 0.876000 0.894062
64 0.898000 0.894123
65 0.886000 0.894000
66 0.874000 0.893701
67 0.874000 0.893412
68 0.892000 0.893391
69 0.866000 0.893000
70 0.888000 0.892930
71 0.898000 0.893000
72 0.882000 0.892849
73 0.888000 0.892784
74 0.896000 0.892827
75 0.896000 0.892868
76 0.880000 0.892701
77 0.880000 0.892538
78 0.876000 0.892329
79 0.860000 0.891925
80 0.872000 0.891679
81 0.866000 0.891366
82 0.862000 0.891012
83 0.858000 0.890619
84 0.868000 0.890353
85 0.858000 0.889977
86 0.844000 0.889448
87 0.856000 0.889068
88 0.860000 0.888742
89 0.874000 0.888578
90 0.880000 0.888484
91 0.872000 0.888304
92 0.876000 0.888172
93 0.872000 0.888000
94 0.890000 0.888021
95 0.864000 0.887771
96 0.870000 0.887588
97 0.856000 0.887265
98 0.858000 0.886970
99 0.872000 0.886820
100 0.872000 0.886673
101 0.878000 0.886588
102 0.862000 0.886350
103 0.872000 0.886212
104 0.878000 0.886133
105 0.866000 0.885943
106 0.870000 0.885794
107 0.882000 0.885759
108 0.884000 0.885743
109 0.868000 0.885582
110 0.870000 0.885441
111 0.850000 0.885125
112 0.864000 0.884938
113 0.888000 0.884965
114 0.886000 0.884974
115 0.894000 0.885052
116 0.876000 0.884974
117 0.882000 0.884949
118 0.882000 0.884924
119 0.876000 0.884850
120 0.866000 0.884694
121 0.852000 0.884426
122 0.864000 0.884260
123 0.868000 0.884129
124 0.860000 0.883936
125 0.874000 0.883857
126 0.874000 0.883780
127 0.890000 0.883828
128 0.884000 0.883829
129 0.894000 0.883908
130 0.842000 0.883588
131 0.862000 0.883424
132 0.866000 0.883293
133 0.874000 0.883224
134 0.876000 0.883170
135 0.880000 0.883147
136 0.892000 0.883212
137 0.866000 0.883087
138 0.898000 0.883194
139 0.906000 0.883357
140 0.874000 0.883291
141 0.878000 0.883254
142 0.876000 0.883203
143 0.868000 0.883097
144 0.880000 0.883076
145 0.872000 0.883000
146 0.874000 0.882939
147 0.894000 0.883014
148 0.888000 0.883047
149 0.904000 0.883187
150 0.878000 0.883152
151 0.880000 0.883132
152 0.870000 0.883046
153 0.886000 0.883065
154 0.872000 0.882994
155 0.876000 0.882949
156 0.860000 0.882803
157 0.858000 0.882646
158 0.858000 0.882491
159 0.870000 0.882413
160 0.880000 0.882398
161 0.874000 0.882346
162 0.868000 0.882258
163 0.874000 0.882207
164 0.870000 0.882133
165 0.858000 0.881988
166 0.894000 0.882060
167 0.866000 0.881964
168 0.878000 0.881941
169 0.868000 0.881859
170 0.860000 0.881731
171 0.880000 0.881721
172 0.868000 0.881642
173 0.868000 0.881563
174 0.878000 0.881543
175 0.874000 0.881500
176 0.864000 0.881401
177 0.882000 0.881404
178 0.870000 0.881341
179 0.896000 0.881422
180 0.888000 0.881459
181 0.900000 0.881560
182 0.886000 0.881585
183 0.872000 0.881533
184 0.882000 0.881535
185 0.884000 0.881548
186 0.888000 0.881583
187 0.872000 0.881532
188 0.868000 0.881460
189 0.880000 0.881453
190 0.880000 0.881445
191 0.878000 0.881427
192 0.878000 0.881409
193 0.902000 0.881515
194 0.858000 0.881395
195 0.876000 0.881367
196 0.896000 0.881442
197 0.884000 0.881455
198 0.866000 0.881377
199 0.872000 0.881330
200 0.872000 0.881284
201 0.870000 0.881228
202 0.874000 0.881192
203 0.894000 0.881255
204 0.888000 0.881288
205 0.896000 0.881359
206 0.892000 0.881411
207 0.902000 0.881510
208 0.894000 0.881569
209 0.898000 0.881648
210 0.864000 0.881564
211 0.860000 0.881462
212 0.884000 0.881474
213 0.872000 0.881430
214 0.864000 0.881349
215 0.890000 0.881389
216 0.880000 0.881382
217 0.898000 0.881459
218 0.882000 0.881461
219 0.894000 0.881518
220 0.884000 0.881529
221 0.876000 0.881505
222 0.872000 0.881462
223 0.878000 0.881446
224 0.892000 0.881493
225 0.870000 0.881442
226 0.890000 0.881480
227 0.890000 0.881518
228 0.886000 0.881537
229 0.888000 0.881565
230 0.878000 0.881550
231 0.892000 0.881595
232 0.894000 0.881648
233 0.874000 0.881615
234 0.868000 0.881557
235 0.896000 0.881619
236 0.908000 0.881730
237 0.880000 0.881723
238 0.888000 0.881749
239 0.898000 0.881817
240 0.876000 0.881793
241 0.866000 0.881727
242 0.872000 0.881687
243 0.874000 0.881656
244 0.850000 0.881527
245 0.874000 0.881496
246 0.878000 0.881482
247 0.884000 0.881492
248 0.872000 0.881454
249 0.876000 0.881432
250 0.876000 0.881410
251 0.860000 0.881325
252 0.896000 0.881383
253 0.876000 0.881362
254 0.878000 0.881349
255 0.888000 0.881375
256 0.884000 0.881385
257 0.870000 0.881341
258 0.894000 0.881390
259 0.870000 0.881346
260 0.890000 0.881379
261 0.892000 0.881420
262 0.880000 0.881414
263 0.868000 0.881364
264 0.864000 0.881298
265 0.888000 0.881323
266 0.890000 0.881356
267 0.896000 0.881410
268 0.898000 0.881472
269 0.882000 0.881474
270 0.892000 0.881513
271 0.872000 0.881478
272 0.898000 0.881538
273 0.904000 0.881620
274 0.900000 0.881687
275 0.886000 0.881703
276 0.906000 0.881791
277 0.896000 0.881842
278 0.896000 0.881892
279 0.880000 0.881886
280 0.878000 0.881872
281 0.878000 0.881858
282 0.884000 0.881866
283 0.876000 0.881845
284 0.868000 0.881796
285 0.868000 0.881748
286 0.890000 0.881777
287 0.874000 0.881750
288 0.890000 0.881779
289 0.880000 0.881772
290 0.856000 0.881684
291 0.866000 0.881630
292 0.864000 0.881570
293 0.892000 0.881605
294 0.898000 0.881661
295 0.898000 0.881716
296 0.888000 0.881737
297 0.898000 0.881792
298 0.900000 0.881853
299 0.888000 0.881873
300 0.884000 0.881880
301 0.870000 0.881841
302 0.872000 0.881809
303 0.890000 0.881836
304 0.896000 0.881882
305 0.886000 0.881895
306 0.888000 0.881915
307 0.876000 0.881896
308 0.904000 0.881968
309 0.906000 0.882045
310 0.874000 0.882019
311 0.868000 0.881974
312 0.866000 0.881923
313 0.860000 0.881854
314 0.858000 0.881778
315 0.868000 0.881734
316 0.882000 0.881735
317 0.876000 0.881717
318 0.870000 0.881680
319 0.882000 0.881681
320 0.898000 0.881732
321 0.876000 0.881714
322 0.880000 0.881709
323 0.898000 0.881759
324 0.892000 0.881791
325 0.890000 0.881816
326 0.896000 0.881859
327 0.876000 0.881841
328 0.852000 0.881751
329 0.858000 0.881679
330 0.866000 0.881631
331 0.892000 0.881663
332 0.876000 0.881646
333 0.898000 0.881695
334 0.870000 0.881660
335 0.872000 0.881631
336 0.872000 0.881602
337 0.904000 0.881669
338 0.898000 0.881717
339 0.904000 0.881782
340 0.890000 0.881806
341 0.894000 0.881842
342 0.888000 0.881860
343 0.904000 0.881924
344 0.896000 0.881965
345 0.872000 0.881936
346 0.884000 0.881942
347 0.892000 0.881971
348 0.886000 0.881983
349 0.884000 0.881989
350 0.886000 0.882000
351 0.890000 0.882023
352 0.892000 0.882051
353 0.880000 0.882045
354 0.902000 0.882101
355 0.884000 0.882107
356 0.874000 0.882084
357 0.888000 0.882101
358 0.892000 0.882128
359 0.898000 0.882172
360 0.886000 0.882183
361 0.908000 0.882254
362 0.894000 0.882287
363 0.898000 0.882330
364 0.888000 0.882345
365 0.872000 0.882317
366 0.860000 0.882256
367 0.884000 0.882261
368 0.900000 0.882309
369 0.900000 0.882357
370 0.900000 0.882404
371 0.888000 0.882419
372 0.892000 0.882445
373 0.884000 0.882449
374 0.900000 0.882496
375 0.904000 0.882553
376 0.882000 0.882552
377 0.864000 0.882503
378 0.860000 0.882443
379 0.882000 0.882442
380 0.880000 0.882436
381 0.904000 0.882492
382 0.898000 0.882533
383 0.906000 0.882594
384 0.882000 0.882592
385 0.868000 0.882554
386 0.876000 0.882537
387 0.886000 0.882546
388 0.864000 0.882499
389 0.842000 0.882395
390 0.876000 0.882379
391 0.890000 0.882398
392 0.894000 0.882427
393 0.902000 0.882477
394 0.888000 0.882491
395 0.870000 0.882460
396 0.882000 0.882458
397 0.870000 0.882427
398 0.864000 0.882381
399 0.876000 0.882365
400 0.880000 0.882359
401 0.894000 0.882388
402 0.902000 0.882437
403 0.890000 0.882455
404 0.892000 0.882479
405 0.862000 0.882429
406 0.872000 0.882403
407 0.886000 0.882412
408 0.882000 0.882411
409 0.870000 0.882380
410 0.890000 0.882399
411 0.856000 0.882335
412 0.844000 0.882242
413 0.872000 0.882217
414 0.876000 0.882202
415 0.888000 0.882216
416 0.890000 0.882235
417 0.896000 0.882268
418 0.902000 0.882315
419 0.890000 0.882333
420 0.894000 0.882361
421 0.898000 0.882398
422 0.880000 0.882392
423 0.876000 0.882377
424 0.892000 0.882400
425 0.870000 0.882371
426 0.878000 0.882361
427 0.878000 0.882350
428 0.882000 0.882350
429 0.858000 0.882293
430 0.876000 0.882278
431 0.882000 0.882278
432 0.890000 0.882296
433 0.880000 0.882290
434 0.864000 0.882248
435 0.880000 0.882243
436 0.858000 0.882188
437 0.878000 0.882178
438 0.874000 0.882159
439 0.874000 0.882141
440 0.870000 0.882113
441 0.886000 0.882122
442 0.898000 0.882158
443 0.878000 0.882149
444 0.886000 0.882157
445 0.882000 0.882157
446 0.882000 0.882157
447 0.894000 0.882183
448 0.890000 0.882200
449 0.888000 0.882213
450 0.876000 0.882200
451 0.892000 0.882221
452 0.860000 0.882172
453 0.886000 0.882181
454 0.892000 0.882202
455 0.902000 0.882246
456 0.916000 0.882319
457 0.920000 0.882402
458 0.910000 0.882462
459 0.912000 0.882526
460 0.890000 0.882542
461 0.876000 0.882528
462 0.872000 0.882505
463 0.890000 0.882522
464 0.880000 0.882516
465 0.874000 0.882498
466 0.880000 0.882493
467 0.908000 0.882547
468 0.890000 0.882563
469 0.874000 0.882545
470 0.882000 0.882544
471 0.896000 0.882572
472 0.886000 0.882579
473 0.878000 0.882570
474 0.894000 0.882594
475 0.884000 0.882597
476 0.886000 0.882604
477 0.872000 0.882582
478 0.866000 0.882547
479 0.858000 0.882496
480 0.862000 0.882453
481 0.870000 0.882427
482 0.884000 0.882431
483 0.880000 0.882426
484 0.870000 0.882400
485 0.868000 0.882370
486 0.876000 0.882357
487 0.882000 0.882357
488 0.890000 0.882372
489 0.892000 0.882392
490 0.900000 0.882428
491 0.902000 0.882467
492 0.912000 0.882527
493 0.914000 0.882591
494 0.918000 0.882663
495 0.880000 0.882657
496 0.894000 0.882680
497 0.882000 0.882679
498 0.884000 0.882681
499 0.866000 0.882648
500 0.870000 0.882623
501 0.894000 0.882645
502 0.898000 0.882676
503 0.892000 0.882694
504 0.906000 0.882741
505 0.866000 0.882708
506 0.882000 0.882706
507 0.896000 0.882732
508 0.884000 0.882735
509 0.872000 0.882714
510 0.886000 0.882720
511 0.864000 0.882684
512 0.854000 0.882628
513 0.846000 0.882556
514 0.854000 0.882501
515 0.868000 0.882473
516 0.874000 0.882456
517 0.868000 0.882429
518 0.862000 0.882389
519 0.880000 0.882385
520 0.894000 0.882407
521 0.870000 0.882383
522 0.864000 0.882348
523 0.866000 0.882317
524 0.868000 0.882290
525 0.854000 0.882236
526 0.890000 0.882250
527 0.902000 0.882288
528 0.898000 0.882318
529 0.858000 0.882272
530 0.860000 0.882230
531 0.866000 0.882199
532 0.890000 0.882214
533 0.894000 0.882236
534 0.876000 0.882224
535 0.870000 0.882201
536 0.872000 0.882182
537 0.894000 0.882204
538 0.894000 0.882226
539 0.896000 0.882252
540 0.894000 0.882274
541 0.872000 0.882255
542 0.880000 0.882250
543 0.876000 0.882239
544 0.874000 0.882224
545 0.874000 0.882209
546 0.896000 0.882234
547 0.898000 0.882263
548 0.890000 0.882277
549 0.870000 0.882255
550 0.850000 0.882196
551 0.852000 0.882141
552 0.870000 0.882119
553 0.844000 0.882051
554 0.860000 0.882011
555 0.878000 0.882004
556 0.846000 0.881939
557 0.866000 0.881910
558 0.866000 0.881882
559 0.862000 0.881846
560 0.868000 0.881822
561 0.876000 0.881811
562 0.888000 0.881822
563 0.868000 0.881798
564 0.876000 0.881788
565 0.866000 0.881760
566 0.876000 0.881750
567 0.862000 0.881715
568 0.854000 0.881666
569 0.870000 0.881646
570 0.878000 0.881639
571 0.866000 0.881612
572 0.870000 0.881592
573 0.854000 0.881544
574 0.880000 0.881541
575 0.866000 0.881514
576 0.860000 0.881477
577 0.856000 0.881433
578 0.854000 0.881385
579 0.884000 0.881390
580 0.868000 0.881367
581 0.862000 0.881333
582 0.870000 0.881314
583 0.856000 0.881271
584 0.880000 0.881268
585 0.874000 0.881256
586 0.862000 0.881223
587 0.856000 0.881180
588 0.872000 0.881165
589 0.894000 0.881186
590 0.888000 0.881198
591 0.896000 0.881223
592 0.888000 0.881234
593 0.888000 0.881246
594 0.888000 0.881257
595 0.876000 0.881248
596 0.866000 0.881223
597 0.864000 0.881194
598 0.856000 0.881152
599 0.882000 0.881153
600 0.860000 0.881118
601 0.872000 0.881103
602 0.878000 0.881098
603 0.878000 0.881093
604 0.880000 0.881091
605 0.886000 0.881099
606 0.880000 0.881097
607 0.868000 0.881076
608 0.874000 0.881064
609 0.890000 0.881079
610 0.880000 0.881077
611 0.870000 0.881059
612 0.894000 0.881080
613 0.892000 0.881098
614 0.900000 0.881128
615 0.882000 0.881130
616 0.888000 0.881141
617 0.884000 0.881146
618 0.880000 0.881144
619 0.890000 0.881158
620 0.884000 0.881163
621 0.862000 0.881132
622 0.846000 0.881075
623 0.878000 0.881071
624 0.894000 0.881091
625 0.874000 0.881080
626 0.900000 0.881110
627 0.874000 0.881099
628 0.884000 0.881103
629 0.874000 0.881092
630 0.886000 0.881100
631 0.880000 0.881098
632 0.864000 0.881071
633 0.858000 0.881035
634 0.884000 0.881039
635 0.892000 0.881057
636 0.874000 0.881046
637 0.882000 0.881047
638 0.868000 0.881027
639 0.870000 0.881009
640 0.870000 0.880992
641 0.878000 0.880988
642 0.854000 0.880946
643 0.878000 0.880941
644 0.886000 0.880949
645 0.888000 0.880960
646 0.908000 0.881002
647 0.896000 0.881025
648 0.892000 0.881042
649 0.886000 0.881049
650 0.892000 0.881066
651 0.912000 0.881113
652 0.886000 0.881121
653 0.898000 0.881147
654 0.882000 0.881148
655 0.870000 0.881131
656 0.866000 0.881108
657 0.868000 0.881088
658 0.872000 0.881074
659 0.866000 0.881052
660 0.874000 0.881041
661 0.868000 0.881021
662 0.876000 0.881014
663 0.882000 0.881015
664 0.894000 0.881035
665 0.876000 0.881027
666 0.862000 0.880999
667 0.886000 0.881006
668 0.902000 0.881037
669 0.886000 0.881045
670 0.878000 0.881040
671 0.858000 0.881006
672 0.872000 0.880993
673 0.872000 0.880979
674 0.896000 0.881001
675 0.892000 0.881018
676 0.884000 0.881022
677 0.872000 0.881009
678 0.874000 0.880999
679 0.886000 0.881006
680 0.880000 0.881004
681 0.898000 0.881029
682 0.884000 0.881034
683 0.890000 0.881047
684 0.886000 0.881054
685 0.890000 0.881067
686 0.904000 0.881100
687 0.872000 0.881087
688 0.898000 0.881112
689 0.882000 0.881113
690 0.878000 0.881109
691 0.876000 0.881101
692 0.864000 0.881076
693 0.894000 0.881095
694 0.876000 0.881088
695 0.884000 0.881092
696 0.870000 0.881076
697 0.874000 0.881066
698 0.872000 0.881053
699 0.896000 0.881074
700 0.896000 0.881096
701 0.870000 0.881080
702 0.862000 0.881053
703 0.838000 0.880991
704 0.874000 0.880982
705 0.884000 0.880986
706 0.888000 0.880996
707 0.878000 0.880992
708 0.876000 0.880984
709 0.870000 0.880969
710 0.906000 0.881004
711 0.894000 0.881022
712 0.884000 0.881027
713 0.880000 0.881025
714 0.874000 0.881015
715 0.866000 0.880994
716 0.872000 0.880982
717 0.870000 0.880967
718 0.904000 0.880999
719 0.904000 0.881031
720 0.882000 0.881032
721 0.888000 0.881042
722 0.888000 0.881051
723 0.894000 0.881069
724 0.894000 0.881087
725 0.874000 0.881077
726 0.886000 0.881084
727 0.908000 0.881121
728 0.912000 0.881163
729 0.902000 0.881192
730 0.910000 0.881231
731 0.886000 0.881238
732 0.900000 0.881263
733 0.884000 0.881267
734 0.880000 0.881265
735 0.868000 0.881247
736 0.874000 0.881237
737 0.876000 0.881230
738 0.854000 0.881194
739 0.872000 0.881181
740 0.868000 0.881163
741 0.890000 0.881175
742 0.894000 0.881192
743 0.888000 0.881202
744 0.904000 0.881232
745 0.898000 0.881255
746 0.886000 0.881261
747 0.894000 0.881278
748 0.888000 0.881287
749 0.880000 0.881285
750 0.866000 0.881265
751 0.866000 0.881245
752 0.870000 0.881230
753 0.862000 0.881204
754 0.888000 0.881213
755 0.880000 0.881212
756 0.888000 0.881221
757 0.896000 0.881240
758 0.894000 0.881257
759 0.890000 0.881268
760 0.910000 0.881306
761 0.906000 0.881339
762 0.886000 0.881345
763 0.878000 0.881340
764 0.890000 0.881352
765 0.896000 0.881371
766 0.896000 0.881390
767 0.880000 0.881388
768 0.884000 0.881391
769 0.890000 0.881403
770 0.886000 0.881409
771 0.884000 0.881412
772 0.888000 0.881420
773 0.910000 0.881457
774 0.914000 0.881499
775 0.898000 0.881521
776 0.882000 0.881521
777 0.876000 0.881514
778 0.878000 0.881510
779 0.864000 0.881487
780 0.876000 0.881480
781 0.896000 0.881499
782 0.894000 0.881515
783 0.876000 0.881508
784 0.876000 0.881501
785 0.898000 0.881522
786 0.906000 0.881553
787 0.902000 0.881579
788 0.914000 0.881620
789 0.902000 0.881646
790 0.908000 0.881679
791 0.900000 0.881702
792 0.894000 0.881718
793 0.892000 0.881730
794 0.878000 0.881726
795 0.882000 0.881726
796 0.864000 0.881704
797 0.882000 0.881704
798 0.898000 0.881725
799 0.878000 0.881720
800 0.900000 0.881743
801 0.878000 0.881738
802 0.886000 0.881743
803 0.862000 0.881719
804 0.874000 0.881709
805 0.852000 0.881672
806 0.886000 0.881678
807 0.878000 0.881673
808 0.882000 0.881674
809 0.866000 0.881654
810 0.880000 0.881652
811 0.860000 0.881626
812 0.886000 0.881631
813 0.900000 0.881654
814 0.882000 0.881654
815 0.888000 0.881662
816 0.880000 0.881660
817 0.886000 0.881665
818 0.890000 0.881675
819 0.882000 0.881676
820 0.866000 0.881657
821 0.862000 0.881633
822 0.900000 0.881655
823 0.882000 0.881655
824 0.876000 0.881648
825 0.884000 0.881651
826 0.866000 0.881632
827 0.866000 0.881614
828 0.876000 0.881607
829 0.880000 0.881605
830 0.874000 0.881596
831 0.854000 0.881563
832 0.886000 0.881568
833 0.862000 0.881544
834 0.848000 0.881504
835 0.866000 0.881486
836 0.860000 0.881460
837 0.862000 0.881437
838 0.870000 0.881423
839 0.882000 0.881424
840 0.830000 0.881363
841 0.856000 0.881333
842 0.838000 0.881281
843 0.854000 0.881249
844 0.876000 0.881243
845 0.860000 0.881217
846 0.858000 0.881190
847 0.866000 0.881172
848 0.868000 0.881157
849 0.860000 0.881132
850 0.888000 0.881140
851 0.890000 0.881150
852 0.900000 0.881172
853 0.892000 0.881185
854 0.888000 0.881193
855 0.904000 0.881220
856 0.884000 0.881223
857 0.886000 0.881228
858 0.876000 0.881222
859 0.878000 0.881219
860 0.890000 0.881229
861 0.882000 0.881230
862 0.874000 0.881221
863 0.882000 0.881222
864 0.866000 0.881205
865 0.878000 0.881201
866 0.878000 0.881197
867 0.904000 0.881224
868 0.928000 0.881277
869 0.906000 0.881306
870 0.888000 0.881313
871 0.894000 0.881328
872 0.872000 0.881317
873 0.896000 0.881334
874 0.882000 0.881335
875 0.890000 0.881345
876 0.904000 0.881371
877 0.898000 0.881390
878 0.892000 0.881402
879 0.890000 0.881411
880 0.902000 0.881435
881 0.888000 0.881442
882 0.874000 0.881434
883 0.876000 0.881428
884 0.864000 0.881408
885 0.860000 0.881384
886 0.882000 0.881384
887 0.876000 0.881378
888 0.854000 0.881348
889 0.866000 0.881330
890 0.866000 0.881313
891 0.868000 0.881298
892 0.862000 0.881277
893 0.888000 0.881284
894 0.904000 0.881309
895 0.882000 0.881310
896 0.890000 0.881320
897 0.864000 0.881301
898 0.864000 0.881281
899 0.854000 0.881251
900 0.862000 0.881230
901 0.868000 0.881215
902 0.876000 0.881209
903 0.908000 0.881239
904 0.902000 0.881262
905 0.908000 0.881291
906 0.898000 0.881310
907 0.880000 0.881308
908 0.868000 0.881294
909 0.876000 0.881288
910 0.874000 0.881280
911 0.906000 0.881307
912 0.886000 0.881312
913 0.892000 0.881324
914 0.874000 0.881316
915 0.880000 0.881314
916 0.886000 0.881320
917 0.896000 0.881336
918 0.892000 0.881347
919 0.898000 0.881365
920 0.924000 0.881412
921 0.906000 0.881438
922 0.882000 0.881439
923 0.874000 0.881431
924 0.868000 0.881416
925 0.870000 0.881404
926 0.876000 0.881398
927 0.876000 0.881392
928 0.848000 0.881356
929 0.874000 0.881348
930 0.890000 0.881358
931 0.912000 0.881391
932 0.894000 0.881404
933 0.870000 0.881392
934 0.878000 0.881388
935 0.872000 0.881378
936 0.876000 0.881372
937 0.880000 0.881371
938 0.898000 0.881389
939 0.878000 0.881385
940 0.890000 0.881394
941 0.872000 0.881384
942 0.858000 0.881359
943 0.854000 0.881331
944 0.884000 0.881333
945 0.868000 0.881319
946 0.870000 0.881307
947 0.866000 0.881291
948 0.860000 0.881269
949 0.868000 0.881255
950 0.886000 0.881260
951 0.872000 0.881250
952 0.870000 0.881238
953 0.880000 0.881237
954 0.906000 0.881263
955 0.888000 0.881270
956 0.880000 0.881269
957 0.866000 0.881253
958 0.856000 0.881226
959 0.870000 0.881215
960 0.860000 0.881193
961 0.878000 0.881189
962 0.876000 0.881184
963 0.874000 0.881176
964 0.858000 0.881152
965 0.866000 0.881137
966 0.888000 0.881144
967 0.884000 0.881147
968 0.864000 0.881129
969 0.872000 0.881120
970 0.886000 0.881125
971 0.848000 0.881091
972 0.880000 0.881089
973 0.892000 0.881101
974 0.868000 0.881087
975 0.876000 0.881082
976 0.880000 0.881081
977 0.878000 0.881078
978 0.878000 0.881075
979 0.874000 0.881067
980 0.848000 0.881034
981 0.880000 0.881033
982 0.878000 0.881030
983 0.876000 0.881024
984 0.880000 0.881023
985 0.898000 0.881041
986 0.878000 0.881037
987 0.856000 0.881012
988 0.868000 0.880999
989 0.882000 0.881000
990 0.882000 0.881001
991 0.870000 0.880990
992 0.880000 0.880989
993 0.864000 0.880972
994 0.882000 0.880973
995 0.896000 0.880988
996 0.874000 0.880981
997 0.884000 0.880984
998 0.896000 0.880999
999 0.870000 0.880988
