0 1.000000 1.000000
1 0.952000 0.976000
2 0.894000 0.948667
3 0.834000 0.920000
4 0.784000 0.892800
5 0.782000 0.874333
6 0.772000 0.859714
7 0.750000 0.846000
8 0.734000 0.833556
9 0.720000 0.822200
10 0.754000 0.816000
11 0.704000 0.806667
12 0.698000 0.798308
13 0.696000 0.791000
14 0.698000 0.784800
15 0.662000 0.777125
16 0.656000 0.770000
17 0.654000 0.763556
18 0.624000 0.756211
19 0.586000 0.747700
20 0.604000 0.740857
21 0.648000 0.736636
22 0.626000 0.731826
23 0.592000 0.726000
24 0.578000 0.720080
25 0.588000 0.715000
26 0.572000 0.709704
27 0.554000 0.704143
28 0.542000 0.698552
29 0.550000 0.693600
30 0.532000 0.688387
31 0.502000 0.682562
32 0.506000 0.677212
33 0.506000 0.672176
34 0.554000 0.668800
35 0.534000 0.665056
36 0.518000 0.661081
37 0.518000 0.657316
38 0.518000 0.653744
39 0.498000 0.649850
40 0.520000 0.646683
41 0.452000 0.642048
42 0.464000 0.637907
43 0.466000 0.634000
44 0.472000 0.630400
45 0.484000 0.627217
46 0.474000 0.623957
47 0.478000 0.620917
48 0.402000 0.616449
49 0.418000 0.612480
50 0.372000 0.607765
51 0.418000 0.604115
52 0.412000 0.600491
53 0.388000 0.596556
54 0.388000 0.592764
55 0.384000 0.589036
56 0.384000 0.585439
57 0.376000 0.581828
58 0.364000 0.578136
59 0.376000 0.574767
60 0.388000 0.571705
61 0.382000 0.568645
62 0.348000 0.565143
63 0.366000 0.562031
64 0.362000 0.558954
65 0.378000 0.556212
66 0.378000 0.553552
67 0.372000 0.550882
68 0.358000 0.548087
69 0.322000 0.544857
70 0.310000 0.541549
71 0.326000 0.538556
72 0.308000 0.535397
73 0.296000 0.532162
74 0.288000 0.528907
75 0.320000 0.526158
76 0.326000 0.523558
77 0.310000 0.520821
78 0.320000 0.518278
79 0.306000 0.515625
80 0.270000 0.512593
81 0.284000 0.509805
82 0.270000 0.506916
83 0.316000 0.504643
84 0.298000 0.502212
85 0.322000 0.500116
86 0.308000 0.497908
87 0.278000 0.495409
88 0.280000 0.492989
89 0.244000 0.490222
90 0.254000 0.487626
91 0.250000 0.485043
92 0.236000 0.482366
93 0.246000 0.479851
94 0.288000 0.477832
95 0.216000 0.475104
96 0.266000 0.472948
97 0.264000 0.470816
98 0.256000 0.468646
99 0.218000 0.466140
100 0.206000 0.463564
101 0.238000 0.461353
102 0.238000 0.459184
103 0.250000 0.457173
104 0.208000 0.454800
105 0.228000 0.452660
106 0.210000 0.450393
107 0.216000 0.448222
108 0.218000 0.446110
109 0.236000 0.444200
110 0.246000 0.442414
111 0.194000 0.440196
112 0.204000 0.438106
113 0.262000 0.436561
114 0.260000 0.435026
115 0.228000 0.433241
116 0.230000 0.431504
117 0.212000 0.429644
118 0.246000 0.428101
119 0.248000 0.426600
120 0.208000 0.424793
121 0.244000 0.423311
122 0.282000 0.422163
123 0.254000 0.420806
124 0.242000 0.419376
125 0.222000 0.417810
126 0.254000 0.416520
127 0.228000 0.415047
128 0.220000 0.413535
129 0.208000 0.411954
130 0.186000 0.410229
131 0.214000 0.408742
132 0.186000 0.407068
133 0.184000 0.405403
134 0.164000 0.403615
135 0.182000 0.401985
136 0.170000 0.400292
137 0.162000 0.398565
138 0.150000 0.396777
139 0.142000 0.394957
140 0.164000 0.393319
141 0.184000 0.391845
142 0.178000 0.390350
143 0.186000 0.388931
144 0.154000 0.387310
145 0.136000 0.385589
146 0.152000 0.384000
147 0.178000 0.382608
148 0.146000 0.381020
149 0.134000 0.379373
150 0.164000 0.377947
151 0.154000 0.376474
152 0.174000 0.375150
153 0.170000 0.373818
154 0.166000 0.372477
155 0.142000 0.371000
156 0.102000 0.369287
157 0.106000 0.367620
158 0.098000 0.365925
159 0.048000 0.363938
160 0.042000 0.361938
161 0.092000 0.360272
162 0.140000 0.358920
163 0.146000 0.357622
164 0.176000 0.356521
165 0.102000 0.354988
166 0.124000 0.353605
167 0.120000 0.352214
168 0.130000 0.350899
169 0.094000 0.349388
170 0.118000 0.348035
171 0.150000 0.346884
172 0.156000 0.345780
173 0.160000 0.344713
174 0.132000 0.343497
175 0.146000 0.342375
176 0.118000 0.341107
177 0.094000 0.339719
178 0.088000 0.338313
179 0.132000 0.337167
180 0.136000 0.336055
181 0.166000 0.335121
182 0.134000 0.334022
183 0.078000 0.332630
184 0.098000 0.331362
185 0.124000 0.330247
186 0.116000 0.329102
187 0.096000 0.327862
188 0.140000 0.326868
189 0.156000 0.325968
190 0.160000 0.325099
191 0.178000 0.324333
192 0.150000 0.323430
193 0.156000 0.322567
194 0.120000 0.321528
195 0.118000 0.320490
196 0.166000 0.319706
197 0.132000 0.318758
198 0.152000 0.317920
199 0.138000 0.317020
200 0.098000 0.315930
201 0.124000 0.314980
202 0.114000 0.313990
203 0.096000 0.312922
204 0.114000 0.311951
205 0.112000 0.310981
206 0.080000 0.309865
207 0.120000 0.308952
208 0.104000 0.307971
209 0.084000 0.306905
210 0.080000 0.305829
211 0.068000 0.304708
212 0.078000 0.303643
213 0.044000 0.302430
214 0.062000 0.301312
215 0.080000 0.300287
216 0.064000 0.299198
217 0.110000 0.298330
218 0.130000 0.297562
219 0.092000 0.296627
220 0.102000 0.295747
221 0.076000 0.294757
222 0.102000 0.293892
223 0.062000 0.292857
224 0.074000 0.291884
225 0.078000 0.290938
226 0.098000 0.290088
227 0.110000 0.289298
228 0.108000 0.288507
229 0.092000 0.287652
230 0.126000 0.286952
231 0.124000 0.286250
232 0.070000 0.285322
233 0.090000 0.284487
234 0.096000 0.283685
235 0.078000 0.282814
236 0.094000 0.282017
237 0.126000 0.281361
238 0.094000 0.280577
239 0.098000 0.279817
240 0.076000 0.278971
241 0.048000 0.278017
242 0.056000 0.277103
243 0.106000 0.276402
244 0.084000 0.275616
245 0.022000 0.274585
246 0.056000 0.273700
247 0.050000 0.272798
248 0.046000 0.271888
249 0.052000 0.271008
250 0.088000 0.270279
251 0.070000 0.269484
252 0.092000 0.268783
253 0.050000 0.267921
254 0.050000 0.267067
255 0.094000 0.266391
256 0.074000 0.265642
257 0.072000 0.264891
258 0.056000 0.264085
259 0.084000 0.263392
260 0.100000 0.262766
261 0.052000 0.261962
262 0.006000 0.260989
263 0.082000 0.260311
264 0.078000 0.259623
265 0.056000 0.258857
266 0.082000 0.258195
267 0.096000 0.257590
268 0.112000 0.257048
269 0.148000 0.256644
270 0.108000 0.256096
271 0.058000 0.255368
272 0.034000 0.254557
273 0.032000 0.253745
274 0.080000 0.253113
275 0.106000 0.252580
276 0.064000 0.251899
277 0.062000 0.251216
278 0.094000 0.250652
279 0.072000 0.250014
280 0.088000 0.249438
281 0.088000 0.248865
282 0.062000 0.248205
283 0.078000 0.247606
284 0.020000 0.246807
285 0.072000 0.246196
286 0.078000 0.245610
287 0.036000 0.244882
288 0.026000 0.244125
289 0.062000 0.243497
290 0.046000 0.242818
291 0.074000 0.242240
292 0.060000 0.241618
293 0.096000 0.241122
294 0.138000 0.240773
295 0.112000 0.240338
296 0.090000 0.239832
297 0.066000 0.239248
298 0.072000 0.238689
299 0.080000 0.238160
300 0.084000 0.237648
301 0.058000 0.237053
302 0.066000 0.236488
303 0.044000 0.235855
304 0.070000 0.235311
305 0.062000 0.234745
306 0.100000 0.234306
307 0.082000 0.233812
308 0.086000 0.233333
309 0.090000 0.232871
310 0.072000 0.232354
311 0.060000 0.231801
312 0.090000 0.231348
313 0.040000 0.230739
314 0.066000 0.230216
315 0.044000 0.229627
316 0.070000 0.229123
317 0.042000 0.228535
318 0.026000 0.227900
319 0.082000 0.227444
320 0.112000 0.227084
321 0.126000 0.226770
322 0.120000 0.226440
323 0.114000 0.226093
324 0.138000 0.225822
325 0.092000 0.225411
326 0.076000 0.224954
327 0.060000 0.224451
328 0.036000 0.223878
329 0.016000 0.223248
330 0.006000 0.222592
331 0.014000 0.221964
332 0.016000 0.221345
333 0.008000 0.220707
334 0.036000 0.220155
335 0.046000 0.219637
336 0.004000 0.218997
337 -0.012000 0.218314
338 0.016000 0.217717
339 0.064000 0.217265
340 0.036000 0.216733
341 0.052000 0.216251
342 0.026000 0.215697
343 0.032000 0.215163
344 0.036000 0.214643
345 0.006000 0.214040
346 0.018000 0.213476
347 0.010000 0.212891
348 0.046000 0.212413
349 0.054000 0.211960
350 -0.016000 0.211311
351 0.036000 0.210813
352 0.006000 0.210232
353 0.014000 0.209678
354 0.016000 0.209132
355 0.006000 0.208562
356 -0.022000 0.207916
357 -0.002000 0.207330
358 0.004000 0.206763
359 -0.020000 0.206133
360 0.004000 0.205573
361 0.018000 0.205055
362 0.028000 0.204567
363 -0.008000 0.203984
364 -0.016000 0.203381
365 0.008000 0.202847
366 -0.004000 0.202283
367 -0.030000 0.201652
368 -0.020000 0.201051
369 -0.016000 0.200465
370 0.004000 0.199935
371 -0.022000 0.199339
372 -0.030000 0.198724
373 0.040000 0.198299
374 0.034000 0.197861
375 0.026000 0.197404
376 0.036000 0.196976
377 0.014000 0.196492
378 0.028000 0.196047
379 0.032000 0.195616
380 0.010000 0.195129
381 0.052000 0.194754
382 0.040000 0.194350
383 0.024000 0.193906
384 0.042000 0.193512
385 -0.002000 0.193005
386 -0.040000 0.192403
387 -0.004000 0.191897
388 -0.034000 0.191316
389 0.000000 0.190826
390 0.004000 0.190348
391 0.008000 0.189883
392 -0.030000 0.189323
393 -0.060000 0.188690
394 -0.070000 0.188035
395 -0.010000 0.187535
396 0.012000 0.187093
397 0.004000 0.186633
398 0.000000 0.186165
399 0.018000 0.185745
400 0.012000 0.185312
401 0.038000 0.184945
402 0.082000 0.184690
403 0.094000 0.184465
404 0.080000 0.184207
405 0.040000 0.183852
406 0.064000 0.183558
407 0.072000 0.183284
408 0.052000 0.182963
409 0.040000 0.182615
410 0.056000 0.182307
411 0.064000 0.182019
412 0.060000 0.181724
413 0.060000 0.181430
414 0.082000 0.181190
415 0.062000 0.180904
416 0.044000 0.180576
417 0.036000 0.180230
418 0.058000 0.179938
419 0.032000 0.179586
420 0.012000 0.179188
421 0.012000 0.178791
422 0.014000 0.178402
423 -0.032000 0.177906
424 0.002000 0.177492
425 0.040000 0.177169
426 0.046000 0.176862
427 0.006000 0.176463
428 0.032000 0.176126
429 0.030000 0.175786
430 -0.018000 0.175336
431 -0.004000 0.174921
432 -0.014000 0.174485
433 -0.032000 0.174009
434 -0.032000 0.173536
435 -0.012000 0.173110
436 0.004000 0.172723
437 -0.012000 0.172301
438 -0.034000 0.171831
439 0.012000 0.171468
440 -0.038000 0.170993
441 -0.026000 0.170548
442 -0.020000 0.170117
443 0.000000 0.169734
444 -0.026000 0.169294
445 -0.024000 0.168861
446 -0.012000 0.168456
447 0.030000 0.168147
448 0.034000 0.167849
449 0.022000 0.167524
450 0.040000 0.167242
451 0.054000 0.166991
452 0.076000 0.166790
453 0.022000 0.166471
454 0.014000 0.166136
455 -0.036000 0.165693
456 -0.004000 0.165322
457 0.002000 0.164965
458 -0.044000 0.164510
459 -0.050000 0.164043
460 -0.024000 0.163636
461 -0.006000 0.163268
462 -0.012000 0.162890
463 -0.008000 0.162522
464 -0.062000 0.162039
465 -0.042000 0.161601
466 -0.030000 0.161191
467 0.002000 0.160850
468 0.006000 0.160520
469 -0.032000 0.160111
470 -0.020000 0.159728
471 -0.018000 0.159352
472 -0.024000 0.158964
473 -0.018000 0.158591
474 -0.020000 0.158215
475 -0.010000 0.157861
476 0.014000 0.157560
477 -0.014000 0.157201
478 0.002000 0.156877
479 -0.018000 0.156512
480 0.002000 0.156191
481 -0.038000 0.155788
482 -0.016000 0.155433
483 -0.012000 0.155087
484 0.022000 0.154812
485 0.036000 0.154568
486 0.022000 0.154296
487 0.048000 0.154078
488 0.012000 0.153787
489 -0.004000 0.153465
490 0.064000 0.153283
491 0.048000 0.153069
492 0.054000 0.152868
493 0.094000 0.152749
494 0.034000 0.152509
495 0.014000 0.152230
496 0.038000 0.152000
497 0.038000 0.151771
498 0.018000 0.151503
499 0.026000 0.151252
500 0.006000 0.150962
501 0.038000 0.150737
502 0.022000 0.150481
503 0.050000 0.150282
504 0.060000 0.150103
505 0.030000 0.149866
506 -0.014000 0.149542
507 -0.014000 0.149220
508 -0.014000 0.148900
509 -0.020000 0.148569
510 -0.006000 0.148266
511 0.022000 0.148020
512 0.020000 0.147770
513 0.032000 0.147545
514 0.006000 0.147270
515 0.004000 0.146992
516 0.034000 0.146774
517 0.046000 0.146579
518 0.022000 0.146339
519 -0.028000 0.146004
520 0.014000 0.145750
521 0.034000 0.145536
522 0.008000 0.145273
523 0.020000 0.145034
524 -0.022000 0.144716
525 0.010000 0.144460
526 -0.008000 0.144171
527 -0.018000 0.143864
528 -0.020000 0.143554
529 0.022000 0.143325
530 0.004000 0.143062
531 -0.004000 0.142786
532 -0.006000 0.142507
533 -0.012000 0.142217
534 -0.042000 0.141873
535 -0.034000 0.141545
536 -0.036000 0.141214
537 0.002000 0.140955
538 0.024000 0.140738
539 -0.022000 0.140437
540 -0.010000 0.140159
541 0.004000 0.139908
542 -0.014000 0.139624
543 0.002000 0.139371
544 -0.006000 0.139105
545 -0.010000 0.138832
546 0.010000 0.138596
547 0.000000 0.138343
548 0.010000 0.138109
549 0.012000 0.137880
550 -0.014000 0.137604
551 0.000000 0.137355
552 -0.030000 0.137052
553 -0.048000 0.136718
554 -0.026000 0.136425
555 -0.040000 0.136108
556 -0.064000 0.135749
557 -0.072000 0.135376
558 -0.014000 0.135109
559 0.010000 0.134886
560 -0.012000 0.134624
561 -0.042000 0.134310
562 -0.014000 0.134046
563 -0.034000 0.133748
564 -0.002000 0.133508
565 -0.016000 0.133244
566 -0.008000 0.132995
567 0.036000 0.132824
568 0.020000 0.132626
569 0.004000 0.132400
570 0.042000 0.132242
571 0.030000 0.132063
572 0.010000 0.131850
573 -0.018000 0.131589
574 -0.010000 0.131343
575 -0.026000 0.131069
576 0.004000 0.130849
577 -0.006000 0.130612
578 -0.010000 0.130370
579 -0.006000 0.130134
580 -0.006000 0.129900
581 -0.018000 0.129646
582 -0.028000 0.129376
583 -0.016000 0.129127
584 0.012000 0.128926
585 0.030000 0.128758
586 -0.008000 0.128525
587 0.006000 0.128316
588 0.006000 0.128109
589 0.030000 0.127942
590 0.052000 0.127814
591 0.006000 0.127608
592 0.004000 0.127400
593 -0.018000 0.127155
594 0.010000 0.126958
595 0.014000 0.126768
596 -0.008000 0.126543
597 -0.012000 0.126311
598 0.024000 0.126140
599 0.008000 0.125943
600 0.012000 0.125754
601 0.042000 0.125615
602 0.038000 0.125469
603 0.038000 0.125325
604 0.042000 0.125187
605 0.066000 0.125089
606 0.066000 0.124992
607 0.070000 0.124901
608 0.056000 0.124788
609 0.026000 0.124626
610 0.050000 0.124504
611 0.042000 0.124369
612 0.064000 0.124271
613 0.052000 0.124153
614 0.016000 0.123977
615 0.016000 0.123802
616 0.004000 0.123608
617 0.024000 0.123447
618 0.056000 0.123338
619 0.076000 0.123261
620 0.074000 0.123182
621 0.046000 0.123058
622 0.016000 0.122886
623 0.058000 0.122782
624 0.004000 0.122592
625 0.048000 0.122473
626 0.044000 0.122348
627 0.052000 0.122236
628 0.010000 0.122057
629 0.014000 0.121886
630 0.006000 0.121702
631 0.020000 0.121541
632 0.016000 0.121374
633 0.018000 0.121211
634 -0.006000 0.121011
635 -0.018000 0.120792
636 -0.002000 0.120600
637 0.002000 0.120414
638 0.036000 0.120282
639 0.060000 0.120188
640 0.024000 0.120037
641 0.024000 0.119888
642 0.002000 0.119705
643 -0.030000 0.119472
644 -0.040000 0.119225
645 -0.044000 0.118972
646 -0.018000 0.118760
647 -0.008000 0.118565
648 0.004000 0.118388
649 0.064000 0.118305
650 0.056000 0.118209
651 0.074000 0.118141
652 0.042000 0.118025
653 0.032000 0.117893
654 -0.004000 0.117707
655 0.038000 0.117585
656 0.034000 0.117458
657 0.086000 0.117410
658 0.104000 0.117390
659 0.066000 0.117312
660 0.008000 0.117147
661 0.014000 0.116991
662 0.040000 0.116875
663 -0.028000 0.116657
664 -0.014000 0.116460
665 -0.006000 0.116276
666 -0.012000 0.116084
667 0.032000 0.115958
668 0.004000 0.115791
669 -0.014000 0.115597
670 -0.028000 0.115383
671 0.002000 0.115214
672 0.018000 0.115070
673 -0.010000 0.114884
674 -0.002000 0.114711
675 0.000000 0.114541
676 -0.028000 0.114331
677 -0.044000 0.114097
678 -0.072000 0.113823
679 -0.036000 0.113603
680 -0.008000 0.113424
681 0.044000 0.113323
682 0.042000 0.113218
683 0.042000 0.113114
684 0.020000 0.112978
685 0.006000 0.112822
686 0.000000 0.112658
687 -0.006000 0.112485
688 0.018000 0.112348
689 -0.012000 0.112168
690 -0.002000 0.112003
691 0.020000 0.111870
692 0.076000 0.111818
693 0.048000 0.111726
694 0.028000 0.111606
695 0.042000 0.111506
696 0.076000 0.111455
697 0.014000 0.111315
698 0.040000 0.111213
699 0.010000 0.111069
700 0.002000 0.110913
701 0.026000 0.110792
702 0.006000 0.110643
703 0.002000 0.110489
704 0.020000 0.110360
705 -0.002000 0.110201
706 -0.020000 0.110017
707 -0.024000 0.109828
708 -0.004000 0.109667
709 -0.016000 0.109490
710 0.042000 0.109395
711 0.046000 0.109306
712 0.026000 0.109189
713 0.068000 0.109132
714 0.016000 0.109001
715 0.022000 0.108880
716 0.032000 0.108773
717 0.032000 0.108666
718 0.020000 0.108542
719 0.030000 0.108433
720 0.032000 0.108327
721 0.006000 0.108186
722 0.024000 0.108069
723 0.030000 0.107961
724 0.038000 0.107865
725 0.052000 0.107788
726 0.028000 0.107678
727 0.046000 0.107593
728 0.002000 0.107449
729 0.024000 0.107334
730 0.004000 0.107193
731 -0.004000 0.107041
732 0.008000 0.106906
733 0.008000 0.106771
734 0.008000 0.106637
735 0.046000 0.106554
736 0.080000 0.106518
737 0.090000 0.106496
738 0.040000 0.106406
739 0.058000 0.106341
740 0.052000 0.106267
741 0.048000 0.106189
742 0.032000 0.106089
743 0.050000 0.106013
744 0.042000 0.105928
745 0.062000 0.105869
746 0.048000 0.105791
747 0.066000 0.105738
748 0.056000 0.105672
749 0.018000 0.105555
750 0.070000 0.105507
751 0.038000 0.105418
752 0.012000 0.105293
753 0.054000 0.105225
754 0.042000 0.105142
755 0.052000 0.105071
756 0.042000 0.104988
757 0.056000 0.104923
758 0.040000 0.104838
759 0.028000 0.104737
760 0.046000 0.104660
761 0.032000 0.104564
762 0.044000 0.104485
763 0.032000 0.104390
764 0.032000 0.104295
765 0.036000 0.104206
766 0.044000 0.104128
767 0.076000 0.104091
768 0.080000 0.104060
769 0.056000 0.103997
770 0.022000 0.103891
771 0.046000 0.103816
772 0.056000 0.103754
773 0.056000 0.103693
774 0.040000 0.103610
775 0.032000 0.103518
776 0.044000 0.103441
777 0.036000 0.103355
778 0.044000 0.103279
779 0.010000 0.103159
780 0.032000 0.103068
781 0.004000 0.102941
782 0.032000 0.102851
783 0.012000 0.102735
784 -0.004000 0.102599
785 0.010000 0.102481
786 0.020000 0.102376
787 0.036000 0.102292
788 0.026000 0.102195
789 0.030000 0.102104
790 0.006000 0.101982
791 0.018000 0.101876
792 0.018000 0.101770
793 0.018000 0.101665
794 0.016000 0.101557
795 0.038000 0.101477
796 0.034000 0.101393
797 -0.020000 0.101241
798 -0.028000 0.101079
799 -0.028000 0.100918
800 -0.040000 0.100742
801 -0.014000 0.100599
802 0.002000 0.100476
803 0.028000 0.100386
804 -0.012000 0.100246
805 -0.004000 0.100117
806 0.038000 0.100040
807 0.012000 0.099931
808 0.028000 0.099842
809 0.004000 0.099723
810 -0.040000 0.099551
811 -0.028000 0.099394
812 -0.048000 0.099213
813 -0.006000 0.099084
814 0.002000 0.098964
815 0.024000 0.098873
816 -0.016000 0.098732
817 0.004000 0.098616
818 -0.004000 0.098491
819 0.010000 0.098383
820 -0.024000 0.098234
821 0.010000 0.098127
822 -0.004000 0.098002
823 0.038000 0.097930
824 -0.008000 0.097801
825 0.004000 0.097688
826 -0.022000 0.097543
827 -0.014000 0.097408
828 -0.010000 0.097279
829 0.012000 0.097176
830 -0.028000 0.097025
831 -0.018000 0.096887
832 -0.020000 0.096747
833 -0.030000 0.096595
834 0.000000 0.096479
835 0.034000 0.096404
836 0.056000 0.096356
837 0.048000 0.096298
838 0.056000 0.096250
839 0.022000 0.096162
840 0.050000 0.096107
841 0.066000 0.096071
842 0.044000 0.096009
843 0.034000 0.095936
844 0.018000 0.095844
845 0.006000 0.095738
846 -0.006000 0.095617
847 -0.006000 0.095498
848 0.010000 0.095397
849 -0.014000 0.095268
850 -0.002000 0.095154
851 0.002000 0.095045
852 -0.028000 0.094900
853 -0.042000 0.094740
854 -0.026000 0.094599
855 -0.012000 0.094474
856 0.014000 0.094380
857 0.008000 0.094280
858 -0.038000 0.094126
859 -0.032000 0.093979
860 -0.030000 0.093835
861 -0.042000 0.093677
862 -0.022000 0.093543
863 0.000000 0.093435
864 0.000000 0.093327
865 -0.026000 0.093189
866 -0.012000 0.093068
867 0.008000 0.092970
868 0.018000 0.092884
869 -0.022000 0.092752
870 0.004000 0.092650
871 0.012000 0.092557
872 0.024000 0.092479
873 0.006000 0.092380
874 -0.008000 0.092265
875 -0.020000 0.092137
876 -0.018000 0.092011
877 -0.026000 0.091877
878 -0.014000 0.091757
879 0.002000 0.091655
880 0.004000 0.091555
881 -0.024000 0.091424
882 -0.072000 0.091239
883 -0.044000 0.091086
884 0.000000 0.090983
885 0.012000 0.090894
886 0.018000 0.090812
887 0.026000 0.090739
888 0.038000 0.090679
889 0.018000 0.090598
890 -0.002000 0.090494
891 0.018000 0.090413
892 0.010000 0.090323
893 0.046000 0.090273
894 0.048000 0.090226
895 0.032000 0.090161
896 0.030000 0.090094
897 0.034000 0.090031
898 0.028000 0.089962
899 0.026000 0.089891
900 0.040000 0.089836
901 0.020000 0.089758
902 -0.022000 0.089635
903 0.006000 0.089542
904 0.010000 0.089454
905 -0.018000 0.089336
906 -0.024000 0.089211
907 0.002000 0.089115
908 0.006000 0.089023
909 0.030000 0.088958
910 0.050000 0.088915
911 0.056000 0.088879
912 0.022000 0.088806
913 0.050000 0.088764
914 0.034000 0.088704
915 0.034000 0.088644
916 0.026000 0.088576
917 -0.010000 0.088468
918 -0.042000 0.088326
919 -0.020000 0.088209
920 -0.004000 0.088109
921 -0.010000 0.088002
922 0.014000 0.087922
923 -0.014000 0.087812
924 -0.018000 0.087697
925 -0.032000 0.087568
926 0.008000 0.087482
927 0.002000 0.087390
928 -0.008000 0.087287
929 -0.014000 0.087178
930 -0.012000 0.087072
931 -0.014000 0.086964
932 -0.048000 0.086819
933 -0.026000 0.086698
934 0.036000 0.086644
935 0.000000 0.086551
936 -0.018000 0.086440
937 0.012000 0.086360
938 -0.006000 0.086262
939 -0.024000 0.086145
940 0.016000 0.086070
941 0.028000 0.086008
942 0.056000 0.085977
943 0.036000 0.085924
944 0.016000 0.085850
945 0.014000 0.085774
946 -0.002000 0.085681
947 -0.010000 0.085580
948 -0.012000 0.085477
949 -0.016000 0.085371
950 -0.022000 0.085258
951 0.020000 0.085189
952 0.000000 0.085100
953 0.016000 0.085027
954 0.008000 0.084947
955 0.016000 0.084874
956 0.030000 0.084817
957 0.036000 0.084766
958 0.030000 0.084709
959 0.028000 0.084650
960 0.022000 0.084585
961 0.006000 0.084503
962 0.012000 0.084428
963 0.000000 0.084340
964 0.008000 0.084261
965 0.040000 0.084215
966 0.038000 0.084168
967 -0.004000 0.084076
968 0.028000 0.084019
969 0.004000 0.083936
970 0.040000 0.083891
971 0.030000 0.083835
972 0.036000 0.083786
973 0.048000 0.083749
974 0.038000 0.083703
975 0.040000 0.083658
976 0.050000 0.083623
977 0.052000 0.083591
978 0.074000 0.083581
979 0.046000 0.083543
980 0.048000 0.083507
981 0.058000 0.083481
982 0.064000 0.083461
983 0.040000 0.083417
984 0.038000 0.083371
985 0.034000 0.083320
986 0.042000 0.083279
987 0.034000 0.083229
988 0.038000 0.083183
989 0.040000 0.083139
990 0.030000 0.083086
991 0.012000 0.083014
992 0.056000 0.082987
993 0.048000 0.082952
994 0.064000 0.082933
995 0.048000 0.082898
996 0.010000 0.082824
997 0.004000 0.082745
998 0.014000 0.082677
999 0.008000 0.082602
