0 1.000000 1.000000
1 0.976000 0.988000
2 0.938000 0.971333
3 0.904000 0.954500
4 0.880000 0.939600
5 0.874000 0.928667
6 0.886000 0.922571
7 0.882000 0.917500
8 0.890000 0.914444
9 0.860000 0.909000
10 0.892000 0.907455
11 0.858000 0.903333
12 0.860000 0.900000
13 0.852000 0.896571
14 0.856000 0.893867
15 0.840000 0.890500
16 0.830000 0.886941
17 0.838000 0.884222
18 0.810000 0.880316
19 0.814000 0.877000
20 0.822000 0.874381
21 0.834000 0.872545
22 0.840000 0.871130
23 0.842000 0.869917
24 0.842000 0.868800
25 0.824000 0.867077
26 0.832000 0.865778
27 0.810000 0.863786
28 0.832000 0.862690
29 0.826000 0.861467
30 0.822000 0.860194
31 0.804000 0.858437
32 0.770000 0.855758
33 0.784000 0.853647
34 0.800000 0.852114
35 0.778000 0.850056
36 0.796000 0.848595
37 0.794000 0.847158
38 0.774000 0.845282
39 0.788000 0.843850
40 0.780000 0.842293
41 0.784000 0.840905
42 0.794000 0.839814
43 0.798000 0.838864
44 0.806000 0.838133
45 0.824000 0.837826
46 0.826000 0.837574
47 0.816000 0.837125
48 0.778000 0.835918
49 0.808000 0.835360
50 0.792000 0.834510
51 0.802000 0.833885
52 0.768000 0.832642
53 0.778000 0.831630
54 0.782000 0.830727
55 0.786000 0.829929
56 0.784000 0.829123
57 0.794000 0.828517
58 0.774000 0.827593
59 0.782000 0.826833
60 0.798000 0.826361
61 0.778000 0.825581
62 0.772000 0.824730
63 0.800000 0.824344
64 0.778000 0.823631
65 0.788000 0.823091
66 0.776000 0.822388
67 0.776000 0.821706
68 0.770000 0.820957
69 0.758000 0.820057
70 0.792000 0.819662
71 0.796000 0.819333
72 0.790000 0.818932
73 0.802000 0.818703
74 0.810000 0.818587
75 0.796000 0.818289
76 0.782000 0.817818
77 0.788000 0.817436
78 0.762000 0.816734
79 0.764000 0.816075
80 0.752000 0.815284
81 0.752000 0.814512
82 0.744000 0.813663
83 0.762000 0.813048
84 0.754000 0.812353
85 0.742000 0.811535
86 0.738000 0.810690
87 0.756000 0.810068
88 0.756000 0.809461
89 0.772000 0.809044
90 0.778000 0.808703
91 0.766000 0.808239
92 0.782000 0.807957
93 0.776000 0.807617
94 0.776000 0.807284
95 0.772000 0.806917
96 0.792000 0.806763
97 0.772000 0.806408
98 0.776000 0.806101
99 0.758000 0.805620
100 0.756000 0.805129
101 0.776000 0.804843
102 0.744000 0.804252
103 0.756000 0.803788
104 0.740000 0.803181
105 0.746000 0.802642
106 0.736000 0.802019
107 0.752000 0.801556
108 0.740000 0.800991
109 0.748000 0.800509
110 0.758000 0.800126
111 0.744000 0.799625
112 0.736000 0.799062
113 0.728000 0.798439
114 0.756000 0.798070
115 0.744000 0.797603
116 0.738000 0.797094
117 0.740000 0.796610
118 0.756000 0.796269
119 0.764000 0.796000
120 0.740000 0.795537
121 0.744000 0.795115
122 0.766000 0.794878
123 0.758000 0.794581
124 0.760000 0.794304
125 0.776000 0.794159
126 0.744000 0.793764
127 0.776000 0.793625
128 0.778000 0.793504
129 0.790000 0.793477
130 0.748000 0.793130
131 0.780000 0.793030
132 0.768000 0.792842
133 0.754000 0.792552
134 0.742000 0.792178
135 0.748000 0.791853
136 0.766000 0.791664
137 0.732000 0.791232
138 0.776000 0.791122
139 0.776000 0.791014
140 0.760000 0.790794
141 0.752000 0.790521
142 0.748000 0.790224
143 0.752000 0.789958
144 0.776000 0.789862
145 0.762000 0.789671
146 0.756000 0.789442
147 0.768000 0.789297
148 0.768000 0.789154
149 0.766000 0.789000
150 0.730000 0.788609
151 0.732000 0.788237
152 0.708000 0.787712
153 0.720000 0.787273
154 0.708000 0.786761
155 0.724000 0.786359
156 0.714000 0.785898
157 0.730000 0.785544
158 0.712000 0.785082
159 0.738000 0.784787
160 0.736000 0.784484
161 0.742000 0.784222
162 0.736000 0.783926
163 0.744000 0.783683
164 0.732000 0.783370
165 0.724000 0.783012
166 0.762000 0.782886
167 0.728000 0.782560
168 0.744000 0.782331
169 0.732000 0.782035
170 0.704000 0.781579
171 0.744000 0.781360
172 0.738000 0.781110
173 0.732000 0.780828
174 0.728000 0.780526
175 0.750000 0.780352
176 0.722000 0.780023
177 0.714000 0.779652
178 0.700000 0.779207
179 0.738000 0.778978
180 0.770000 0.778928
181 0.780000 0.778934
182 0.746000 0.778754
183 0.736000 0.778522
184 0.724000 0.778227
185 0.724000 0.777935
186 0.740000 0.777733
187 0.736000 0.777511
188 0.732000 0.777270
189 0.728000 0.777011
190 0.706000 0.776639
191 0.698000 0.776229
192 0.726000 0.775969
193 0.744000 0.775804
194 0.676000 0.775292
195 0.710000 0.774959
196 0.740000 0.774782
197 0.726000 0.774535
198 0.690000 0.774111
199 0.694000 0.773710
200 0.718000 0.773433
201 0.694000 0.773040
202 0.670000 0.772532
203 0.736000 0.772353
204 0.728000 0.772137
205 0.726000 0.771913
206 0.718000 0.771652
207 0.722000 0.771413
208 0.708000 0.771110
209 0.726000 0.770895
210 0.712000 0.770616
211 0.728000 0.770415
212 0.746000 0.770300
213 0.732000 0.770121
214 0.716000 0.769870
215 0.738000 0.769722
216 0.720000 0.769493
217 0.734000 0.769330
218 0.760000 0.769288
219 0.760000 0.769245
220 0.728000 0.769059
221 0.714000 0.768811
222 0.696000 0.768484
223 0.718000 0.768259
224 0.728000 0.768080
225 0.710000 0.767823
226 0.708000 0.767559
227 0.720000 0.767351
228 0.734000 0.767205
229 0.714000 0.766974
230 0.728000 0.766805
231 0.752000 0.766741
232 0.736000 0.766609
233 0.738000 0.766487
234 0.686000 0.766145
235 0.706000 0.765890
236 0.742000 0.765789
237 0.732000 0.765647
238 0.716000 0.765439
239 0.718000 0.765242
240 0.722000 0.765062
241 0.714000 0.764851
242 0.698000 0.764576
243 0.696000 0.764295
244 0.690000 0.763992
245 0.692000 0.763699
246 0.696000 0.763425
247 0.692000 0.763137
248 0.724000 0.762980
249 0.738000 0.762880
250 0.740000 0.762789
251 0.728000 0.762651
252 0.738000 0.762553
253 0.710000 0.762346
254 0.736000 0.762243
255 0.768000 0.762266
256 0.764000 0.762272
257 0.730000 0.762147
258 0.764000 0.762154
259 0.736000 0.762054
260 0.734000 0.761946
261 0.732000 0.761832
262 0.720000 0.761673
263 0.718000 0.761508
264 0.728000 0.761381
265 0.724000 0.761241
266 0.724000 0.761101
267 0.728000 0.760978
268 0.710000 0.760788
269 0.716000 0.760622
270 0.728000 0.760502
271 0.716000 0.760338
272 0.724000 0.760205
273 0.736000 0.760117
274 0.734000 0.760022
275 0.710000 0.759841
276 0.736000 0.759755
277 0.728000 0.759640
278 0.710000 0.759462
279 0.706000 0.759271
280 0.710000 0.759096
281 0.736000 0.759014
282 0.708000 0.758834
283 0.704000 0.758641
284 0.694000 0.758414
285 0.702000 0.758217
286 0.728000 0.758111
287 0.718000 0.757972
288 0.736000 0.757896
289 0.720000 0.757766
290 0.730000 0.757670
291 0.698000 0.757466
292 0.708000 0.757297
293 0.736000 0.757224
294 0.746000 0.757186
295 0.720000 0.757061
296 0.708000 0.756896
297 0.716000 0.756758
298 0.716000 0.756622
299 0.730000 0.756533
300 0.720000 0.756412
301 0.680000 0.756159
302 0.708000 0.756000
303 0.730000 0.755914
304 0.740000 0.755862
305 0.706000 0.755699
306 0.702000 0.755524
307 0.684000 0.755292
308 0.728000 0.755204
309 0.710000 0.755058
310 0.696000 0.754868
311 0.720000 0.754756
312 0.684000 0.754530
313 0.670000 0.754261
314 0.676000 0.754013
315 0.668000 0.753741
316 0.696000 0.753558
317 0.702000 0.753396
318 0.710000 0.753260
319 0.712000 0.753131
320 0.722000 0.753034
321 0.674000 0.752789
322 0.678000 0.752557
323 0.714000 0.752438
324 0.716000 0.752326
325 0.690000 0.752135
326 0.706000 0.751994
327 0.676000 0.751762
328 0.658000 0.751477
329 0.644000 0.751152
330 0.674000 0.750918
331 0.690000 0.750735
332 0.690000 0.750553
333 0.686000 0.750359
334 0.676000 0.750137
335 0.684000 0.749940
336 0.700000 0.749792
337 0.706000 0.749663
338 0.708000 0.749540
339 0.728000 0.749476
340 0.714000 0.749372
341 0.714000 0.749269
342 0.702000 0.749131
343 0.704000 0.749000
344 0.706000 0.748875
345 0.700000 0.748734
346 0.702000 0.748599
347 0.704000 0.748471
348 0.716000 0.748378
349 0.702000 0.748246
350 0.730000 0.748194
351 0.702000 0.748062
352 0.722000 0.747989
353 0.734000 0.747949
354 0.730000 0.747899
355 0.712000 0.747798
356 0.698000 0.747658
357 0.694000 0.747508
358 0.720000 0.747432
359 0.716000 0.747344
360 0.692000 0.747191
361 0.738000 0.747166
362 0.704000 0.747047
363 0.700000 0.746918
364 0.680000 0.746734
365 0.694000 0.746590
366 0.680000 0.746409
367 0.694000 0.746266
368 0.718000 0.746190
369 0.712000 0.746097
370 0.742000 0.746086
371 0.728000 0.746038
372 0.724000 0.745979
373 0.716000 0.745898
374 0.726000 0.745845
375 0.726000 0.745793
376 0.688000 0.745639
377 0.700000 0.745519
378 0.698000 0.745393
379 0.686000 0.745237
380 0.672000 0.745045
381 0.704000 0.744937
382 0.690000 0.744794
383 0.700000 0.744677
384 0.678000 0.744504
385 0.672000 0.744316
386 0.688000 0.744171
387 0.688000 0.744026
388 0.688000 0.743882
389 0.670000 0.743692
390 0.694000 0.743565
391 0.702000 0.743459
392 0.700000 0.743349
393 0.700000 0.743239
394 0.686000 0.743094
395 0.690000 0.742960
396 0.696000 0.742841
397 0.698000 0.742729
398 0.702000 0.742627
399 0.696000 0.742510
400 0.694000 0.742389
401 0.690000 0.742259
402 0.708000 0.742174
403 0.702000 0.742074
404 0.698000 0.741965
405 0.678000 0.741808
406 0.688000 0.741676
407 0.680000 0.741525
408 0.666000 0.741340
409 0.638000 0.741088
410 0.656000 0.740881
411 0.644000 0.740646
412 0.632000 0.740383
413 0.676000 0.740227
414 0.670000 0.740058
415 0.694000 0.739947
416 0.694000 0.739837
417 0.672000 0.739675
418 0.680000 0.739532
419 0.682000 0.739395
420 0.696000 0.739292
421 0.696000 0.739190
422 0.682000 0.739054
423 0.668000 0.738887
424 0.688000 0.738767
425 0.682000 0.738634
426 0.670000 0.738473
427 0.660000 0.738290
428 0.678000 0.738149
429 0.638000 0.737916
430 0.640000 0.737689
431 0.664000 0.737519
432 0.670000 0.737363
433 0.638000 0.737134
434 0.640000 0.736910
435 0.650000 0.736711
436 0.650000 0.736513
437 0.654000 0.736324
438 0.654000 0.736137
439 0.654000 0.735950
440 0.634000 0.735719
441 0.650000 0.735525
442 0.646000 0.735323
443 0.632000 0.735090
444 0.624000 0.734840
445 0.650000 0.734650
446 0.638000 0.734434
447 0.662000 0.734272
448 0.662000 0.734111
449 0.658000 0.733942
450 0.668000 0.733796
451 0.676000 0.733668
452 0.660000 0.733506
453 0.696000 0.733423
454 0.692000 0.733332
455 0.702000 0.733263
456 0.710000 0.733212
457 0.694000 0.733127
458 0.662000 0.732972
459 0.684000 0.732865
460 0.692000 0.732777
461 0.688000 0.732680
462 0.648000 0.732497
463 0.656000 0.732332
464 0.684000 0.732228
465 0.684000 0.732124
466 0.688000 0.732030
467 0.696000 0.731953
468 0.708000 0.731902
469 0.678000 0.731787
470 0.638000 0.731588
471 0.656000 0.731428
472 0.644000 0.731243
473 0.642000 0.731055
474 0.674000 0.730935
475 0.684000 0.730836
476 0.680000 0.730730
477 0.688000 0.730640
478 0.670000 0.730514
479 0.666000 0.730379
480 0.670000 0.730254
481 0.668000 0.730124
482 0.674000 0.730008
483 0.668000 0.729880
484 0.660000 0.729736
485 0.676000 0.729626
486 0.672000 0.729507
487 0.686000 0.729418
488 0.684000 0.729325
489 0.666000 0.729196
490 0.684000 0.729104
491 0.686000 0.729016
492 0.694000 0.728945
493 0.704000 0.728895
494 0.700000 0.728836
495 0.682000 0.728742
496 0.666000 0.728616
497 0.656000 0.728470
498 0.662000 0.728337
499 0.666000 0.728212
500 0.688000 0.728132
501 0.690000 0.728056
502 0.698000 0.727996
503 0.676000 0.727893
504 0.664000 0.727766
505 0.654000 0.727621
506 0.644000 0.727456
507 0.652000 0.727307
508 0.648000 0.727151
509 0.644000 0.726988
510 0.680000 0.726896
511 0.702000 0.726848
512 0.694000 0.726784
513 0.690000 0.726712
514 0.658000 0.726579
515 0.656000 0.726442
516 0.666000 0.726325
517 0.632000 0.726143
518 0.648000 0.725992
519 0.664000 0.725873
520 0.670000 0.725766
521 0.644000 0.725609
522 0.650000 0.725465
523 0.654000 0.725328
524 0.656000 0.725196
525 0.650000 0.725053
526 0.688000 0.724983
527 0.698000 0.724932
528 0.666000 0.724820
529 0.660000 0.724698
530 0.646000 0.724550
531 0.650000 0.724410
532 0.678000 0.724323
533 0.666000 0.724213
534 0.658000 0.724090
535 0.660000 0.723970
536 0.672000 0.723873
537 0.700000 0.723829
538 0.684000 0.723755
539 0.698000 0.723707
540 0.702000 0.723667
541 0.660000 0.723550
542 0.640000 0.723396
543 0.640000 0.723243
544 0.656000 0.723119
545 0.646000 0.722978
546 0.664000 0.722870
547 0.662000 0.722759
548 0.662000 0.722648
549 0.672000 0.722556
550 0.660000 0.722443
551 0.652000 0.722315
552 0.644000 0.722174
553 0.624000 0.721996
554 0.652000 0.721870
555 0.650000 0.721741
556 0.648000 0.721609
557 0.654000 0.721487
558 0.684000 0.721420
559 0.670000 0.721329
560 0.652000 0.721205
561 0.674000 0.721121
562 0.672000 0.721034
563 0.662000 0.720929
564 0.670000 0.720839
565 0.640000 0.720696
566 0.646000 0.720564
567 0.650000 0.720440
568 0.642000 0.720302
569 0.642000 0.720165
570 0.666000 0.720070
571 0.660000 0.719965
572 0.672000 0.719881
573 0.674000 0.719801
574 0.686000 0.719743
575 0.686000 0.719684
576 0.660000 0.719581
577 0.672000 0.719498
578 0.700000 0.719465
579 0.696000 0.719424
580 0.664000 0.719329
581 0.686000 0.719271
582 0.684000 0.719211
583 0.662000 0.719113
584 0.678000 0.719043
585 0.690000 0.718993
586 0.686000 0.718937
587 0.674000 0.718861
588 0.672000 0.718781
589 0.686000 0.718725
590 0.664000 0.718633
591 0.660000 0.718534
592 0.670000 0.718452
593 0.664000 0.718360
594 0.660000 0.718262
595 0.652000 0.718151
596 0.648000 0.718034
597 0.660000 0.717936
598 0.666000 0.717850
599 0.692000 0.717807
600 0.672000 0.717730
601 0.672000 0.717654
602 0.674000 0.717582
603 0.654000 0.717477
604 0.672000 0.717402
605 0.662000 0.717310
606 0.670000 0.717232
607 0.664000 0.717145
608 0.646000 0.717028
609 0.676000 0.716961
610 0.674000 0.716890
611 0.646000 0.716775
612 0.672000 0.716701
613 0.690000 0.716658
614 0.672000 0.716585
615 0.684000 0.716532
616 0.686000 0.716483
617 0.646000 0.716369
618 0.646000 0.716255
619 0.652000 0.716152
620 0.642000 0.716032
621 0.622000 0.715881
622 0.612000 0.715714
623 0.640000 0.715593
624 0.648000 0.715485
625 0.650000 0.715380
626 0.630000 0.715244
627 0.616000 0.715086
628 0.632000 0.714954
629 0.664000 0.714873
630 0.658000 0.714783
631 0.652000 0.714684
632 0.628000 0.714547
633 0.644000 0.714435
634 0.686000 0.714391
635 0.668000 0.714318
636 0.652000 0.714220
637 0.654000 0.714125
638 0.652000 0.714028
639 0.644000 0.713919
640 0.640000 0.713803
641 0.646000 0.713698
642 0.648000 0.713596
643 0.646000 0.713491
644 0.632000 0.713364
645 0.636000 0.713245
646 0.652000 0.713150
647 0.650000 0.713052
648 0.662000 0.712974
649 0.662000 0.712895
650 0.650000 0.712799
651 0.664000 0.712724
652 0.662000 0.712646
653 0.660000 0.712566
654 0.636000 0.712449
655 0.630000 0.712323
656 0.644000 0.712219
657 0.642000 0.712112
658 0.648000 0.712015
659 0.618000 0.711873
660 0.626000 0.711743
661 0.618000 0.711601
662 0.628000 0.711475
663 0.616000 0.711331
664 0.632000 0.711212
665 0.632000 0.711093
666 0.614000 0.710948
667 0.610000 0.710796
668 0.620000 0.710661
669 0.622000 0.710528
670 0.636000 0.710417
671 0.626000 0.710292
672 0.652000 0.710205
673 0.650000 0.710116
674 0.676000 0.710065
675 0.656000 0.709985
676 0.636000 0.709876
677 0.622000 0.709746
678 0.660000 0.709673
679 0.668000 0.709612
680 0.672000 0.709557
681 0.658000 0.709481
682 0.620000 0.709350
683 0.650000 0.709263
684 0.650000 0.709177
685 0.650000 0.709090
686 0.672000 0.709036
687 0.660000 0.708965
688 0.658000 0.708891
689 0.638000 0.708788
690 0.638000 0.708686
691 0.660000 0.708616
692 0.636000 0.708511
693 0.636000 0.708406
694 0.606000 0.708259
695 0.620000 0.708132
696 0.608000 0.707989
697 0.604000 0.707840
698 0.626000 0.707722
699 0.630000 0.707611
700 0.646000 0.707524
701 0.626000 0.707407
702 0.608000 0.707266
703 0.618000 0.707139
704 0.630000 0.707030
705 0.644000 0.706941
706 0.626000 0.706826
707 0.638000 0.706729
708 0.622000 0.706609
709 0.620000 0.706487
710 0.660000 0.706422
711 0.650000 0.706343
712 0.652000 0.706266
713 0.630000 0.706160
714 0.616000 0.706034
715 0.618000 0.705911
716 0.606000 0.705771
717 0.610000 0.705638
718 0.652000 0.705563
719 0.640000 0.705472
720 0.618000 0.705351
721 0.626000 0.705241
722 0.642000 0.705154
723 0.634000 0.705055
724 0.632000 0.704954
725 0.612000 0.704826
726 0.638000 0.704735
727 0.650000 0.704659
728 0.638000 0.704568
729 0.634000 0.704471
730 0.644000 0.704389
731 0.640000 0.704301
732 0.626000 0.704194
733 0.636000 0.704101
734 0.640000 0.704014
735 0.624000 0.703905
736 0.630000 0.703805
737 0.606000 0.703672
738 0.578000 0.703502
739 0.610000 0.703376
740 0.608000 0.703247
741 0.662000 0.703191
742 0.628000 0.703090
743 0.632000 0.702995
744 0.652000 0.702926
745 0.642000 0.702845
746 0.654000 0.702779
747 0.672000 0.702738
748 0.652000 0.702670
749 0.634000 0.702579
750 0.640000 0.702495
751 0.608000 0.702370
752 0.610000 0.702247
753 0.594000 0.702103
754 0.622000 0.701997
755 0.618000 0.701886
756 0.606000 0.701760
757 0.640000 0.701678
758 0.628000 0.701581
759 0.616000 0.701468
760 0.640000 0.701388
761 0.654000 0.701325
762 0.606000 0.701201
763 0.612000 0.701084
764 0.650000 0.701017
765 0.648000 0.700948
766 0.660000 0.700894
767 0.622000 0.700792
768 0.636000 0.700707
769 0.630000 0.700616
770 0.618000 0.700508
771 0.610000 0.700391
772 0.620000 0.700287
773 0.634000 0.700202
774 0.640000 0.700124
775 0.626000 0.700028
776 0.614000 0.699918
777 0.602000 0.699792
778 0.616000 0.699684
779 0.606000 0.699564
780 0.626000 0.699470
781 0.644000 0.699399
782 0.628000 0.699308
783 0.612000 0.699196
784 0.612000 0.699085
785 0.632000 0.699000
786 0.644000 0.698930
787 0.636000 0.698850
788 0.636000 0.698771
789 0.628000 0.698681
790 0.636000 0.698602
791 0.620000 0.698503
792 0.622000 0.698406
793 0.656000 0.698353
794 0.604000 0.698234
795 0.644000 0.698166
796 0.600000 0.698043
797 0.650000 0.697982
798 0.642000 0.697912
799 0.630000 0.697827
800 0.634000 0.697748
801 0.606000 0.697633
802 0.638000 0.697559
803 0.614000 0.697455
804 0.624000 0.697364
805 0.596000 0.697238
806 0.612000 0.697133
807 0.610000 0.697025
808 0.608000 0.696915
809 0.610000 0.696807
810 0.610000 0.696700
811 0.594000 0.696574
812 0.628000 0.696490
813 0.638000 0.696418
814 0.642000 0.696351
815 0.630000 0.696270
816 0.634000 0.696193
817 0.624000 0.696105
818 0.614000 0.696005
819 0.626000 0.695920
820 0.612000 0.695817
821 0.582000 0.695679
822 0.624000 0.695592
823 0.628000 0.695510
824 0.638000 0.695440
825 0.634000 0.695366
826 0.620000 0.695274
827 0.632000 0.695198
828 0.630000 0.695119
829 0.604000 0.695010
830 0.598000 0.694893
831 0.584000 0.694760
832 0.652000 0.694708
833 0.626000 0.694626
834 0.622000 0.694539
835 0.600000 0.694426
836 0.588000 0.694299
837 0.602000 0.694189
838 0.630000 0.694112
839 0.646000 0.694055
840 0.584000 0.693924
841 0.614000 0.693829
842 0.588000 0.693703
843 0.612000 0.693607
844 0.612000 0.693510
845 0.604000 0.693404
846 0.606000 0.693301
847 0.614000 0.693208
848 0.606000 0.693105
849 0.592000 0.692986
850 0.626000 0.692907
851 0.628000 0.692831
852 0.634000 0.692762
853 0.594000 0.692646
854 0.600000 0.692538
855 0.602000 0.692432
856 0.610000 0.692336
857 0.596000 0.692224
858 0.572000 0.692084
859 0.578000 0.691951
860 0.616000 0.691863
861 0.580000 0.691733
862 0.610000 0.691638
863 0.624000 0.691560
864 0.630000 0.691489
865 0.636000 0.691425
866 0.636000 0.691361
867 0.650000 0.691313
868 0.640000 0.691254
869 0.636000 0.691191
870 0.628000 0.691118
871 0.608000 0.691023
872 0.626000 0.690948
873 0.616000 0.690863
874 0.636000 0.690800
875 0.654000 0.690758
876 0.654000 0.690716
877 0.638000 0.690656
878 0.632000 0.690589
879 0.622000 0.690511
880 0.620000 0.690431
881 0.606000 0.690336
882 0.626000 0.690263
883 0.598000 0.690158
884 0.620000 0.690079
885 0.596000 0.689973
886 0.616000 0.689890
887 0.628000 0.689820
888 0.602000 0.689721
889 0.608000 0.689629
890 0.624000 0.689556
891 0.624000 0.689482
892 0.620000 0.689404
893 0.622000 0.689329
894 0.624000 0.689256
895 0.612000 0.689170
896 0.644000 0.689119
897 0.636000 0.689060
898 0.618000 0.688981
899 0.628000 0.688913
900 0.616000 0.688832
901 0.630000 0.688767
902 0.624000 0.688695
903 0.622000 0.688622
904 0.652000 0.688581
905 0.660000 0.688550
906 0.644000 0.688501
907 0.620000 0.688425
908 0.608000 0.688337
909 0.620000 0.688262
910 0.640000 0.688209
911 0.682000 0.688202
912 0.636000 0.688145
913 0.626000 0.688077
914 0.614000 0.687996
915 0.596000 0.687895
916 0.594000 0.687793
917 0.580000 0.687675
918 0.582000 0.687560
919 0.614000 0.687480
920 0.624000 0.687412
921 0.644000 0.687364
922 0.594000 0.687263
923 0.602000 0.687171
924 0.592000 0.687068
925 0.574000 0.686946
926 0.596000 0.686848
927 0.594000 0.686748
928 0.584000 0.686637
929 0.594000 0.686538
930 0.612000 0.686458
931 0.628000 0.686395
932 0.624000 0.686328
933 0.602000 0.686238
934 0.602000 0.686148
935 0.616000 0.686073
936 0.580000 0.685959
937 0.612000 0.685881
938 0.608000 0.685798
939 0.610000 0.685717
940 0.618000 0.685645
941 0.622000 0.685577
942 0.606000 0.685493
943 0.596000 0.685398
944 0.584000 0.685291
945 0.598000 0.685199
946 0.614000 0.685124
947 0.604000 0.685038
948 0.592000 0.684940
949 0.608000 0.684859
950 0.628000 0.684799
951 0.606000 0.684716
952 0.612000 0.684640
953 0.602000 0.684553
954 0.616000 0.684482
955 0.580000 0.684372
956 0.572000 0.684255
957 0.602000 0.684169
958 0.590000 0.684071
959 0.574000 0.683956
960 0.584000 0.683852
961 0.610000 0.683775
962 0.604000 0.683693
963 0.582000 0.683587
964 0.582000 0.683482
965 0.564000 0.683358
966 0.590000 0.683262
967 0.594000 0.683169
968 0.578000 0.683061
969 0.572000 0.682946
970 0.588000 0.682849
971 0.578000 0.682741
972 0.606000 0.682662
973 0.600000 0.682577
974 0.576000 0.682468
975 0.600000 0.682383
976 0.586000 0.682285
977 0.592000 0.682192
978 0.600000 0.682108
979 0.610000 0.682035
980 0.592000 0.681943
981 0.606000 0.681866
982 0.606000 0.681788
983 0.568000 0.681673
984 0.546000 0.681535
985 0.586000 0.681438
986 0.604000 0.681360
987 0.606000 0.681283
988 0.622000 0.681223
989 0.642000 0.681184
990 0.628000 0.681130
991 0.618000 0.681067
992 0.596000 0.680981
993 0.598000 0.680897
994 0.618000 0.680834
995 0.638000 0.680791
996 0.600000 0.680710
997 0.582000 0.680611
998 0.610000 0.680541
999 0.580000 0.680440
