0 1.000000 1.000000
1 0.986000 0.993000
2 0.974000 0.986667
3 0.968000 0.982000
4 0.946000 0.974800
5 0.962000 0.972667
6 0.964000 0.971429
7 0.960000 0.970000
8 0.962000 0.969111
9 0.952000 0.967400
10 0.960000 0.966727
11 0.952000 0.965500
12 0.960000 0.965077
13 0.948000 0.963857
14 0.948000 0.962800
15 0.928000 0.960625
16 0.940000 0.959412
17 0.936000 0.958111
18 0.942000 0.957263
19 0.942000 0.956500
20 0.940000 0.955714
21 0.932000 0.954636
22 0.940000 0.954000
23 0.940000 0.953417
24 0.950000 0.953280
25 0.942000 0.952846
26 0.942000 0.952444
27 0.946000 0.952214
28 0.948000 0.952069
29 0.946000 0.951867
30 0.940000 0.951484
31 0.936000 0.951000
32 0.942000 0.950727
33 0.952000 0.950765
34 0.950000 0.950743
35 0.930000 0.950167
36 0.940000 0.949892
37 0.928000 0.949316
38 0.932000 0.948872
39 0.938000 0.948600
40 0.912000 0.947707
41 0.928000 0.947238
42 0.930000 0.946837
43 0.940000 0.946682
44 0.954000 0.946844
45 0.946000 0.946826
46 0.950000 0.946894
47 0.936000 0.946667
48 0.936000 0.946449
49 0.954000 0.946600
50 0.946000 0.946588
51 0.952000 0.946692
52 0.948000 0.946717
53 0.940000 0.946593
54 0.942000 0.946509
55 0.946000 0.946500
56 0.950000 0.946561
57 0.948000 0.946586
58 0.928000 0.946271
59 0.940000 0.946167
60 0.930000 0.945902
61 0.932000 0.945677
62 0.918000 0.945238
63 0.936000 0.945094
64 0.942000 0.945046
65 0.948000 0.945091
66 0.940000 0.945015
67 0.944000 0.945000
68 0.958000 0.945188
69 0.940000 0.945114
70 0.952000 0.945211
71 0.952000 0.945306
72 0.936000 0.945178
73 0.936000 0.945054
74 0.952000 0.945147
75 0.948000 0.945184
76 0.948000 0.945221
77 0.956000 0.945359
78 0.956000 0.945494
79 0.932000 0.945325
80 0.950000 0.945383
81 0.936000 0.945268
82 0.936000 0.945157
83 0.936000 0.945048
84 0.934000 0.944918
85 0.922000 0.944651
86 0.926000 0.944437
87 0.934000 0.944318
88 0.924000 0.944090
89 0.940000 0.944044
90 0.954000 0.944154
91 0.930000 0.944000
92 0.924000 0.943785
93 0.932000 0.943660
94 0.962000 0.943853
95 0.946000 0.943875
96 0.940000 0.943835
97 0.938000 0.943776
98 0.934000 0.943677
99 0.944000 0.943680
100 0.934000 0.943584
101 0.940000 0.943549
102 0.944000 0.943553
103 0.938000 0.943500
104 0.950000 0.943562
105 0.932000 0.943453
106 0.936000 0.943383
107 0.948000 0.943426
108 0.962000 0.943596
109 0.954000 0.943691
110 0.962000 0.943856
111 0.956000 0.943964
112 0.962000 0.944124
113 0.972000 0.944368
114 0.944000 0.944365
115 0.946000 0.944379
116 0.950000 0.944427
117 0.954000 0.944508
118 0.968000 0.944706
119 0.956000 0.944800
120 0.940000 0.944760
121 0.938000 0.944705
122 0.944000 0.944699
123 0.950000 0.944742
124 0.946000 0.944752
125 0.950000 0.944794
126 0.950000 0.944835
127 0.942000 0.944813
128 0.950000 0.944853
129 0.958000 0.944954
130 0.934000 0.944870
131 0.948000 0.944894
132 0.940000 0.944857
133 0.940000 0.944821
134 0.948000 0.944844
135 0.936000 0.944779
136 0.958000 0.944876
137 0.954000 0.944942
138 0.962000 0.945065
139 0.964000 0.945200
140 0.956000 0.945277
141 0.956000 0.945352
142 0.954000 0.945413
143 0.946000 0.945417
144 0.946000 0.945421
145 0.942000 0.945397
146 0.962000 0.945510
147 0.964000 0.945635
148 0.968000 0.945785
149 0.968000 0.945933
150 0.942000 0.945907
151 0.948000 0.945921
152 0.944000 0.945908
153 0.958000 0.945987
154 0.940000 0.945948
155 0.956000 0.946013
156 0.934000 0.945936
157 0.930000 0.945835
158 0.922000 0.945686
159 0.932000 0.945600
160 0.942000 0.945578
161 0.952000 0.945617
162 0.942000 0.945595
163 0.942000 0.945573
164 0.942000 0.945552
165 0.944000 0.945542
166 0.956000 0.945605
167 0.954000 0.945655
168 0.952000 0.945692
169 0.946000 0.945694
170 0.942000 0.945673
171 0.936000 0.945616
172 0.938000 0.945572
173 0.950000 0.945598
174 0.954000 0.945646
175 0.950000 0.945670
176 0.956000 0.945729
177 0.940000 0.945697
178 0.940000 0.945665
179 0.960000 0.945744
180 0.968000 0.945867
181 0.960000 0.945945
182 0.962000 0.946033
183 0.950000 0.946054
184 0.952000 0.946086
185 0.960000 0.946161
186 0.958000 0.946225
187 0.950000 0.946245
188 0.938000 0.946201
189 0.952000 0.946232
190 0.938000 0.946188
191 0.940000 0.946156
192 0.936000 0.946104
193 0.962000 0.946186
194 0.934000 0.946123
195 0.942000 0.946102
196 0.956000 0.946152
197 0.954000 0.946192
198 0.938000 0.946151
199 0.936000 0.946100
200 0.952000 0.946129
201 0.940000 0.946099
202 0.948000 0.946108
203 0.954000 0.946147
204 0.952000 0.946176
205 0.950000 0.946194
206 0.938000 0.946155
207 0.950000 0.946173
208 0.944000 0.946163
209 0.958000 0.946219
210 0.938000 0.946180
211 0.940000 0.946151
212 0.952000 0.946178
213 0.936000 0.946131
214 0.948000 0.946140
215 0.964000 0.946222
216 0.958000 0.946276
217 0.962000 0.946349
218 0.956000 0.946393
219 0.958000 0.946445
220 0.948000 0.946452
221 0.946000 0.946450
222 0.946000 0.946448
223 0.944000 0.946438
224 0.952000 0.946462
225 0.954000 0.946496
226 0.944000 0.946485
227 0.942000 0.946465
228 0.930000 0.946393
229 0.938000 0.946357
230 0.944000 0.946346
231 0.952000 0.946371
232 0.952000 0.946395
233 0.946000 0.946393
234 0.932000 0.946332
235 0.948000 0.946339
236 0.958000 0.946388
237 0.946000 0.946387
238 0.948000 0.946393
239 0.942000 0.946375
240 0.940000 0.946349
241 0.948000 0.946355
242 0.946000 0.946354
243 0.952000 0.946377
244 0.924000 0.946286
245 0.924000 0.946195
246 0.932000 0.946138
247 0.948000 0.946145
248 0.940000 0.946120
249 0.930000 0.946056
250 0.942000 0.946040
251 0.940000 0.946016
252 0.956000 0.946055
253 0.952000 0.946079
254 0.944000 0.946071
255 0.952000 0.946094
256 0.940000 0.946070
257 0.930000 0.946008
258 0.950000 0.946023
259 0.950000 0.946038
260 0.948000 0.946046
261 0.956000 0.946084
262 0.956000 0.946122
263 0.936000 0.946083
264 0.940000 0.946060
265 0.948000 0.946068
266 0.958000 0.946112
267 0.968000 0.946194
268 0.954000 0.946223
269 0.944000 0.946215
270 0.940000 0.946192
271 0.936000 0.946154
272 0.956000 0.946190
273 0.958000 0.946234
274 0.956000 0.946269
275 0.948000 0.946275
276 0.948000 0.946282
277 0.944000 0.946273
278 0.956000 0.946308
279 0.938000 0.946279
280 0.954000 0.946306
281 0.942000 0.946291
282 0.946000 0.946290
283 0.938000 0.946261
284 0.934000 0.946218
285 0.928000 0.946154
286 0.950000 0.946167
287 0.926000 0.946097
288 0.930000 0.946042
289 0.940000 0.946021
290 0.936000 0.945986
291 0.940000 0.945966
292 0.940000 0.945945
293 0.950000 0.945959
294 0.950000 0.945973
295 0.952000 0.945993
296 0.938000 0.945966
297 0.962000 0.946020
298 0.958000 0.946060
299 0.958000 0.946100
300 0.944000 0.946093
301 0.948000 0.946099
302 0.938000 0.946073
303 0.952000 0.946092
304 0.950000 0.946105
305 0.956000 0.946137
306 0.950000 0.946150
307 0.960000 0.946195
308 0.964000 0.946252
309 0.970000 0.946329
310 0.952000 0.946347
311 0.942000 0.946333
312 0.950000 0.946345
313 0.950000 0.946357
314 0.948000 0.946362
315 0.944000 0.946354
316 0.948000 0.946360
317 0.928000 0.946302
318 0.942000 0.946288
319 0.940000 0.946269
320 0.960000 0.946312
321 0.938000 0.946286
322 0.942000 0.946272
323 0.952000 0.946290
324 0.946000 0.946289
325 0.946000 0.946288
326 0.948000 0.946294
327 0.936000 0.946262
328 0.936000 0.946231
329 0.926000 0.946170
330 0.948000 0.946175
331 0.962000 0.946223
332 0.948000 0.946228
333 0.948000 0.946234
334 0.946000 0.946233
335 0.946000 0.946232
336 0.942000 0.946220
337 0.948000 0.946225
338 0.958000 0.946260
339 0.952000 0.946276
340 0.938000 0.946252
341 0.932000 0.946211
342 0.936000 0.946181
343 0.946000 0.946180
344 0.936000 0.946151
345 0.938000 0.946127
346 0.944000 0.946121
347 0.948000 0.946126
348 0.948000 0.946132
349 0.944000 0.946126
350 0.940000 0.946108
351 0.952000 0.946125
352 0.958000 0.946159
353 0.944000 0.946153
354 0.952000 0.946169
355 0.940000 0.946152
356 0.942000 0.946140
357 0.944000 0.946134
358 0.952000 0.946150
359 0.948000 0.946156
360 0.936000 0.946127
361 0.950000 0.946138
362 0.940000 0.946121
363 0.954000 0.946143
364 0.956000 0.946170
365 0.950000 0.946180
366 0.934000 0.946147
367 0.942000 0.946136
368 0.956000 0.946163
369 0.956000 0.946189
370 0.952000 0.946205
371 0.956000 0.946231
372 0.946000 0.946231
373 0.944000 0.946225
374 0.958000 0.946256
375 0.952000 0.946271
376 0.946000 0.946271
377 0.938000 0.946249
378 0.940000 0.946232
379 0.954000 0.946253
380 0.952000 0.946268
381 0.968000 0.946325
382 0.952000 0.946339
383 0.948000 0.946344
384 0.942000 0.946332
385 0.938000 0.946311
386 0.954000 0.946331
387 0.938000 0.946309
388 0.934000 0.946278
389 0.930000 0.946236
390 0.948000 0.946240
391 0.944000 0.946235
392 0.958000 0.946265
393 0.948000 0.946269
394 0.946000 0.946268
395 0.932000 0.946232
396 0.950000 0.946242
397 0.946000 0.946241
398 0.930000 0.946201
399 0.940000 0.946185
400 0.944000 0.946180
401 0.942000 0.946169
402 0.942000 0.946159
403 0.954000 0.946178
404 0.948000 0.946183
405 0.934000 0.946153
406 0.942000 0.946143
407 0.944000 0.946137
408 0.934000 0.946108
409 0.930000 0.946068
410 0.940000 0.946054
411 0.918000 0.945985
412 0.908000 0.945893
413 0.926000 0.945845
414 0.934000 0.945817
415 0.932000 0.945784
416 0.942000 0.945775
417 0.950000 0.945785
418 0.946000 0.945785
419 0.936000 0.945762
420 0.948000 0.945767
421 0.950000 0.945777
422 0.950000 0.945787
423 0.944000 0.945783
424 0.952000 0.945798
425 0.930000 0.945761
426 0.942000 0.945752
427 0.940000 0.945738
428 0.946000 0.945739
429 0.930000 0.945702
430 0.932000 0.945671
431 0.940000 0.945657
432 0.946000 0.945658
433 0.954000 0.945677
434 0.950000 0.945687
435 0.952000 0.945702
436 0.932000 0.945670
437 0.930000 0.945635
438 0.934000 0.945608
439 0.916000 0.945541
440 0.924000 0.945492
441 0.946000 0.945493
442 0.958000 0.945521
443 0.936000 0.945500
444 0.950000 0.945510
445 0.940000 0.945498
446 0.958000 0.945526
447 0.946000 0.945527
448 0.950000 0.945537
449 0.942000 0.945529
450 0.956000 0.945552
451 0.954000 0.945571
452 0.948000 0.945576
453 0.958000 0.945604
454 0.962000 0.945640
455 0.954000 0.945658
456 0.966000 0.945702
457 0.952000 0.945716
458 0.958000 0.945743
459 0.962000 0.945778
460 0.960000 0.945809
461 0.944000 0.945805
462 0.942000 0.945797
463 0.956000 0.945819
464 0.944000 0.945815
465 0.942000 0.945807
466 0.942000 0.945799
467 0.956000 0.945821
468 0.934000 0.945795
469 0.914000 0.945728
470 0.916000 0.945665
471 0.944000 0.945661
472 0.942000 0.945653
473 0.936000 0.945633
474 0.940000 0.945621
475 0.946000 0.945622
476 0.952000 0.945635
477 0.936000 0.945615
478 0.940000 0.945603
479 0.942000 0.945596
480 0.954000 0.945613
481 0.950000 0.945622
482 0.958000 0.945648
483 0.952000 0.945661
484 0.942000 0.945654
485 0.936000 0.945634
486 0.930000 0.945602
487 0.948000 0.945607
488 0.948000 0.945611
489 0.942000 0.945604
490 0.962000 0.945637
491 0.968000 0.945683
492 0.978000 0.945748
493 0.980000 0.945818
494 0.976000 0.945879
495 0.950000 0.945887
496 0.946000 0.945887
497 0.948000 0.945892
498 0.940000 0.945880
499 0.938000 0.945864
500 0.928000 0.945828
501 0.952000 0.945841
502 0.946000 0.945841
503 0.956000 0.945861
504 0.966000 0.945901
505 0.944000 0.945897
506 0.940000 0.945886
507 0.938000 0.945870
508 0.952000 0.945882
509 0.946000 0.945882
510 0.954000 0.945898
511 0.938000 0.945883
512 0.940000 0.945871
513 0.950000 0.945879
514 0.944000 0.945876
515 0.946000 0.945876
516 0.946000 0.945876
517 0.944000 0.945873
518 0.942000 0.945865
519 0.952000 0.945877
520 0.950000 0.945885
521 0.950000 0.945893
522 0.946000 0.945893
523 0.946000 0.945893
524 0.950000 0.945901
525 0.936000 0.945882
526 0.960000 0.945909
527 0.974000 0.945962
528 0.966000 0.946000
529 0.946000 0.946000
530 0.942000 0.945992
531 0.944000 0.945989
532 0.948000 0.945992
533 0.954000 0.946007
534 0.932000 0.945981
535 0.954000 0.945996
536 0.934000 0.945974
537 0.956000 0.945993
538 0.952000 0.946004
539 0.960000 0.946030
540 0.956000 0.946048
541 0.948000 0.946052
542 0.938000 0.946037
543 0.940000 0.946026
544 0.938000 0.946011
545 0.940000 0.946000
546 0.958000 0.946022
547 0.960000 0.946047
548 0.966000 0.946084
549 0.960000 0.946109
550 0.946000 0.946109
551 0.942000 0.946101
552 0.954000 0.946116
553 0.938000 0.946101
554 0.936000 0.946083
555 0.950000 0.946090
556 0.940000 0.946079
557 0.962000 0.946108
558 0.944000 0.946104
559 0.940000 0.946093
560 0.950000 0.946100
561 0.940000 0.946089
562 0.952000 0.946099
563 0.944000 0.946096
564 0.940000 0.946085
565 0.934000 0.946064
566 0.940000 0.946053
567 0.926000 0.946018
568 0.916000 0.945965
569 0.944000 0.945961
570 0.944000 0.945958
571 0.948000 0.945962
572 0.930000 0.945934
573 0.940000 0.945923
574 0.944000 0.945920
575 0.934000 0.945899
576 0.938000 0.945886
577 0.944000 0.945882
578 0.932000 0.945858
579 0.942000 0.945852
580 0.940000 0.945842
581 0.946000 0.945842
582 0.944000 0.945839
583 0.940000 0.945829
584 0.956000 0.945846
585 0.946000 0.945846
586 0.950000 0.945853
587 0.944000 0.945850
588 0.946000 0.945851
589 0.954000 0.945864
590 0.956000 0.945882
591 0.956000 0.945899
592 0.934000 0.945879
593 0.936000 0.945862
594 0.948000 0.945866
595 0.942000 0.945859
596 0.942000 0.945853
597 0.950000 0.945860
598 0.950000 0.945866
599 0.946000 0.945867
600 0.932000 0.945844
601 0.936000 0.945827
602 0.944000 0.945824
603 0.942000 0.945818
604 0.946000 0.945818
605 0.938000 0.945805
606 0.938000 0.945792
607 0.948000 0.945796
608 0.942000 0.945790
609 0.946000 0.945790
610 0.942000 0.945784
611 0.954000 0.945797
612 0.958000 0.945817
613 0.954000 0.945831
614 0.956000 0.945847
615 0.940000 0.945838
616 0.960000 0.945861
617 0.946000 0.945861
618 0.948000 0.945864
619 0.950000 0.945871
620 0.942000 0.945865
621 0.934000 0.945846
622 0.924000 0.945811
623 0.940000 0.945801
624 0.940000 0.945792
625 0.934000 0.945773
626 0.950000 0.945780
627 0.944000 0.945777
628 0.944000 0.945774
629 0.928000 0.945746
630 0.936000 0.945731
631 0.934000 0.945712
632 0.930000 0.945687
633 0.914000 0.945637
634 0.934000 0.945619
635 0.940000 0.945610
636 0.944000 0.945608
637 0.934000 0.945589
638 0.932000 0.945568
639 0.932000 0.945547
640 0.942000 0.945541
641 0.934000 0.945523
642 0.924000 0.945490
643 0.934000 0.945472
644 0.938000 0.945460
645 0.940000 0.945452
646 0.966000 0.945484
647 0.950000 0.945491
648 0.944000 0.945488
649 0.950000 0.945495
650 0.940000 0.945487
651 0.958000 0.945506
652 0.952000 0.945516
653 0.954000 0.945529
654 0.952000 0.945539
655 0.942000 0.945534
656 0.938000 0.945522
657 0.934000 0.945505
658 0.950000 0.945511
659 0.942000 0.945506
660 0.946000 0.945507
661 0.942000 0.945502
662 0.954000 0.945514
663 0.950000 0.945521
664 0.956000 0.945537
665 0.932000 0.945517
666 0.938000 0.945505
667 0.940000 0.945497
668 0.942000 0.945492
669 0.954000 0.945504
670 0.954000 0.945517
671 0.948000 0.945521
672 0.940000 0.945513
673 0.946000 0.945513
674 0.962000 0.945538
675 0.960000 0.945559
676 0.940000 0.945551
677 0.942000 0.945546
678 0.948000 0.945549
679 0.958000 0.945568
680 0.946000 0.945568
681 0.958000 0.945587
682 0.952000 0.945596
683 0.950000 0.945602
684 0.952000 0.945612
685 0.952000 0.945621
686 0.962000 0.945645
687 0.944000 0.945642
688 0.950000 0.945649
689 0.940000 0.945641
690 0.942000 0.945635
691 0.940000 0.945627
692 0.928000 0.945602
693 0.950000 0.945608
694 0.944000 0.945606
695 0.952000 0.945615
696 0.938000 0.945604
697 0.940000 0.945596
698 0.932000 0.945577
699 0.934000 0.945560
700 0.932000 0.945541
701 0.928000 0.945516
702 0.942000 0.945511
703 0.944000 0.945509
704 0.944000 0.945506
705 0.940000 0.945499
706 0.950000 0.945505
707 0.946000 0.945506
708 0.936000 0.945492
709 0.928000 0.945468
710 0.948000 0.945471
711 0.940000 0.945463
712 0.944000 0.945461
713 0.948000 0.945465
714 0.934000 0.945449
715 0.934000 0.945433
716 0.944000 0.945431
717 0.946000 0.945432
718 0.958000 0.945449
719 0.944000 0.945447
720 0.928000 0.945423
721 0.946000 0.945424
722 0.952000 0.945433
723 0.946000 0.945434
724 0.942000 0.945429
725 0.936000 0.945416
726 0.942000 0.945411
727 0.950000 0.945418
728 0.956000 0.945432
729 0.954000 0.945444
730 0.964000 0.945469
731 0.958000 0.945486
732 0.964000 0.945512
733 0.938000 0.945501
734 0.950000 0.945507
735 0.944000 0.945505
736 0.956000 0.945520
737 0.940000 0.945512
738 0.936000 0.945499
739 0.948000 0.945503
740 0.944000 0.945501
741 0.950000 0.945507
742 0.948000 0.945510
743 0.940000 0.945503
744 0.940000 0.945495
745 0.940000 0.945488
746 0.948000 0.945491
747 0.958000 0.945508
748 0.954000 0.945519
749 0.948000 0.945523
750 0.936000 0.945510
751 0.948000 0.945513
752 0.950000 0.945519
753 0.932000 0.945501
754 0.944000 0.945499
755 0.936000 0.945487
756 0.944000 0.945485
757 0.960000 0.945504
758 0.948000 0.945507
759 0.948000 0.945511
760 0.954000 0.945522
761 0.948000 0.945525
762 0.938000 0.945515
763 0.942000 0.945510
764 0.950000 0.945516
765 0.944000 0.945514
766 0.952000 0.945523
767 0.942000 0.945518
768 0.948000 0.945521
769 0.956000 0.945535
770 0.942000 0.945530
771 0.942000 0.945526
772 0.942000 0.945521
773 0.950000 0.945527
774 0.952000 0.945535
775 0.942000 0.945531
776 0.932000 0.945514
777 0.938000 0.945504
778 0.938000 0.945494
779 0.940000 0.945487
780 0.956000 0.945501
781 0.974000 0.945537
782 0.964000 0.945561
783 0.942000 0.945556
784 0.942000 0.945552
785 0.944000 0.945550
786 0.960000 0.945568
787 0.952000 0.945576
788 0.962000 0.945597
789 0.946000 0.945597
790 0.948000 0.945601
791 0.938000 0.945591
792 0.946000 0.945591
793 0.942000 0.945587
794 0.948000 0.945590
795 0.952000 0.945598
796 0.952000 0.945606
797 0.940000 0.945599
798 0.960000 0.945617
799 0.952000 0.945625
800 0.956000 0.945638
801 0.940000 0.945631
802 0.942000 0.945626
803 0.922000 0.945597
804 0.932000 0.945580
805 0.930000 0.945561
806 0.944000 0.945559
807 0.940000 0.945552
808 0.924000 0.945525
809 0.934000 0.945511
810 0.944000 0.945509
811 0.932000 0.945493
812 0.948000 0.945496
813 0.960000 0.945514
814 0.944000 0.945512
815 0.958000 0.945527
816 0.958000 0.945542
817 0.954000 0.945553
818 0.950000 0.945558
819 0.936000 0.945546
820 0.938000 0.945537
821 0.934000 0.945523
822 0.954000 0.945533
823 0.950000 0.945539
824 0.944000 0.945537
825 0.954000 0.945547
826 0.934000 0.945533
827 0.948000 0.945536
828 0.952000 0.945544
829 0.946000 0.945545
830 0.944000 0.945543
831 0.942000 0.945538
832 0.950000 0.945544
833 0.940000 0.945537
834 0.938000 0.945528
835 0.948000 0.945531
836 0.944000 0.945529
837 0.940000 0.945523
838 0.936000 0.945511
839 0.946000 0.945512
840 0.924000 0.945486
841 0.926000 0.945463
842 0.926000 0.945440
843 0.930000 0.945422
844 0.938000 0.945413
845 0.942000 0.945409
846 0.952000 0.945417
847 0.956000 0.945429
848 0.940000 0.945423
849 0.932000 0.945407
850 0.938000 0.945398
851 0.938000 0.945390
852 0.946000 0.945390
853 0.962000 0.945410
854 0.944000 0.945408
855 0.960000 0.945425
856 0.942000 0.945421
857 0.948000 0.945424
858 0.930000 0.945406
859 0.936000 0.945395
860 0.946000 0.945396
861 0.934000 0.945383
862 0.938000 0.945374
863 0.930000 0.945356
864 0.938000 0.945348
865 0.944000 0.945346
866 0.948000 0.945349
867 0.964000 0.945371
868 0.974000 0.945404
869 0.968000 0.945430
870 0.966000 0.945454
871 0.962000 0.945472
872 0.944000 0.945471
873 0.956000 0.945483
874 0.950000 0.945488
875 0.962000 0.945507
876 0.972000 0.945537
877 0.956000 0.945549
878 0.948000 0.945552
879 0.948000 0.945555
880 0.956000 0.945566
881 0.940000 0.945560
882 0.920000 0.945531
883 0.932000 0.945516
884 0.936000 0.945505
885 0.924000 0.945481
886 0.948000 0.945484
887 0.954000 0.945493
888 0.934000 0.945480
889 0.932000 0.945465
890 0.938000 0.945457
891 0.926000 0.945435
892 0.936000 0.945424
893 0.944000 0.945423
894 0.956000 0.945435
895 0.946000 0.945435
896 0.954000 0.945445
897 0.940000 0.945439
898 0.934000 0.945426
899 0.926000 0.945404
900 0.932000 0.945390
901 0.944000 0.945388
902 0.942000 0.945384
903 0.960000 0.945400
904 0.942000 0.945397
905 0.950000 0.945402
906 0.942000 0.945398
907 0.936000 0.945388
908 0.942000 0.945384
909 0.936000 0.945374
910 0.934000 0.945361
911 0.950000 0.945366
912 0.942000 0.945363
913 0.958000 0.945376
914 0.934000 0.945364
915 0.940000 0.945358
916 0.954000 0.945368
917 0.948000 0.945370
918 0.940000 0.945365
919 0.946000 0.945365
920 0.960000 0.945381
921 0.948000 0.945384
922 0.956000 0.945395
923 0.952000 0.945403
924 0.936000 0.945392
925 0.946000 0.945393
926 0.946000 0.945394
927 0.946000 0.945394
928 0.934000 0.945382
929 0.948000 0.945385
930 0.946000 0.945386
931 0.954000 0.945395
932 0.940000 0.945389
933 0.924000 0.945366
934 0.938000 0.945358
935 0.944000 0.945357
936 0.948000 0.945360
937 0.956000 0.945371
938 0.958000 0.945384
939 0.944000 0.945383
940 0.946000 0.945384
941 0.952000 0.945391
942 0.938000 0.945383
943 0.936000 0.945373
944 0.946000 0.945374
945 0.938000 0.945366
946 0.944000 0.945364
947 0.938000 0.945357
948 0.946000 0.945357
949 0.946000 0.945358
950 0.950000 0.945363
951 0.942000 0.945359
952 0.948000 0.945362
953 0.940000 0.945356
954 0.960000 0.945372
955 0.948000 0.945374
956 0.946000 0.945375
957 0.948000 0.945378
958 0.942000 0.945374
959 0.944000 0.945373
960 0.932000 0.945359
961 0.948000 0.945362
962 0.944000 0.945360
963 0.938000 0.945353
964 0.936000 0.945343
965 0.946000 0.945344
966 0.954000 0.945353
967 0.938000 0.945345
968 0.922000 0.945321
969 0.932000 0.945307
970 0.962000 0.945324
971 0.932000 0.945311
972 0.942000 0.945307
973 0.956000 0.945318
974 0.944000 0.945317
975 0.938000 0.945309
976 0.936000 0.945300
977 0.944000 0.945299
978 0.946000 0.945299
979 0.948000 0.945302
980 0.940000 0.945297
981 0.946000 0.945297
982 0.932000 0.945284
983 0.938000 0.945276
984 0.948000 0.945279
985 0.952000 0.945286
986 0.940000 0.945281
987 0.946000 0.945281
988 0.946000 0.945282
989 0.946000 0.945283
990 0.938000 0.945275
991 0.952000 0.945282
992 0.944000 0.945281
993 0.934000 0.945270
994 0.938000 0.945262
995 0.946000 0.945263
996 0.940000 0.945258
997 0.944000 0.945257
998 0.952000 0.945263
999 0.956000 0.945274
