0 1.000000 1.000000
1 0.922000 0.961000
2 0.842000 0.921333
3 0.790000 0.888500
4 0.800000 0.870800
5 0.760000 0.852333
6 0.702000 0.830857
7 0.654000 0.808750
8 0.630000 0.788889
9 0.614000 0.771400
10 0.588000 0.754727
11 0.570000 0.739333
12 0.552000 0.724923
13 0.544000 0.712000
14 0.500000 0.697867
15 0.490000 0.684875
16 0.450000 0.671059
17 0.418000 0.657000
18 0.382000 0.642526
19 0.412000 0.631000
20 0.362000 0.618190
21 0.374000 0.607091
22 0.380000 0.597217
23 0.366000 0.587583
24 0.336000 0.577520
25 0.354000 0.568923
26 0.344000 0.560593
27 0.298000 0.551214
28 0.280000 0.541862
29 0.288000 0.533400
30 0.308000 0.526129
31 0.272000 0.518188
32 0.256000 0.510242
33 0.244000 0.502412
34 0.292000 0.496400
35 0.276000 0.490278
36 0.252000 0.483838
37 0.234000 0.477263
38 0.238000 0.471128
39 0.230000 0.465100
40 0.236000 0.459512
41 0.240000 0.454286
42 0.248000 0.449488
43 0.200000 0.443818
44 0.216000 0.438756
45 0.180000 0.433130
46 0.206000 0.428298
47 0.186000 0.423250
48 0.174000 0.418163
49 0.178000 0.413360
50 0.178000 0.408745
51 0.120000 0.403192
52 0.150000 0.398415
53 0.142000 0.393667
54 0.146000 0.389164
55 0.114000 0.384250
56 0.126000 0.379719
57 0.086000 0.374655
58 0.116000 0.370271
59 0.078000 0.365400
60 0.080000 0.360721
61 0.114000 0.356742
62 0.162000 0.353651
63 0.144000 0.350375
64 0.148000 0.347262
65 0.124000 0.343879
66 0.130000 0.340687
67 0.098000 0.337118
68 0.084000 0.333449
69 0.122000 0.330429
70 0.106000 0.327268
71 0.078000 0.323806
72 0.108000 0.320849
73 0.058000 0.317297
74 0.066000 0.313947
75 0.086000 0.310947
76 0.058000 0.307662
77 0.072000 0.304641
78 0.056000 0.301494
79 0.070000 0.298600
80 0.082000 0.295926
81 0.068000 0.293146
82 0.088000 0.290675
83 0.058000 0.287905
84 0.066000 0.285294
85 0.056000 0.282628
86 0.034000 0.279770
87 0.054000 0.277205
88 0.050000 0.274652
89 0.058000 0.272244
90 0.056000 0.269868
91 0.040000 0.267370
92 0.046000 0.264989
93 0.036000 0.262553
94 0.026000 0.260063
95 -0.004000 0.257312
96 0.044000 0.255113
97 0.076000 0.253286
98 0.054000 0.251273
99 -0.018000 0.248580
100 -0.008000 0.246040
101 0.014000 0.243765
102 0.048000 0.241864
103 0.016000 0.239692
104 0.024000 0.237638
105 0.026000 0.235642
106 0.020000 0.233626
107 0.050000 0.231926
108 0.056000 0.230312
109 0.092000 0.229055
110 0.050000 0.227441
111 0.052000 0.225875
112 0.080000 0.224584
113 0.036000 0.222930
114 0.048000 0.221409
115 0.054000 0.219966
116 0.102000 0.218957
117 0.090000 0.217864
118 0.040000 0.216370
119 0.008000 0.214633
120 0.014000 0.212975
121 0.014000 0.211344
122 -0.022000 0.209447
123 0.050000 0.208161
124 0.042000 0.206832
125 0.068000 0.205730
126 0.046000 0.204472
127 0.026000 0.203078
128 0.030000 0.201736
129 0.038000 0.200477
130 0.090000 0.199634
131 0.082000 0.198742
132 0.058000 0.197684
133 0.034000 0.196463
134 0.000000 0.195007
135 -0.008000 0.193515
136 -0.018000 0.191971
137 -0.018000 0.190449
138 -0.020000 0.188935
139 0.006000 0.187629
140 0.004000 0.186326
141 0.008000 0.185070
142 0.030000 0.183986
143 0.000000 0.182708
144 -0.012000 0.181366
145 0.016000 0.180233
146 0.040000 0.179279
147 0.004000 0.178095
148 0.038000 0.177154
149 0.030000 0.176173
150 0.028000 0.175192
151 0.018000 0.174158
152 -0.032000 0.172810
153 -0.034000 0.171468
154 -0.026000 0.170194
155 0.014000 0.169192
156 -0.014000 0.168025
157 -0.010000 0.166899
158 -0.024000 0.165698
159 -0.004000 0.164637
160 0.020000 0.163739
161 -0.030000 0.162543
162 -0.038000 0.161313
163 0.004000 0.160354
164 0.008000 0.159430
165 0.006000 0.158506
166 0.006000 0.157593
167 0.012000 0.156726
168 -0.024000 0.155657
169 -0.008000 0.154694
170 -0.026000 0.153637
171 0.044000 0.153000
172 0.006000 0.152150
173 0.004000 0.151299
174 -0.028000 0.150274
175 -0.032000 0.149239
176 0.014000 0.148475
177 0.026000 0.147787
178 -0.046000 0.146704
179 -0.034000 0.145700
180 -0.012000 0.144829
181 0.010000 0.144088
182 0.054000 0.143596
183 0.052000 0.143098
184 -0.008000 0.142281
185 0.024000 0.141645
186 0.004000 0.140909
187 0.012000 0.140223
188 -0.002000 0.139471
189 0.000000 0.138737
190 0.026000 0.138147
191 0.036000 0.137615
192 0.006000 0.136933
193 -0.006000 0.136196
194 -0.002000 0.135487
195 0.062000 0.135112
196 0.070000 0.134782
197 0.034000 0.134273
198 0.034000 0.133769
199 0.038000 0.133290
