0 1.000000 1.000000
1 0.928000 0.964000
2 0.854000 0.927333
3 0.806000 0.897000
4 0.810000 0.879600
5 0.786000 0.864000
6 0.734000 0.845429
7 0.702000 0.827500
8 0.678000 0.810889
9 0.654000 0.795200
10 0.636000 0.780727
11 0.616000 0.767000
12 0.610000 0.754923
13 0.588000 0.743000
14 0.566000 0.731200
15 0.546000 0.719625
16 0.514000 0.707529
17 0.460000 0.693778
18 0.450000 0.680947
19 0.468000 0.670300
20 0.470000 0.660762
21 0.460000 0.651636
22 0.462000 0.643391
23 0.406000 0.633500
24 0.414000 0.624720
25 0.390000 0.615692
26 0.352000 0.605926
27 0.340000 0.596429
28 0.338000 0.587517
29 0.326000 0.578800
30 0.336000 0.570968
31 0.278000 0.561813
32 0.310000 0.554182
33 0.302000 0.546765
34 0.344000 0.540971
35 0.280000 0.533722
36 0.286000 0.527027
37 0.280000 0.520526
38 0.276000 0.514256
39 0.260000 0.507900
40 0.264000 0.501951
41 0.266000 0.496333
42 0.290000 0.491535
43 0.292000 0.487000
44 0.254000 0.481822
45 0.240000 0.476565
46 0.224000 0.471191
47 0.232000 0.466208
48 0.244000 0.461673
49 0.218000 0.456800
50 0.264000 0.453020
51 0.220000 0.448538
52 0.216000 0.444151
53 0.184000 0.439333
54 0.202000 0.435018
55 0.196000 0.430750
56 0.194000 0.426596
57 0.198000 0.422655
58 0.222000 0.419254
59 0.170000 0.415100
60 0.204000 0.411639
61 0.172000 0.407774
62 0.188000 0.404286
63 0.190000 0.400938
64 0.164000 0.397292
65 0.186000 0.394091
66 0.188000 0.391015
67 0.180000 0.387912
68 0.162000 0.384638
69 0.210000 0.382143
70 0.176000 0.379239
71 0.204000 0.376806
72 0.212000 0.374548
73 0.186000 0.372000
74 0.142000 0.368933
75 0.150000 0.366053
76 0.140000 0.363117
77 0.132000 0.360154
78 0.108000 0.356962
79 0.140000 0.354250
80 0.122000 0.351383
81 0.160000 0.349049
82 0.142000 0.346554
83 0.114000 0.343786
84 0.118000 0.341129
85 0.110000 0.338442
86 0.086000 0.335540
87 0.144000 0.333364
88 0.116000 0.330921
89 0.126000 0.328644
90 0.128000 0.326440
91 0.142000 0.324435
92 0.110000 0.322129
93 0.076000 0.319511
94 0.090000 0.317095
95 0.120000 0.315042
96 0.082000 0.312639
97 0.074000 0.310204
98 0.032000 0.307394
99 0.078000 0.305100
100 0.048000 0.302554
101 0.042000 0.300000
102 0.040000 0.297476
103 0.032000 0.294923
104 0.036000 0.292457
105 0.024000 0.289925
106 0.018000 0.287383
107 0.032000 0.285019
108 0.016000 0.282550
109 0.050000 0.280436
110 0.042000 0.278288
111 0.044000 0.276196
112 0.006000 0.273805
113 0.050000 0.271842
114 0.062000 0.270017
115 0.034000 0.267983
116 0.036000 0.266000
117 0.050000 0.264169
118 0.072000 0.262555
119 0.076000 0.261000
120 0.080000 0.259504
121 0.078000 0.258016
122 0.068000 0.256472
123 0.100000 0.255210
124 0.088000 0.253872
125 0.084000 0.252524
126 0.056000 0.250976
127 0.030000 0.249250
128 0.024000 0.247504
129 0.058000 0.246046
130 0.066000 0.244672
131 0.038000 0.243106
132 0.040000 0.241579
133 0.022000 0.239940
134 0.012000 0.238252
135 -0.002000 0.236485
136 0.040000 0.235051
137 -0.026000 0.233159
138 -0.014000 0.231381
139 0.008000 0.229786
140 0.020000 0.228298
141 0.056000 0.227085
142 0.028000 0.225692
143 0.012000 0.224208
144 0.042000 0.222952
145 0.024000 0.221589
146 0.018000 0.220204
147 0.042000 0.219000
148 0.024000 0.217691
149 0.026000 0.216413
150 0.026000 0.215152
151 0.016000 0.213842
152 0.016000 0.212549
153 0.040000 0.211429
154 0.048000 0.210374
155 0.050000 0.209346
156 0.048000 0.208318
157 0.072000 0.207456
158 0.066000 0.206566
159 0.046000 0.205563
160 0.040000 0.204534
161 0.012000 0.203346
162 0.024000 0.202245
163 0.004000 0.201037
164 0.002000 0.199830
165 0.020000 0.198747
166 0.050000 0.197856
167 -0.002000 0.196667
168 -0.036000 0.195290
169 -0.052000 0.193835
170 -0.020000 0.192585
171 -0.022000 0.191337
172 -0.032000 0.190046
173 -0.026000 0.188805
174 -0.024000 0.187589
175 0.026000 0.186670
176 0.048000 0.185887
177 0.068000 0.185225
178 0.038000 0.184402
179 0.026000 0.183522
180 -0.016000 0.182420
181 -0.030000 0.181253
182 -0.028000 0.180109
183 -0.014000 0.179054
184 0.006000 0.178119
185 0.018000 0.177258
186 0.016000 0.176396
187 0.046000 0.175702
188 0.050000 0.175037
189 0.000000 0.174116
190 0.028000 0.173351
191 0.060000 0.172760
192 0.036000 0.172052
193 0.030000 0.171320
194 0.000000 0.170441
195 -0.014000 0.169500
196 -0.008000 0.168599
197 -0.032000 0.167586
198 -0.038000 0.166553
199 -0.010000 0.165670
