0 1.000000 1.000000
1 0.982000 0.991000
2 0.944000 0.975333
3 0.930000 0.964000
4 0.906000 0.952400
5 0.910000 0.945333
6 0.920000 0.941714
7 0.914000 0.938250
8 0.910000 0.935111
9 0.884000 0.930000
10 0.906000 0.927818
11 0.898000 0.925333
12 0.900000 0.923385
13 0.898000 0.921571
14 0.894000 0.919733
15 0.882000 0.917375
16 0.874000 0.914824
17 0.868000 0.912222
18 0.854000 0.909158
19 0.864000 0.906900
20 0.872000 0.905238
21 0.872000 0.903727
22 0.874000 0.902435
23 0.876000 0.901333
24 0.874000 0.900240
25 0.860000 0.898692
26 0.872000 0.897704
27 0.868000 0.896643
28 0.864000 0.895517
29 0.846000 0.893867
30 0.844000 0.892258
31 0.832000 0.890375
32 0.824000 0.888364
33 0.852000 0.887294
34 0.856000 0.886400
35 0.840000 0.885111
36 0.864000 0.884541
37 0.848000 0.883579
38 0.836000 0.882359
39 0.838000 0.881250
40 0.826000 0.879902
41 0.836000 0.878857
42 0.856000 0.878326
43 0.858000 0.877864
44 0.874000 0.877778
45 0.866000 0.877522
46 0.866000 0.877277
47 0.852000 0.876750
48 0.850000 0.876204
49 0.868000 0.876040
50 0.848000 0.875490
51 0.876000 0.875500
52 0.862000 0.875245
53 0.854000 0.874852
54 0.868000 0.874727
55 0.854000 0.874357
56 0.860000 0.874105
57 0.878000 0.874172
58 0.844000 0.873661
59 0.852000 0.873300
60 0.870000 0.873246
61 0.842000 0.872742
62 0.834000 0.872127
63 0.848000 0.871750
64 0.856000 0.871508
65 0.850000 0.871182
66 0.838000 0.870687
67 0.846000 0.870324
68 0.858000 0.870145
69 0.830000 0.869571
70 0.858000 0.869408
71 0.862000 0.869306
72 0.848000 0.869014
73 0.854000 0.868811
74 0.858000 0.868667
75 0.856000 0.868500
76 0.826000 0.867948
77 0.848000 0.867692
78 0.832000 0.867241
79 0.826000 0.866725
80 0.832000 0.866296
81 0.814000 0.865659
82 0.826000 0.865181
83 0.826000 0.864714
84 0.834000 0.864353
85 0.806000 0.863674
86 0.790000 0.862828
87 0.814000 0.862273
88 0.812000 0.861708
89 0.838000 0.861444
90 0.844000 0.861253
91 0.834000 0.860957
92 0.824000 0.860559
93 0.836000 0.860298
94 0.848000 0.860168
95 0.838000 0.859938
96 0.840000 0.859732
97 0.820000 0.859327
98 0.828000 0.859010
99 0.816000 0.858580
100 0.818000 0.858178
101 0.842000 0.858020
102 0.822000 0.857670
103 0.834000 0.857442
104 0.838000 0.857257
105 0.834000 0.857038
106 0.836000 0.856841
107 0.858000 0.856852
108 0.848000 0.856771
109 0.834000 0.856564
110 0.842000 0.856432
111 0.822000 0.856125
112 0.822000 0.855823
113 0.846000 0.855737
114 0.844000 0.855635
115 0.842000 0.855517
116 0.814000 0.855162
117 0.812000 0.854797
118 0.816000 0.854471
119 0.816000 0.854150
120 0.804000 0.853736
121 0.786000 0.853180
122 0.804000 0.852780
123 0.820000 0.852516
124 0.812000 0.852192
125 0.832000 0.852032
126 0.834000 0.851890
127 0.856000 0.851922
128 0.848000 0.851891
129 0.852000 0.851892
130 0.814000 0.851603
131 0.830000 0.851439
132 0.814000 0.851158
133 0.832000 0.851015
134 0.828000 0.850844
135 0.828000 0.850676
136 0.844000 0.850628
137 0.808000 0.850319
138 0.858000 0.850374
139 0.858000 0.850429
140 0.840000 0.850355
141 0.860000 0.850423
142 0.858000 0.850476
143 0.844000 0.850431
144 0.858000 0.850483
145 0.850000 0.850479
146 0.846000 0.850449
147 0.868000 0.850568
148 0.840000 0.850497
149 0.872000 0.850640
150 0.848000 0.850623
151 0.840000 0.850553
152 0.824000 0.850379
153 0.834000 0.850273
154 0.832000 0.850155
155 0.838000 0.850077
156 0.828000 0.849936
157 0.836000 0.849848
158 0.832000 0.849736
159 0.822000 0.849562
160 0.848000 0.849553
161 0.846000 0.849531
162 0.840000 0.849472
163 0.848000 0.849463
164 0.850000 0.849467
165 0.840000 0.849410
166 0.864000 0.849497
167 0.824000 0.849345
168 0.822000 0.849183
169 0.824000 0.849035
170 0.812000 0.848819
171 0.848000 0.848814
172 0.836000 0.848740
173 0.848000 0.848736
174 0.856000 0.848777
175 0.850000 0.848784
176 0.836000 0.848712
177 0.844000 0.848685
178 0.826000 0.848559
179 0.838000 0.848500
180 0.842000 0.848464
181 0.854000 0.848495
182 0.848000 0.848492
183 0.832000 0.848402
184 0.838000 0.848346
185 0.856000 0.848387
186 0.860000 0.848449
187 0.858000 0.848500
188 0.854000 0.848529
189 0.858000 0.848579
190 0.842000 0.848545
191 0.836000 0.848479
192 0.846000 0.848466
193 0.868000 0.848567
194 0.818000 0.848410
195 0.842000 0.848378
196 0.872000 0.848497
197 0.844000 0.848475
198 0.826000 0.848362
199 0.836000 0.848300
200 0.844000 0.848279
201 0.850000 0.848287
202 0.850000 0.848296
203 0.854000 0.848324
204 0.862000 0.848390
205 0.862000 0.848456
206 0.848000 0.848454
207 0.856000 0.848490
208 0.848000 0.848488
209 0.860000 0.848543
210 0.824000 0.848427
211 0.830000 0.848340
212 0.858000 0.848385
213 0.842000 0.848355
214 0.852000 0.848372
215 0.856000 0.848407
216 0.850000 0.848415
217 0.856000 0.848450
218 0.848000 0.848447
219 0.860000 0.848500
220 0.846000 0.848489
221 0.816000 0.848342
222 0.816000 0.848197
223 0.820000 0.848071
224 0.846000 0.848062
225 0.838000 0.848018
226 0.848000 0.848018
227 0.854000 0.848044
228 0.846000 0.848035
229 0.846000 0.848026
230 0.838000 0.847983
231 0.856000 0.848017
232 0.856000 0.848052
233 0.848000 0.848051
234 0.830000 0.847974
235 0.858000 0.848017
236 0.854000 0.848042
237 0.842000 0.848017
238 0.844000 0.848000
239 0.854000 0.848025
240 0.836000 0.847975
241 0.826000 0.847884
242 0.818000 0.847761
243 0.836000 0.847713
244 0.814000 0.847576
245 0.828000 0.847496
246 0.830000 0.847425
247 0.836000 0.847379
248 0.840000 0.847349
249 0.832000 0.847288
250 0.846000 0.847283
251 0.820000 0.847175
252 0.844000 0.847162
253 0.844000 0.847150
254 0.858000 0.847192
255 0.868000 0.847273
256 0.858000 0.847315
257 0.824000 0.847225
258 0.844000 0.847212
259 0.836000 0.847169
260 0.850000 0.847180
261 0.850000 0.847191
262 0.848000 0.847194
263 0.844000 0.847182
264 0.836000 0.847140
265 0.838000 0.847105
266 0.832000 0.847049
267 0.852000 0.847067
268 0.846000 0.847063
269 0.852000 0.847081
270 0.854000 0.847107
271 0.834000 0.847059
272 0.850000 0.847070
273 0.860000 0.847117
274 0.850000 0.847127
275 0.832000 0.847072
276 0.864000 0.847134
277 0.836000 0.847094
278 0.842000 0.847075
279 0.830000 0.847014
280 0.836000 0.846975
281 0.842000 0.846957
282 0.828000 0.846890
283 0.834000 0.846845
284 0.828000 0.846779
285 0.824000 0.846699
286 0.858000 0.846739
287 0.840000 0.846715
288 0.864000 0.846775
289 0.854000 0.846800
290 0.832000 0.846749
291 0.818000 0.846651
292 0.824000 0.846573
293 0.858000 0.846612
294 0.856000 0.846644
295 0.856000 0.846676
296 0.860000 0.846721
297 0.872000 0.846805
298 0.862000 0.846856
299 0.858000 0.846893
300 0.856000 0.846924
301 0.824000 0.846848
302 0.848000 0.846851
303 0.862000 0.846901
304 0.872000 0.846984
305 0.850000 0.846993
306 0.842000 0.846977
307 0.836000 0.846942
308 0.862000 0.846990
309 0.862000 0.847039
310 0.844000 0.847029
311 0.856000 0.847058
312 0.850000 0.847067
313 0.826000 0.847000
314 0.816000 0.846902
315 0.824000 0.846829
316 0.856000 0.846858
317 0.842000 0.846843
318 0.842000 0.846828
319 0.854000 0.846850
320 0.840000 0.846829
321 0.818000 0.846739
322 0.842000 0.846724
323 0.864000 0.846778
324 0.842000 0.846763
325 0.854000 0.846785
326 0.854000 0.846807
327 0.838000 0.846780
328 0.806000 0.846657
329 0.798000 0.846509
330 0.828000 0.846453
331 0.846000 0.846452
332 0.824000 0.846384
333 0.834000 0.846347
334 0.800000 0.846209
335 0.822000 0.846137
336 0.826000 0.846077
337 0.854000 0.846101
338 0.846000 0.846100
339 0.854000 0.846124
340 0.856000 0.846152
341 0.840000 0.846135
342 0.838000 0.846111
343 0.852000 0.846128
344 0.842000 0.846116
345 0.836000 0.846087
346 0.850000 0.846098
347 0.864000 0.846149
348 0.850000 0.846160
349 0.846000 0.846160
350 0.856000 0.846188
351 0.852000 0.846205
352 0.864000 0.846255
353 0.848000 0.846260
354 0.882000 0.846361
355 0.858000 0.846393
356 0.850000 0.846403
357 0.852000 0.846419
358 0.866000 0.846474
359 0.870000 0.846539
360 0.850000 0.846548
361 0.882000 0.846646
362 0.860000 0.846683
363 0.860000 0.846720
364 0.842000 0.846707
365 0.824000 0.846645
366 0.814000 0.846556
367 0.856000 0.846582
368 0.868000 0.846640
369 0.866000 0.846692
370 0.860000 0.846728
371 0.838000 0.846704
372 0.836000 0.846676
373 0.838000 0.846652
374 0.866000 0.846704
375 0.864000 0.846750
376 0.838000 0.846727
377 0.820000 0.846656
378 0.816000 0.846575
379 0.836000 0.846547
380 0.840000 0.846530
381 0.858000 0.846560
382 0.848000 0.846564
383 0.862000 0.846604
384 0.850000 0.846613
385 0.836000 0.846585
386 0.840000 0.846568
387 0.848000 0.846572
388 0.818000 0.846499
389 0.816000 0.846421
390 0.848000 0.846425
391 0.852000 0.846439
392 0.854000 0.846458
393 0.870000 0.846518
394 0.838000 0.846496
395 0.814000 0.846414
396 0.838000 0.846393
397 0.844000 0.846387
398 0.824000 0.846331
399 0.836000 0.846305
400 0.836000 0.846279
401 0.856000 0.846303
402 0.866000 0.846352
403 0.858000 0.846381
404 0.850000 0.846390
405 0.814000 0.846310
406 0.828000 0.846265
407 0.832000 0.846230
408 0.840000 0.846215
409 0.804000 0.846112
410 0.826000 0.846063
411 0.798000 0.845947
412 0.786000 0.845801
413 0.830000 0.845763
414 0.830000 0.845725
415 0.860000 0.845760
416 0.836000 0.845736
417 0.852000 0.845751
418 0.854000 0.845771
419 0.844000 0.845767
420 0.848000 0.845772
421 0.844000 0.845768
422 0.820000 0.845707
423 0.808000 0.845618
424 0.832000 0.845586
425 0.818000 0.845521
426 0.824000 0.845471
427 0.818000 0.845407
428 0.816000 0.845338
429 0.804000 0.845242
430 0.818000 0.845179
431 0.828000 0.845139
432 0.838000 0.845122
433 0.830000 0.845088
434 0.812000 0.845011
435 0.842000 0.845005
436 0.814000 0.844934
437 0.834000 0.844909
438 0.838000 0.844893
439 0.834000 0.844868
440 0.818000 0.844807
441 0.828000 0.844769
442 0.844000 0.844767
443 0.828000 0.844730
444 0.828000 0.844692
445 0.836000 0.844673
446 0.838000 0.844658
447 0.852000 0.844674
448 0.840000 0.844664
449 0.834000 0.844640
450 0.846000 0.844643
451 0.842000 0.844637
452 0.820000 0.844583
453 0.838000 0.844568
454 0.856000 0.844593
455 0.856000 0.844618
456 0.866000 0.844665
457 0.852000 0.844681
458 0.856000 0.844706
459 0.858000 0.844735
460 0.840000 0.844725
461 0.826000 0.844684
462 0.826000 0.844644
463 0.844000 0.844642
464 0.842000 0.844637
465 0.832000 0.844609
466 0.840000 0.844600
467 0.878000 0.844671
468 0.846000 0.844674
469 0.818000 0.844617
470 0.816000 0.844556
471 0.822000 0.844508
472 0.830000 0.844478
473 0.838000 0.844464
474 0.854000 0.844484
475 0.850000 0.844496
476 0.832000 0.844470
477 0.820000 0.844418
478 0.812000 0.844351
479 0.792000 0.844242
480 0.828000 0.844208
481 0.832000 0.844183
482 0.836000 0.844166
483 0.840000 0.844157
484 0.830000 0.844128
485 0.830000 0.844099
486 0.834000 0.844078
487 0.846000 0.844082
488 0.846000 0.844086
489 0.862000 0.844122
490 0.870000 0.844175
491 0.864000 0.844215
492 0.868000 0.844264
493 0.868000 0.844312
494 0.862000 0.844347
495 0.830000 0.844319
496 0.836000 0.844302
497 0.840000 0.844293
498 0.834000 0.844273
499 0.818000 0.844220
500 0.816000 0.844164
501 0.840000 0.844155
502 0.862000 0.844191
503 0.860000 0.844222
504 0.866000 0.844265
505 0.840000 0.844257
506 0.844000 0.844256
507 0.848000 0.844264
508 0.818000 0.844212
509 0.822000 0.844169
510 0.850000 0.844180
511 0.832000 0.844156
512 0.820000 0.844109
513 0.804000 0.844031
514 0.800000 0.843946
515 0.800000 0.843860
516 0.802000 0.843779
517 0.788000 0.843672
518 0.794000 0.843576
519 0.820000 0.843531
520 0.824000 0.843493
521 0.808000 0.843425
522 0.802000 0.843346
523 0.816000 0.843294
524 0.820000 0.843250
525 0.804000 0.843175
526 0.852000 0.843192
527 0.866000 0.843235
528 0.870000 0.843285
529 0.836000 0.843272
530 0.828000 0.843243
531 0.830000 0.843218
532 0.848000 0.843227
533 0.830000 0.843202
534 0.832000 0.843181
535 0.840000 0.843175
536 0.840000 0.843169
537 0.846000 0.843175
538 0.846000 0.843180
539 0.864000 0.843219
540 0.860000 0.843250
541 0.852000 0.843266
542 0.836000 0.843252
543 0.838000 0.843243
544 0.844000 0.843244
545 0.818000 0.843198
546 0.844000 0.843199
547 0.852000 0.843215
548 0.830000 0.843191
549 0.824000 0.843156
550 0.816000 0.843107
551 0.816000 0.843058
552 0.824000 0.843024
553 0.794000 0.842935
554 0.808000 0.842872
555 0.826000 0.842842
556 0.806000 0.842776
557 0.830000 0.842753
558 0.828000 0.842726
559 0.816000 0.842679
560 0.824000 0.842645
561 0.826000 0.842616
562 0.844000 0.842618
563 0.828000 0.842592
564 0.834000 0.842577
565 0.812000 0.842523
566 0.824000 0.842490
567 0.818000 0.842447
568 0.816000 0.842401
569 0.810000 0.842344
570 0.838000 0.842336
571 0.834000 0.842322
572 0.824000 0.842290
573 0.806000 0.842226
574 0.846000 0.842233
575 0.832000 0.842215
576 0.822000 0.842180
577 0.814000 0.842131
578 0.816000 0.842086
579 0.840000 0.842083
580 0.828000 0.842059
581 0.844000 0.842062
582 0.840000 0.842058
583 0.822000 0.842024
584 0.854000 0.842044
585 0.846000 0.842051
586 0.840000 0.842048
587 0.836000 0.842037
588 0.844000 0.842041
589 0.864000 0.842078
590 0.840000 0.842074
591 0.844000 0.842078
592 0.848000 0.842088
593 0.848000 0.842098
594 0.828000 0.842074
595 0.824000 0.842044
596 0.814000 0.841997
597 0.832000 0.841980
598 0.814000 0.841933
599 0.844000 0.841937
600 0.812000 0.841887
601 0.838000 0.841880
602 0.826000 0.841854
603 0.820000 0.841818
604 0.844000 0.841821
605 0.846000 0.841828
606 0.838000 0.841822
607 0.836000 0.841812
608 0.836000 0.841803
609 0.832000 0.841787
610 0.832000 0.841771
611 0.828000 0.841748
612 0.860000 0.841778
613 0.866000 0.841818
614 0.858000 0.841844
615 0.844000 0.841847
616 0.858000 0.841874
617 0.832000 0.841858
618 0.822000 0.841826
619 0.840000 0.841823
620 0.824000 0.841794
621 0.804000 0.841733
622 0.782000 0.841637
623 0.814000 0.841593
624 0.828000 0.841571
625 0.816000 0.841530
626 0.828000 0.841509
627 0.812000 0.841462
628 0.812000 0.841415
629 0.822000 0.841384
630 0.830000 0.841366
631 0.830000 0.841348
632 0.814000 0.841305
633 0.806000 0.841249
634 0.838000 0.841244
635 0.828000 0.841223
636 0.838000 0.841218
637 0.826000 0.841194
638 0.836000 0.841186
639 0.818000 0.841150
640 0.826000 0.841126
641 0.828000 0.841106
642 0.814000 0.841064
643 0.838000 0.841059
644 0.836000 0.841051
645 0.846000 0.841059
646 0.856000 0.841082
647 0.848000 0.841093
648 0.846000 0.841100
649 0.828000 0.841080
650 0.814000 0.841038
651 0.824000 0.841012
652 0.818000 0.840977
653 0.830000 0.840960
654 0.814000 0.840919
655 0.814000 0.840878
656 0.822000 0.840849
657 0.816000 0.840812
658 0.810000 0.840765
659 0.804000 0.840709
660 0.818000 0.840675
661 0.808000 0.840625
662 0.832000 0.840612
663 0.844000 0.840617
664 0.846000 0.840626
665 0.832000 0.840613
666 0.810000 0.840567
667 0.820000 0.840536
668 0.834000 0.840526
669 0.792000 0.840454
670 0.798000 0.840390
671 0.806000 0.840339
672 0.818000 0.840306
673 0.820000 0.840276
674 0.834000 0.840267
675 0.834000 0.840257
676 0.830000 0.840242
677 0.822000 0.840215
678 0.838000 0.840212
679 0.840000 0.840212
680 0.834000 0.840203
681 0.846000 0.840211
682 0.832000 0.840199
683 0.842000 0.840202
684 0.844000 0.840207
685 0.850000 0.840222
686 0.854000 0.840242
687 0.840000 0.840241
688 0.852000 0.840258
689 0.834000 0.840249
690 0.844000 0.840255
691 0.852000 0.840272
692 0.832000 0.840260
693 0.844000 0.840265
694 0.836000 0.840259
695 0.838000 0.840256
696 0.822000 0.840230
697 0.828000 0.840212
698 0.826000 0.840192
699 0.836000 0.840186
700 0.856000 0.840208
701 0.814000 0.840171
702 0.812000 0.840131
703 0.798000 0.840071
704 0.832000 0.840060
705 0.818000 0.840028
706 0.832000 0.840017
707 0.828000 0.840000
708 0.826000 0.839980
709 0.826000 0.839961
710 0.862000 0.839992
711 0.846000 0.840000
712 0.836000 0.839994
713 0.832000 0.839983
714 0.824000 0.839961
715 0.830000 0.839947
716 0.834000 0.839939
717 0.830000 0.839925
718 0.858000 0.839950
719 0.846000 0.839958
720 0.830000 0.839945
721 0.844000 0.839950
722 0.828000 0.839934
723 0.834000 0.839925
724 0.844000 0.839931
725 0.824000 0.839909
726 0.838000 0.839906
727 0.858000 0.839931
728 0.860000 0.839959
729 0.854000 0.839978
730 0.874000 0.840025
731 0.844000 0.840030
732 0.860000 0.840057
733 0.838000 0.840054
734 0.834000 0.840046
735 0.808000 0.840003
736 0.830000 0.839989
737 0.826000 0.839970
738 0.808000 0.839927
739 0.824000 0.839905
740 0.820000 0.839879
741 0.844000 0.839884
742 0.850000 0.839898
743 0.846000 0.839906
744 0.872000 0.839949
745 0.860000 0.839976
746 0.842000 0.839979
747 0.848000 0.839989
748 0.838000 0.839987
749 0.804000 0.839939
750 0.804000 0.839891
751 0.808000 0.839848
752 0.816000 0.839817
753 0.812000 0.839780
754 0.836000 0.839775
755 0.818000 0.839746
756 0.838000 0.839744
757 0.850000 0.839757
758 0.848000 0.839768
759 0.846000 0.839776
760 0.850000 0.839790
761 0.848000 0.839801
762 0.816000 0.839769
763 0.826000 0.839751
764 0.842000 0.839754
765 0.858000 0.839778
766 0.868000 0.839815
767 0.844000 0.839820
768 0.844000 0.839826
769 0.842000 0.839829
770 0.830000 0.839816
771 0.826000 0.839798
772 0.834000 0.839790
773 0.844000 0.839796
774 0.826000 0.839778
775 0.848000 0.839789
776 0.836000 0.839784
777 0.832000 0.839774
778 0.836000 0.839769
779 0.818000 0.839741
780 0.816000 0.839711
781 0.848000 0.839721
782 0.838000 0.839719
783 0.830000 0.839707
784 0.844000 0.839712
785 0.868000 0.839748
786 0.862000 0.839776
787 0.854000 0.839794
788 0.858000 0.839817
789 0.852000 0.839833
790 0.854000 0.839851
791 0.848000 0.839861
792 0.846000 0.839869
793 0.840000 0.839869
794 0.820000 0.839844
795 0.822000 0.839822
796 0.812000 0.839787
797 0.826000 0.839769
798 0.840000 0.839770
799 0.820000 0.839745
800 0.848000 0.839755
801 0.822000 0.839733
802 0.834000 0.839726
803 0.806000 0.839684
804 0.816000 0.839655
805 0.812000 0.839620
806 0.852000 0.839636
807 0.838000 0.839634
808 0.844000 0.839639
809 0.842000 0.839642
810 0.840000 0.839642
811 0.822000 0.839621
812 0.850000 0.839633
813 0.868000 0.839668
814 0.852000 0.839683
815 0.858000 0.839706
816 0.836000 0.839701
817 0.848000 0.839711
818 0.844000 0.839717
819 0.844000 0.839722
820 0.820000 0.839698
821 0.794000 0.839642
822 0.836000 0.839638
823 0.820000 0.839614
824 0.828000 0.839600
825 0.842000 0.839603
826 0.818000 0.839577
827 0.818000 0.839551
828 0.836000 0.839546
829 0.830000 0.839535
830 0.828000 0.839521
831 0.832000 0.839512
832 0.846000 0.839520
833 0.822000 0.839499
834 0.810000 0.839463
835 0.824000 0.839445
836 0.834000 0.839438
837 0.822000 0.839418
838 0.834000 0.839411
839 0.848000 0.839421
840 0.798000 0.839372
841 0.830000 0.839361
842 0.808000 0.839324
843 0.816000 0.839296
844 0.822000 0.839276
845 0.810000 0.839241
846 0.808000 0.839204
847 0.816000 0.839177
848 0.816000 0.839150
849 0.800000 0.839104
850 0.824000 0.839086
851 0.834000 0.839080
852 0.848000 0.839090
853 0.826000 0.839075
854 0.834000 0.839069
855 0.846000 0.839077
856 0.808000 0.839041
857 0.814000 0.839012
858 0.826000 0.838997
859 0.826000 0.838981
860 0.830000 0.838971
861 0.818000 0.838947
862 0.828000 0.838934
863 0.834000 0.838928
864 0.818000 0.838904
865 0.832000 0.838896
866 0.834000 0.838890
867 0.848000 0.838901
868 0.868000 0.838934
869 0.856000 0.838954
870 0.854000 0.838971
871 0.846000 0.838979
872 0.842000 0.838983
873 0.860000 0.839007
874 0.862000 0.839033
875 0.858000 0.839055
876 0.888000 0.839111
877 0.864000 0.839139
878 0.854000 0.839156
879 0.846000 0.839164
880 0.854000 0.839180
881 0.844000 0.839186
882 0.824000 0.839169
883 0.816000 0.839143
884 0.816000 0.839116
885 0.810000 0.839084
886 0.832000 0.839076
887 0.844000 0.839081
888 0.826000 0.839066
889 0.830000 0.839056
890 0.832000 0.839048
891 0.838000 0.839047
892 0.832000 0.839039
893 0.838000 0.839038
894 0.846000 0.839046
895 0.836000 0.839042
896 0.852000 0.839057
897 0.824000 0.839040
898 0.832000 0.839032
899 0.828000 0.839020
900 0.836000 0.839017
901 0.826000 0.839002
902 0.830000 0.838992
903 0.858000 0.839013
904 0.856000 0.839032
905 0.854000 0.839049
906 0.850000 0.839061
907 0.840000 0.839062
908 0.844000 0.839067
909 0.840000 0.839068
910 0.844000 0.839074
911 0.864000 0.839101
912 0.854000 0.839117
913 0.868000 0.839149
914 0.844000 0.839154
915 0.836000 0.839151
916 0.850000 0.839162
917 0.854000 0.839179
918 0.842000 0.839182
919 0.862000 0.839207
920 0.876000 0.839246
921 0.854000 0.839262
922 0.844000 0.839268
923 0.830000 0.839258
924 0.834000 0.839252
925 0.838000 0.839251
926 0.834000 0.839245
927 0.828000 0.839233
928 0.814000 0.839206
929 0.830000 0.839196
930 0.836000 0.839192
931 0.868000 0.839223
932 0.846000 0.839230
933 0.828000 0.839218
934 0.830000 0.839209
935 0.838000 0.839207
936 0.832000 0.839200
937 0.828000 0.839188
938 0.840000 0.839188
939 0.840000 0.839189
940 0.830000 0.839180
941 0.814000 0.839153
942 0.806000 0.839118
943 0.806000 0.839083
944 0.824000 0.839067
945 0.812000 0.839038
946 0.828000 0.839026
947 0.842000 0.839030
948 0.830000 0.839020
949 0.834000 0.839015
950 0.848000 0.839024
951 0.836000 0.839021
952 0.830000 0.839012
953 0.838000 0.839010
954 0.864000 0.839037
955 0.868000 0.839067
956 0.844000 0.839072
957 0.818000 0.839050
958 0.810000 0.839020
959 0.816000 0.838996
960 0.802000 0.838957
961 0.824000 0.838942
962 0.830000 0.838933
963 0.814000 0.838907
964 0.806000 0.838873
965 0.816000 0.838849
966 0.836000 0.838846
967 0.826000 0.838833
968 0.812000 0.838805
969 0.806000 0.838771
970 0.830000 0.838762
971 0.786000 0.838708
972 0.824000 0.838693
973 0.826000 0.838680
974 0.804000 0.838644
975 0.830000 0.838635
976 0.836000 0.838633
977 0.822000 0.838616
978 0.832000 0.838609
979 0.812000 0.838582
980 0.804000 0.838546
981 0.824000 0.838532
982 0.846000 0.838539
983 0.830000 0.838530
984 0.806000 0.838497
985 0.812000 0.838471
986 0.814000 0.838446
987 0.796000 0.838403
988 0.812000 0.838376
989 0.818000 0.838356
990 0.818000 0.838335
991 0.816000 0.838313
992 0.812000 0.838286
993 0.790000 0.838237
994 0.814000 0.838213
995 0.824000 0.838199
996 0.806000 0.838166
997 0.826000 0.838154
998 0.834000 0.838150
999 0.814000 0.838126
