0 1.000000 1.000000
1 0.984000 0.992000
2 0.968000 0.984000
3 0.956000 0.977000
4 0.932000 0.968000
5 0.944000 0.964000
6 0.948000 0.961714
7 0.956000 0.961000
8 0.954000 0.960222
9 0.928000 0.957000
10 0.946000 0.956000
11 0.940000 0.954667
12 0.952000 0.954462
13 0.942000 0.953571
14 0.936000 0.952400
15 0.922000 0.950500
16 0.928000 0.949176
17 0.926000 0.947889
18 0.924000 0.946632
19 0.926000 0.945600
20 0.928000 0.944762
21 0.914000 0.943364
22 0.926000 0.942609
23 0.934000 0.942250
24 0.944000 0.942320
25 0.934000 0.942000
26 0.926000 0.941407
27 0.932000 0.941071
28 0.936000 0.940897
29 0.928000 0.940467
30 0.906000 0.939355
31 0.902000 0.938187
32 0.914000 0.937455
33 0.916000 0.936824
34 0.934000 0.936743
35 0.908000 0.935944
36 0.922000 0.935568
37 0.914000 0.935000
38 0.918000 0.934564
39 0.928000 0.934400
40 0.900000 0.933561
41 0.916000 0.933143
42 0.914000 0.932698
43 0.918000 0.932364
44 0.934000 0.932400
45 0.924000 0.932217
46 0.934000 0.932255
47 0.918000 0.931958
48 0.916000 0.931633
49 0.930000 0.931600
50 0.918000 0.931333
51 0.930000 0.931308
52 0.932000 0.931321
53 0.924000 0.931185
54 0.918000 0.930945
55 0.926000 0.930857
56 0.926000 0.930772
57 0.940000 0.930931
58 0.908000 0.930542
59 0.922000 0.930400
60 0.924000 0.930295
61 0.918000 0.930097
62 0.906000 0.929714
63 0.926000 0.929656
64 0.938000 0.929785
65 0.934000 0.929848
66 0.926000 0.929791
67 0.930000 0.929794
68 0.948000 0.930058
69 0.926000 0.930000
70 0.932000 0.930028
71 0.936000 0.930111
72 0.920000 0.929973
73 0.922000 0.929865
74 0.938000 0.929973
75 0.936000 0.930053
76 0.926000 0.930000
77 0.936000 0.930077
78 0.930000 0.930076
79 0.914000 0.929875
80 0.928000 0.929852
81 0.916000 0.929683
82 0.918000 0.929542
83 0.916000 0.929381
84 0.924000 0.929318
85 0.908000 0.929070
86 0.908000 0.928828
87 0.920000 0.928727
88 0.906000 0.928472
89 0.918000 0.928356
90 0.932000 0.928396
91 0.912000 0.928217
92 0.914000 0.928065
93 0.914000 0.927915
94 0.944000 0.928084
95 0.924000 0.928042
96 0.910000 0.927856
97 0.910000 0.927673
98 0.912000 0.927515
99 0.916000 0.927400
100 0.908000 0.927208
101 0.912000 0.927059
102 0.910000 0.926893
103 0.912000 0.926750
104 0.922000 0.926705
105 0.904000 0.926491
106 0.918000 0.926411
107 0.938000 0.926519
108 0.944000 0.926679
109 0.926000 0.926673
110 0.934000 0.926739
111 0.928000 0.926750
112 0.944000 0.926903
113 0.956000 0.927158
114 0.932000 0.927200
115 0.930000 0.927224
116 0.928000 0.927231
117 0.928000 0.927237
118 0.940000 0.927345
119 0.932000 0.927383
120 0.922000 0.927339
121 0.920000 0.927279
122 0.924000 0.927252
123 0.926000 0.927242
124 0.928000 0.927248
125 0.934000 0.927302
126 0.930000 0.927323
127 0.928000 0.927328
128 0.924000 0.927302
129 0.930000 0.927323
130 0.908000 0.927176
131 0.922000 0.927136
132 0.900000 0.926932
133 0.906000 0.926776
134 0.920000 0.926726
135 0.924000 0.926706
136 0.946000 0.926847
137 0.930000 0.926870
138 0.934000 0.926921
139 0.942000 0.927029
140 0.920000 0.926979
141 0.920000 0.926930
142 0.922000 0.926895
143 0.918000 0.926833
144 0.922000 0.926800
145 0.916000 0.926726
146 0.932000 0.926762
147 0.938000 0.926838
148 0.944000 0.926953
149 0.948000 0.927093
150 0.914000 0.927007
151 0.930000 0.927026
152 0.924000 0.927007
153 0.936000 0.927065
154 0.906000 0.926929
155 0.924000 0.926910
156 0.904000 0.926764
157 0.902000 0.926608
158 0.904000 0.926465
159 0.906000 0.926337
160 0.916000 0.926273
161 0.920000 0.926235
162 0.920000 0.926196
163 0.926000 0.926195
164 0.916000 0.926133
165 0.918000 0.926084
166 0.936000 0.926144
167 0.920000 0.926107
168 0.934000 0.926154
169 0.922000 0.926129
170 0.908000 0.926023
171 0.914000 0.925953
172 0.912000 0.925873
173 0.924000 0.925862
174 0.928000 0.925874
175 0.922000 0.925852
176 0.920000 0.925819
177 0.918000 0.925775
178 0.910000 0.925687
179 0.930000 0.925711
180 0.932000 0.925746
181 0.932000 0.925780
182 0.932000 0.925814
183 0.920000 0.925783
184 0.936000 0.925838
185 0.930000 0.925860
186 0.930000 0.925882
187 0.916000 0.925830
188 0.902000 0.925704
189 0.928000 0.925716
190 0.914000 0.925654
191 0.924000 0.925646
192 0.918000 0.925606
193 0.952000 0.925742
194 0.916000 0.925692
195 0.928000 0.925704
196 0.942000 0.925787
197 0.940000 0.925859
198 0.930000 0.925879
199 0.928000 0.925890
200 0.932000 0.925920
201 0.926000 0.925921
202 0.934000 0.925961
203 0.940000 0.926029
204 0.932000 0.926059
205 0.940000 0.926126
206 0.926000 0.926126
207 0.934000 0.926163
208 0.928000 0.926172
209 0.938000 0.926229
210 0.906000 0.926133
211 0.906000 0.926038
212 0.926000 0.926038
213 0.936000 0.926084
214 0.926000 0.926084
215 0.944000 0.926167
216 0.940000 0.926230
217 0.946000 0.926321
218 0.938000 0.926374
219 0.936000 0.926418
220 0.922000 0.926398
221 0.920000 0.926369
222 0.926000 0.926368
223 0.930000 0.926384
224 0.928000 0.926391
225 0.926000 0.926389
226 0.928000 0.926396
227 0.930000 0.926412
228 0.916000 0.926367
229 0.926000 0.926365
230 0.914000 0.926312
231 0.920000 0.926284
232 0.928000 0.926292
233 0.920000 0.926265
234 0.910000 0.926196
235 0.928000 0.926203
236 0.928000 0.926211
237 0.918000 0.926176
238 0.914000 0.926126
239 0.924000 0.926117
240 0.912000 0.926058
241 0.922000 0.926041
242 0.930000 0.926058
243 0.934000 0.926090
244 0.896000 0.925967
245 0.910000 0.925902
246 0.912000 0.925846
247 0.932000 0.925871
248 0.922000 0.925855
249 0.902000 0.925760
250 0.910000 0.925697
251 0.904000 0.925611
252 0.926000 0.925613
253 0.920000 0.925591
254 0.922000 0.925576
255 0.934000 0.925609
256 0.920000 0.925588
257 0.898000 0.925481
258 0.932000 0.925506
259 0.926000 0.925508
260 0.926000 0.925510
261 0.930000 0.925527
262 0.926000 0.925529
263 0.910000 0.925470
264 0.904000 0.925389
265 0.924000 0.925383
266 0.938000 0.925431
267 0.948000 0.925515
268 0.930000 0.925532
269 0.918000 0.925504
270 0.918000 0.925476
271 0.920000 0.925456
272 0.944000 0.925524
273 0.946000 0.925599
274 0.938000 0.925644
275 0.936000 0.925681
276 0.932000 0.925704
277 0.928000 0.925712
278 0.930000 0.925728
279 0.920000 0.925707
280 0.934000 0.925737
281 0.924000 0.925730
282 0.926000 0.925731
283 0.918000 0.925704
284 0.914000 0.925663
285 0.910000 0.925608
286 0.932000 0.925631
287 0.918000 0.925604
288 0.920000 0.925585
289 0.920000 0.925566
290 0.918000 0.925540
291 0.914000 0.925500
292 0.918000 0.925474
293 0.934000 0.925503
294 0.932000 0.925525
295 0.932000 0.925547
296 0.924000 0.925542
297 0.938000 0.925584
298 0.940000 0.925632
299 0.930000 0.925647
300 0.928000 0.925654
301 0.926000 0.925656
302 0.920000 0.925637
303 0.926000 0.925638
304 0.924000 0.925633
305 0.936000 0.925667
306 0.928000 0.925674
307 0.926000 0.925675
308 0.938000 0.925715
309 0.946000 0.925781
310 0.920000 0.925762
311 0.914000 0.925724
312 0.924000 0.925719
313 0.916000 0.925688
314 0.916000 0.925657
315 0.920000 0.925639
316 0.928000 0.925647
317 0.920000 0.925629
318 0.916000 0.925599
319 0.924000 0.925594
320 0.936000 0.925626
321 0.920000 0.925609
322 0.926000 0.925610
323 0.936000 0.925642
324 0.922000 0.925631
325 0.922000 0.925620
326 0.922000 0.925609
327 0.908000 0.925555
328 0.902000 0.925483
329 0.902000 0.925412
330 0.928000 0.925420
331 0.946000 0.925482
332 0.928000 0.925489
333 0.936000 0.925521
334 0.932000 0.925540
335 0.924000 0.925536
336 0.912000 0.925496
337 0.930000 0.925509
338 0.932000 0.925528
339 0.932000 0.925547
340 0.922000 0.925537
341 0.920000 0.925520
342 0.918000 0.925499
343 0.936000 0.925529
344 0.924000 0.925525
345 0.920000 0.925509
346 0.930000 0.925522
347 0.922000 0.925511
348 0.928000 0.925519
349 0.926000 0.925520
350 0.926000 0.925521
351 0.940000 0.925562
352 0.944000 0.925615
353 0.932000 0.925633
354 0.936000 0.925662
355 0.914000 0.925629
356 0.914000 0.925597
357 0.928000 0.925603
358 0.944000 0.925655
359 0.940000 0.925694
360 0.928000 0.925701
361 0.942000 0.925746
362 0.932000 0.925763
363 0.936000 0.925791
364 0.938000 0.925825
365 0.924000 0.925820
366 0.906000 0.925766
367 0.916000 0.925739
368 0.928000 0.925745
369 0.934000 0.925768
370 0.934000 0.925790
371 0.938000 0.925823
372 0.930000 0.925834
373 0.926000 0.925834
374 0.934000 0.925856
375 0.934000 0.925878
376 0.924000 0.925873
377 0.914000 0.925841
378 0.912000 0.925805
379 0.918000 0.925784
380 0.914000 0.925753
381 0.932000 0.925770
382 0.934000 0.925791
383 0.932000 0.925807
384 0.912000 0.925771
385 0.910000 0.925731
386 0.924000 0.925726
387 0.922000 0.925716
388 0.912000 0.925681
389 0.902000 0.925621
390 0.924000 0.925616
391 0.922000 0.925607
392 0.932000 0.925623
393 0.940000 0.925660
394 0.928000 0.925666
395 0.906000 0.925616
396 0.926000 0.925617
397 0.930000 0.925628
398 0.906000 0.925579
399 0.910000 0.925540
400 0.918000 0.925521
401 0.928000 0.925527
402 0.932000 0.925543
403 0.938000 0.925574
404 0.932000 0.925590
405 0.912000 0.925557
406 0.922000 0.925548
407 0.934000 0.925569
408 0.916000 0.925545
409 0.918000 0.925527
410 0.924000 0.925523
411 0.904000 0.925471
412 0.890000 0.925385
413 0.904000 0.925333
414 0.920000 0.925320
415 0.920000 0.925308
416 0.910000 0.925271
417 0.920000 0.925258
418 0.924000 0.925255
419 0.918000 0.925238
420 0.928000 0.925245
421 0.926000 0.925246
422 0.918000 0.925229
423 0.918000 0.925212
424 0.926000 0.925214
425 0.900000 0.925155
426 0.920000 0.925143
427 0.906000 0.925098
428 0.916000 0.925077
429 0.906000 0.925033
430 0.910000 0.924998
431 0.920000 0.924986
432 0.922000 0.924979
433 0.926000 0.924982
434 0.904000 0.924933
435 0.924000 0.924931
436 0.910000 0.924897
437 0.902000 0.924845
438 0.900000 0.924788
439 0.892000 0.924714
440 0.894000 0.924644
441 0.918000 0.924629
442 0.932000 0.924646
443 0.918000 0.924631
444 0.922000 0.924625
445 0.906000 0.924583
446 0.920000 0.924573
447 0.922000 0.924567
448 0.916000 0.924548
449 0.916000 0.924529
450 0.936000 0.924554
451 0.940000 0.924588
452 0.930000 0.924600
453 0.942000 0.924639
454 0.944000 0.924681
455 0.936000 0.924706
456 0.950000 0.924761
457 0.936000 0.924786
458 0.938000 0.924815
459 0.946000 0.924861
460 0.940000 0.924894
461 0.926000 0.924896
462 0.920000 0.924886
463 0.936000 0.924909
464 0.924000 0.924908
465 0.918000 0.924893
466 0.920000 0.924882
467 0.940000 0.924915
468 0.922000 0.924908
469 0.900000 0.924855
470 0.910000 0.924824
471 0.934000 0.924843
472 0.920000 0.924833
473 0.920000 0.924823
474 0.930000 0.924834
475 0.936000 0.924857
476 0.938000 0.924885
477 0.920000 0.924874
478 0.910000 0.924843
479 0.910000 0.924813
480 0.924000 0.924811
481 0.918000 0.924797
482 0.934000 0.924816
483 0.928000 0.924822
484 0.920000 0.924812
485 0.914000 0.924790
486 0.914000 0.924768
487 0.928000 0.924775
488 0.932000 0.924789
489 0.922000 0.924784
490 0.940000 0.924815
491 0.936000 0.924837
492 0.952000 0.924892
493 0.958000 0.924960
494 0.958000 0.925026
495 0.928000 0.925032
496 0.932000 0.925046
497 0.924000 0.925044
498 0.916000 0.925026
499 0.902000 0.924980
500 0.908000 0.924946
501 0.928000 0.924952
502 0.924000 0.924950
503 0.928000 0.924956
504 0.938000 0.924982
505 0.912000 0.924957
506 0.924000 0.924955
507 0.918000 0.924941
508 0.928000 0.924947
509 0.928000 0.924953
510 0.934000 0.924971
511 0.920000 0.924961
512 0.918000 0.924947
513 0.920000 0.924938
514 0.912000 0.924913
515 0.914000 0.924891
516 0.918000 0.924878
517 0.916000 0.924861
518 0.928000 0.924867
519 0.930000 0.924877
520 0.932000 0.924891
521 0.930000 0.924900
522 0.922000 0.924895
523 0.926000 0.924897
524 0.932000 0.924910
525 0.920000 0.924901
526 0.940000 0.924930
527 0.956000 0.924989
528 0.946000 0.925028
529 0.924000 0.925026
530 0.924000 0.925024
531 0.912000 0.925000
532 0.928000 0.925006
533 0.936000 0.925026
534 0.922000 0.925021
535 0.926000 0.925022
536 0.920000 0.925013
537 0.938000 0.925037
538 0.926000 0.925039
539 0.928000 0.925044
540 0.936000 0.925065
541 0.930000 0.925074
542 0.924000 0.925072
543 0.928000 0.925077
544 0.920000 0.925068
545 0.916000 0.925051
546 0.940000 0.925079
547 0.946000 0.925117
548 0.940000 0.925144
549 0.936000 0.925164
550 0.924000 0.925162
551 0.914000 0.925141
552 0.938000 0.925165
553 0.916000 0.925148
554 0.904000 0.925110
555 0.924000 0.925108
556 0.914000 0.925088
557 0.936000 0.925108
558 0.920000 0.925098
559 0.920000 0.925089
560 0.924000 0.925087
561 0.908000 0.925057
562 0.924000 0.925055
563 0.912000 0.925032
564 0.916000 0.925016
565 0.910000 0.924989
566 0.910000 0.924963
567 0.902000 0.924923
568 0.900000 0.924879
569 0.924000 0.924877
570 0.928000 0.924883
571 0.920000 0.924874
572 0.904000 0.924838
573 0.904000 0.924801
574 0.920000 0.924793
575 0.924000 0.924792
576 0.920000 0.924783
577 0.918000 0.924772
578 0.910000 0.924746
579 0.918000 0.924734
580 0.914000 0.924716
581 0.928000 0.924722
582 0.938000 0.924744
583 0.924000 0.924743
584 0.942000 0.924773
585 0.932000 0.924785
586 0.930000 0.924794
587 0.918000 0.924782
588 0.926000 0.924784
589 0.938000 0.924807
590 0.930000 0.924816
591 0.930000 0.924824
592 0.920000 0.924816
593 0.922000 0.924811
594 0.920000 0.924803
595 0.914000 0.924785
596 0.928000 0.924791
597 0.934000 0.924806
598 0.924000 0.924805
599 0.936000 0.924823
600 0.914000 0.924805
601 0.922000 0.924801
602 0.920000 0.924793
603 0.928000 0.924798
604 0.928000 0.924803
605 0.928000 0.924809
606 0.920000 0.924801
607 0.922000 0.924796
608 0.922000 0.924791
609 0.928000 0.924797
610 0.920000 0.924789
611 0.926000 0.924791
612 0.938000 0.924812
613 0.934000 0.924827
614 0.934000 0.924842
615 0.922000 0.924838
616 0.932000 0.924849
617 0.924000 0.924848
618 0.918000 0.924837
619 0.924000 0.924835
620 0.924000 0.924834
621 0.906000 0.924804
622 0.910000 0.924780
623 0.920000 0.924772
624 0.922000 0.924768
625 0.914000 0.924751
626 0.932000 0.924762
627 0.920000 0.924755
628 0.922000 0.924750
629 0.910000 0.924727
630 0.922000 0.924723
631 0.924000 0.924722
632 0.914000 0.924705
633 0.904000 0.924672
634 0.922000 0.924668
635 0.936000 0.924686
636 0.928000 0.924691
637 0.924000 0.924690
638 0.916000 0.924676
639 0.906000 0.924647
640 0.906000 0.924618
641 0.918000 0.924607
642 0.898000 0.924566
643 0.908000 0.924540
644 0.912000 0.924521
645 0.922000 0.924517
646 0.942000 0.924544
647 0.932000 0.924556
648 0.920000 0.924549
649 0.916000 0.924535
650 0.912000 0.924516
651 0.932000 0.924528
652 0.928000 0.924533
653 0.940000 0.924557
654 0.928000 0.924562
655 0.922000 0.924558
656 0.928000 0.924563
657 0.924000 0.924562
658 0.936000 0.924580
659 0.916000 0.924567
660 0.938000 0.924587
661 0.926000 0.924589
662 0.930000 0.924597
663 0.930000 0.924605
664 0.940000 0.924629
665 0.916000 0.924616
666 0.920000 0.924609
667 0.930000 0.924617
668 0.936000 0.924634
669 0.942000 0.924660
670 0.942000 0.924686
671 0.924000 0.924685
672 0.932000 0.924695
673 0.928000 0.924700
674 0.930000 0.924708
675 0.940000 0.924731
676 0.924000 0.924730
677 0.918000 0.924720
678 0.916000 0.924707
679 0.932000 0.924718
680 0.918000 0.924708
681 0.936000 0.924724
682 0.930000 0.924732
683 0.936000 0.924749
684 0.936000 0.924765
685 0.934000 0.924778
686 0.946000 0.924809
687 0.924000 0.924808
688 0.928000 0.924813
689 0.930000 0.924820
690 0.930000 0.924828
691 0.920000 0.924821
692 0.902000 0.924788
693 0.926000 0.924790
694 0.922000 0.924786
695 0.920000 0.924779
696 0.912000 0.924760
697 0.920000 0.924754
698 0.914000 0.924738
699 0.928000 0.924743
700 0.924000 0.924742
701 0.908000 0.924718
702 0.916000 0.924706
703 0.916000 0.924693
704 0.926000 0.924695
705 0.924000 0.924694
706 0.926000 0.924696
707 0.910000 0.924675
708 0.904000 0.924646
709 0.910000 0.924625
710 0.936000 0.924641
711 0.928000 0.924646
712 0.930000 0.924654
713 0.930000 0.924661
714 0.924000 0.924660
715 0.916000 0.924648
716 0.930000 0.924656
717 0.930000 0.924663
718 0.946000 0.924693
719 0.934000 0.924706
720 0.912000 0.924688
721 0.934000 0.924701
722 0.936000 0.924716
723 0.934000 0.924729
724 0.932000 0.924739
725 0.918000 0.924730
726 0.928000 0.924735
727 0.942000 0.924758
728 0.938000 0.924776
729 0.932000 0.924786
730 0.950000 0.924821
731 0.938000 0.924839
732 0.942000 0.924862
733 0.918000 0.924853
734 0.910000 0.924833
735 0.908000 0.924810
736 0.930000 0.924817
737 0.924000 0.924816
738 0.916000 0.924804
739 0.924000 0.924803
740 0.918000 0.924794
741 0.938000 0.924811
742 0.940000 0.924832
743 0.932000 0.924841
744 0.926000 0.924843
745 0.924000 0.924842
746 0.928000 0.924846
747 0.938000 0.924864
748 0.932000 0.924873
749 0.922000 0.924869
750 0.914000 0.924855
751 0.918000 0.924846
752 0.926000 0.924847
753 0.920000 0.924841
754 0.936000 0.924856
755 0.920000 0.924849
756 0.922000 0.924845
757 0.940000 0.924865
758 0.930000 0.924872
759 0.924000 0.924871
760 0.942000 0.924894
761 0.942000 0.924916
762 0.930000 0.924923
763 0.918000 0.924914
764 0.922000 0.924910
765 0.926000 0.924911
766 0.930000 0.924918
767 0.910000 0.924898
768 0.918000 0.924889
769 0.926000 0.924891
770 0.922000 0.924887
771 0.916000 0.924876
772 0.928000 0.924880
773 0.938000 0.924897
774 0.940000 0.924916
775 0.924000 0.924915
776 0.906000 0.924891
777 0.910000 0.924871
778 0.916000 0.924860
779 0.922000 0.924856
780 0.934000 0.924868
781 0.950000 0.924900
782 0.934000 0.924912
783 0.920000 0.924906
784 0.920000 0.924899
785 0.926000 0.924901
786 0.934000 0.924912
787 0.934000 0.924924
788 0.946000 0.924951
789 0.934000 0.924962
790 0.924000 0.924961
791 0.924000 0.924960
792 0.934000 0.924971
793 0.928000 0.924975
794 0.924000 0.924974
795 0.928000 0.924977
796 0.914000 0.924964
797 0.928000 0.924967
798 0.936000 0.924981
799 0.928000 0.924985
800 0.940000 0.925004
801 0.912000 0.924988
802 0.920000 0.924981
803 0.902000 0.924953
804 0.912000 0.924937
805 0.904000 0.924911
806 0.924000 0.924910
807 0.910000 0.924891
808 0.906000 0.924868
809 0.908000 0.924847
810 0.928000 0.924851
811 0.912000 0.924835
812 0.942000 0.924856
813 0.948000 0.924885
814 0.928000 0.924888
815 0.940000 0.924907
816 0.930000 0.924913
817 0.928000 0.924917
818 0.920000 0.924911
819 0.922000 0.924907
820 0.916000 0.924896
821 0.916000 0.924886
822 0.944000 0.924909
823 0.930000 0.924915
824 0.916000 0.924904
825 0.924000 0.924903
826 0.906000 0.924880
827 0.916000 0.924870
828 0.920000 0.924864
829 0.920000 0.924858
830 0.908000 0.924838
831 0.906000 0.924815
832 0.924000 0.924814
833 0.906000 0.924791
834 0.916000 0.924781
835 0.928000 0.924785
836 0.924000 0.924784
837 0.910000 0.924766
838 0.918000 0.924758
839 0.926000 0.924760
840 0.898000 0.924728
841 0.906000 0.924705
842 0.906000 0.924683
843 0.908000 0.924664
844 0.920000 0.924658
845 0.916000 0.924648
846 0.918000 0.924640
847 0.924000 0.924639
848 0.916000 0.924629
849 0.904000 0.924605
850 0.914000 0.924592
851 0.916000 0.924582
852 0.924000 0.924581
853 0.936000 0.924595
854 0.920000 0.924589
855 0.930000 0.924596
856 0.914000 0.924583
857 0.920000 0.924578
858 0.900000 0.924549
859 0.908000 0.924530
860 0.916000 0.924520
861 0.918000 0.924513
862 0.922000 0.924510
863 0.910000 0.924493
864 0.910000 0.924476
865 0.920000 0.924471
866 0.930000 0.924478
867 0.946000 0.924502
868 0.960000 0.924543
869 0.950000 0.924572
870 0.948000 0.924599
871 0.942000 0.924619
872 0.920000 0.924614
873 0.936000 0.924627
874 0.926000 0.924629
875 0.938000 0.924644
876 0.958000 0.924682
877 0.942000 0.924702
878 0.936000 0.924714
879 0.930000 0.924720
880 0.946000 0.924745
881 0.924000 0.924744
882 0.910000 0.924727
883 0.918000 0.924719
884 0.926000 0.924721
885 0.902000 0.924695
886 0.920000 0.924690
887 0.922000 0.924687
888 0.904000 0.924664
889 0.918000 0.924656
890 0.920000 0.924651
891 0.916000 0.924641
892 0.920000 0.924636
893 0.936000 0.924649
894 0.944000 0.924670
895 0.938000 0.924685
896 0.952000 0.924716
897 0.928000 0.924719
898 0.906000 0.924699
899 0.892000 0.924662
900 0.898000 0.924633
901 0.910000 0.924616
902 0.910000 0.924600
903 0.940000 0.924617
904 0.934000 0.924628
905 0.938000 0.924642
906 0.930000 0.924648
907 0.910000 0.924632
908 0.916000 0.924623
909 0.906000 0.924602
910 0.916000 0.924593
911 0.940000 0.924610
912 0.934000 0.924620
913 0.942000 0.924639
914 0.928000 0.924643
915 0.932000 0.924651
916 0.940000 0.924667
917 0.938000 0.924682
918 0.936000 0.924694
919 0.944000 0.924715
920 0.954000 0.924747
921 0.936000 0.924759
922 0.932000 0.924767
923 0.922000 0.924764
924 0.902000 0.924739
925 0.912000 0.924726
926 0.914000 0.924714
927 0.914000 0.924703
928 0.900000 0.924676
929 0.914000 0.924665
930 0.916000 0.924655
931 0.940000 0.924672
932 0.928000 0.924675
933 0.904000 0.924653
934 0.920000 0.924648
935 0.918000 0.924641
936 0.922000 0.924638
937 0.932000 0.924646
938 0.940000 0.924662
939 0.922000 0.924660
940 0.922000 0.924657
941 0.920000 0.924652
942 0.898000 0.924624
943 0.898000 0.924595
944 0.920000 0.924590
945 0.910000 0.924575
946 0.914000 0.924564
947 0.912000 0.924551
948 0.922000 0.924548
949 0.918000 0.924541
950 0.922000 0.924538
951 0.910000 0.924523
952 0.908000 0.924506
953 0.910000 0.924491
954 0.938000 0.924505
955 0.920000 0.924500
956 0.920000 0.924495
957 0.912000 0.924482
958 0.916000 0.924473
959 0.926000 0.924475
960 0.914000 0.924464
961 0.928000 0.924468
962 0.936000 0.924480
963 0.926000 0.924481
964 0.912000 0.924468
965 0.918000 0.924462
966 0.934000 0.924472
967 0.912000 0.924459
968 0.894000 0.924427
969 0.904000 0.924406
970 0.932000 0.924414
971 0.906000 0.924395
972 0.932000 0.924403
973 0.942000 0.924421
974 0.920000 0.924416
975 0.924000 0.924416
976 0.912000 0.924403
977 0.914000 0.924393
978 0.920000 0.924388
979 0.922000 0.924386
980 0.922000 0.924383
981 0.932000 0.924391
982 0.918000 0.924385
983 0.916000 0.924376
984 0.920000 0.924372
985 0.936000 0.924383
986 0.928000 0.924387
987 0.912000 0.924374
988 0.910000 0.924360
989 0.920000 0.924356
990 0.922000 0.924353
991 0.938000 0.924367
992 0.922000 0.924365
993 0.916000 0.924356
994 0.920000 0.924352
995 0.928000 0.924355
996 0.912000 0.924343
997 0.918000 0.924337
998 0.932000 0.924344
999 0.926000 0.924346
