0 1.000000 1.000000
1 0.984000 0.992000
2 0.970000 0.984667
3 0.964000 0.979500
4 0.942000 0.972000
5 0.958000 0.969667
6 0.960000 0.968286
7 0.958000 0.967000
8 0.962000 0.966444
9 0.948000 0.964600
10 0.952000 0.963455
11 0.948000 0.962167
12 0.958000 0.961846
13 0.948000 0.960857
14 0.948000 0.960000
15 0.926000 0.957875
16 0.940000 0.956824
17 0.936000 0.955667
18 0.940000 0.954842
19 0.940000 0.954100
20 0.936000 0.953238
21 0.930000 0.952182
22 0.940000 0.951652
23 0.940000 0.951167
24 0.950000 0.951120
25 0.940000 0.950692
26 0.942000 0.950370
27 0.944000 0.950143
28 0.948000 0.950069
29 0.944000 0.949867
30 0.932000 0.949290
31 0.928000 0.948625
32 0.936000 0.948242
33 0.946000 0.948176
34 0.946000 0.948114
35 0.924000 0.947444
36 0.936000 0.947135
37 0.926000 0.946579
38 0.928000 0.946103
39 0.936000 0.945850
40 0.908000 0.944927
41 0.924000 0.944429
42 0.926000 0.944000
43 0.934000 0.943773
44 0.944000 0.943778
45 0.936000 0.943609
46 0.944000 0.943617
47 0.932000 0.943375
48 0.930000 0.943102
49 0.950000 0.943240
50 0.940000 0.943176
51 0.944000 0.943192
52 0.942000 0.943170
53 0.934000 0.943000
54 0.940000 0.942945
55 0.944000 0.942964
56 0.946000 0.943018
57 0.946000 0.943069
58 0.928000 0.942814
59 0.940000 0.942767
60 0.926000 0.942492
61 0.930000 0.942290
62 0.918000 0.941905
63 0.934000 0.941781
64 0.942000 0.941785
65 0.946000 0.941848
66 0.936000 0.941761
67 0.942000 0.941765
68 0.958000 0.942000
69 0.938000 0.941943
70 0.948000 0.942028
71 0.948000 0.942111
72 0.934000 0.942000
73 0.930000 0.941838
74 0.948000 0.941920
75 0.944000 0.941947
76 0.944000 0.941974
77 0.954000 0.942128
78 0.948000 0.942203
79 0.926000 0.942000
80 0.944000 0.942025
81 0.934000 0.941927
82 0.934000 0.941831
83 0.936000 0.941762
84 0.932000 0.941647
85 0.922000 0.941419
86 0.922000 0.941195
87 0.932000 0.941091
88 0.922000 0.940876
89 0.938000 0.940844
90 0.948000 0.940923
91 0.926000 0.940761
92 0.926000 0.940602
93 0.932000 0.940511
94 0.958000 0.940695
95 0.944000 0.940729
96 0.932000 0.940639
97 0.930000 0.940531
98 0.926000 0.940384
99 0.936000 0.940340
100 0.930000 0.940238
101 0.938000 0.940216
102 0.940000 0.940214
103 0.934000 0.940154
104 0.948000 0.940229
105 0.930000 0.940132
106 0.934000 0.940075
107 0.948000 0.940148
108 0.966000 0.940385
109 0.952000 0.940491
110 0.960000 0.940667
111 0.952000 0.940768
112 0.960000 0.940938
113 0.972000 0.941211
114 0.944000 0.941235
115 0.944000 0.941259
116 0.950000 0.941333
117 0.950000 0.941407
118 0.964000 0.941597
119 0.952000 0.941683
120 0.940000 0.941669
121 0.940000 0.941656
122 0.940000 0.941642
123 0.940000 0.941629
124 0.938000 0.941600
125 0.948000 0.941651
126 0.948000 0.941701
127 0.938000 0.941672
128 0.944000 0.941690
129 0.952000 0.941769
130 0.930000 0.941679
131 0.942000 0.941682
132 0.932000 0.941609
133 0.932000 0.941537
134 0.940000 0.941526
135 0.934000 0.941471
136 0.954000 0.941562
137 0.950000 0.941623
138 0.958000 0.941741
139 0.960000 0.941871
140 0.954000 0.941957
141 0.954000 0.942042
142 0.948000 0.942084
143 0.940000 0.942069
144 0.942000 0.942069
145 0.938000 0.942041
146 0.962000 0.942177
147 0.958000 0.942284
148 0.964000 0.942430
149 0.964000 0.942573
150 0.936000 0.942530
151 0.940000 0.942513
152 0.938000 0.942484
153 0.950000 0.942532
154 0.932000 0.942465
155 0.952000 0.942526
156 0.928000 0.942433
157 0.924000 0.942316
158 0.920000 0.942176
159 0.930000 0.942100
160 0.942000 0.942099
161 0.950000 0.942148
162 0.938000 0.942123
163 0.944000 0.942134
164 0.940000 0.942121
165 0.944000 0.942133
166 0.952000 0.942192
167 0.946000 0.942214
168 0.954000 0.942284
169 0.946000 0.942306
170 0.940000 0.942292
171 0.934000 0.942244
172 0.934000 0.942197
173 0.948000 0.942230
174 0.950000 0.942274
175 0.944000 0.942284
176 0.952000 0.942339
177 0.936000 0.942303
178 0.934000 0.942257
179 0.954000 0.942322
180 0.962000 0.942431
181 0.958000 0.942516
182 0.960000 0.942612
183 0.944000 0.942620
184 0.950000 0.942659
185 0.956000 0.942731
186 0.952000 0.942781
187 0.948000 0.942809
188 0.926000 0.942720
189 0.950000 0.942758
190 0.932000 0.942702
191 0.938000 0.942677
192 0.934000 0.942632
193 0.962000 0.942732
194 0.932000 0.942677
195 0.938000 0.942653
196 0.954000 0.942711
197 0.950000 0.942747
198 0.936000 0.942714
199 0.934000 0.942670
200 0.950000 0.942706
201 0.938000 0.942683
202 0.946000 0.942700
203 0.952000 0.942745
204 0.950000 0.942780
205 0.948000 0.942806
206 0.938000 0.942783
207 0.946000 0.942798
208 0.940000 0.942785
209 0.954000 0.942838
210 0.924000 0.942749
211 0.932000 0.942698
212 0.952000 0.942742
213 0.936000 0.942710
214 0.938000 0.942688
215 0.962000 0.942778
216 0.956000 0.942839
217 0.960000 0.942917
218 0.952000 0.942959
219 0.952000 0.943000
220 0.942000 0.942995
221 0.936000 0.942964
222 0.938000 0.942942
223 0.938000 0.942920
224 0.946000 0.942933
225 0.944000 0.942938
226 0.936000 0.942907
227 0.938000 0.942886
228 0.928000 0.942821
229 0.936000 0.942791
230 0.938000 0.942771
231 0.946000 0.942784
232 0.946000 0.942798
233 0.936000 0.942769
234 0.928000 0.942706
235 0.940000 0.942695
236 0.950000 0.942726
237 0.940000 0.942714
238 0.936000 0.942686
239 0.934000 0.942650
240 0.934000 0.942614
241 0.946000 0.942628
242 0.944000 0.942634
243 0.950000 0.942664
244 0.920000 0.942571
245 0.926000 0.942504
246 0.928000 0.942445
247 0.948000 0.942468
248 0.938000 0.942450
249 0.928000 0.942392
250 0.938000 0.942375
251 0.934000 0.942341
252 0.948000 0.942364
253 0.944000 0.942370
254 0.932000 0.942329
255 0.948000 0.942352
256 0.938000 0.942335
257 0.928000 0.942279
258 0.952000 0.942317
259 0.952000 0.942354
260 0.948000 0.942375
261 0.954000 0.942420
262 0.956000 0.942471
263 0.928000 0.942417
264 0.932000 0.942377
265 0.946000 0.942391
266 0.956000 0.942442
267 0.966000 0.942530
268 0.948000 0.942550
269 0.942000 0.942548
270 0.936000 0.942524
271 0.932000 0.942485
272 0.956000 0.942535
273 0.958000 0.942591
274 0.956000 0.942640
275 0.944000 0.942645
276 0.940000 0.942635
277 0.936000 0.942612
278 0.946000 0.942624
279 0.934000 0.942593
280 0.954000 0.942633
281 0.942000 0.942631
282 0.944000 0.942636
283 0.936000 0.942613
284 0.932000 0.942575
285 0.924000 0.942510
286 0.946000 0.942523
287 0.926000 0.942465
288 0.930000 0.942422
289 0.934000 0.942393
290 0.932000 0.942357
291 0.936000 0.942336
292 0.936000 0.942314
293 0.950000 0.942340
294 0.948000 0.942359
295 0.946000 0.942372
296 0.936000 0.942350
297 0.956000 0.942396
298 0.950000 0.942421
299 0.950000 0.942447
300 0.942000 0.942445
301 0.946000 0.942457
302 0.936000 0.942436
303 0.946000 0.942447
304 0.942000 0.942446
305 0.950000 0.942471
306 0.946000 0.942482
307 0.956000 0.942526
308 0.960000 0.942583
309 0.966000 0.942658
310 0.942000 0.942656
311 0.938000 0.942641
312 0.948000 0.942658
313 0.946000 0.942669
314 0.942000 0.942667
315 0.940000 0.942658
316 0.946000 0.942669
317 0.926000 0.942616
318 0.934000 0.942589
319 0.934000 0.942562
320 0.958000 0.942611
321 0.936000 0.942590
322 0.942000 0.942588
323 0.950000 0.942611
324 0.942000 0.942609
325 0.944000 0.942613
326 0.946000 0.942624
327 0.930000 0.942585
328 0.930000 0.942547
329 0.918000 0.942473
330 0.946000 0.942483
331 0.960000 0.942536
332 0.948000 0.942553
333 0.948000 0.942569
334 0.946000 0.942579
335 0.944000 0.942583
336 0.938000 0.942570
337 0.944000 0.942574
338 0.954000 0.942608
339 0.950000 0.942629
340 0.940000 0.942622
341 0.932000 0.942591
342 0.938000 0.942577
343 0.944000 0.942581
344 0.934000 0.942557
345 0.934000 0.942532
346 0.942000 0.942530
347 0.944000 0.942534
348 0.944000 0.942539
349 0.942000 0.942537
350 0.938000 0.942524
351 0.952000 0.942551
352 0.956000 0.942589
353 0.946000 0.942599
354 0.954000 0.942631
355 0.936000 0.942612
356 0.930000 0.942577
357 0.942000 0.942575
358 0.952000 0.942602
359 0.948000 0.942617
360 0.936000 0.942598
361 0.948000 0.942613
362 0.940000 0.942606
363 0.950000 0.942626
364 0.952000 0.942652
365 0.946000 0.942661
366 0.934000 0.942638
367 0.944000 0.942641
368 0.956000 0.942678
369 0.950000 0.942697
370 0.948000 0.942712
371 0.954000 0.942742
372 0.944000 0.942745
373 0.940000 0.942738
374 0.954000 0.942768
375 0.954000 0.942798
376 0.946000 0.942806
377 0.934000 0.942783
378 0.936000 0.942765
379 0.948000 0.942779
380 0.942000 0.942777
381 0.960000 0.942822
382 0.946000 0.942830
383 0.946000 0.942839
384 0.938000 0.942826
385 0.932000 0.942798
386 0.952000 0.942822
387 0.934000 0.942799
388 0.930000 0.942766
389 0.924000 0.942718
390 0.940000 0.942711
391 0.934000 0.942689
392 0.946000 0.942697
393 0.946000 0.942706
394 0.942000 0.942704
395 0.928000 0.942667
396 0.946000 0.942675
397 0.944000 0.942678
398 0.928000 0.942642
399 0.938000 0.942630
400 0.940000 0.942623
401 0.938000 0.942612
402 0.940000 0.942605
403 0.952000 0.942629
404 0.948000 0.942642
405 0.930000 0.942611
406 0.938000 0.942600
407 0.944000 0.942603
408 0.932000 0.942577
409 0.926000 0.942537
410 0.936000 0.942521
411 0.914000 0.942451
412 0.902000 0.942354
413 0.922000 0.942304
414 0.930000 0.942275
415 0.932000 0.942250
416 0.938000 0.942240
417 0.944000 0.942244
418 0.938000 0.942234
419 0.930000 0.942205
420 0.942000 0.942204
421 0.944000 0.942209
422 0.944000 0.942213
423 0.940000 0.942208
424 0.944000 0.942212
425 0.922000 0.942164
426 0.936000 0.942150
427 0.934000 0.942131
428 0.942000 0.942131
429 0.930000 0.942102
430 0.930000 0.942074
431 0.938000 0.942065
432 0.944000 0.942069
433 0.950000 0.942088
434 0.944000 0.942092
435 0.950000 0.942110
436 0.928000 0.942078
437 0.926000 0.942041
438 0.928000 0.942009
439 0.912000 0.941941
440 0.914000 0.941878
441 0.940000 0.941873
442 0.954000 0.941901
443 0.934000 0.941883
444 0.942000 0.941883
445 0.934000 0.941865
446 0.952000 0.941888
447 0.940000 0.941884
448 0.948000 0.941898
449 0.938000 0.941889
450 0.950000 0.941907
451 0.954000 0.941934
452 0.948000 0.941947
453 0.954000 0.941974
454 0.956000 0.942004
455 0.948000 0.942018
456 0.964000 0.942066
457 0.952000 0.942087
458 0.956000 0.942118
459 0.962000 0.942161
460 0.956000 0.942191
461 0.942000 0.942190
462 0.942000 0.942190
463 0.956000 0.942220
464 0.942000 0.942219
465 0.942000 0.942219
466 0.942000 0.942218
467 0.956000 0.942248
468 0.934000 0.942230
469 0.914000 0.942170
470 0.918000 0.942119
471 0.944000 0.942123
472 0.940000 0.942118
473 0.936000 0.942105
474 0.940000 0.942101
475 0.948000 0.942113
476 0.952000 0.942134
477 0.936000 0.942121
478 0.938000 0.942113
479 0.938000 0.942104
480 0.946000 0.942112
481 0.946000 0.942120
482 0.952000 0.942141
483 0.948000 0.942153
484 0.936000 0.942140
485 0.930000 0.942115
486 0.928000 0.942086
487 0.946000 0.942094
488 0.948000 0.942106
489 0.942000 0.942106
490 0.958000 0.942138
491 0.960000 0.942175
492 0.970000 0.942231
493 0.976000 0.942300
494 0.974000 0.942364
495 0.944000 0.942367
496 0.942000 0.942366
497 0.944000 0.942369
498 0.936000 0.942357
499 0.930000 0.942332
500 0.926000 0.942299
501 0.948000 0.942311
502 0.944000 0.942314
503 0.950000 0.942329
504 0.960000 0.942364
505 0.938000 0.942356
506 0.936000 0.942343
507 0.936000 0.942331
508 0.950000 0.942346
509 0.942000 0.942345
510 0.952000 0.942364
511 0.934000 0.942348
512 0.930000 0.942324
513 0.942000 0.942323
514 0.938000 0.942315
515 0.944000 0.942318
516 0.940000 0.942313
517 0.936000 0.942301
518 0.936000 0.942289
519 0.944000 0.942292
520 0.942000 0.942292
521 0.940000 0.942287
522 0.944000 0.942291
523 0.946000 0.942298
524 0.950000 0.942312
525 0.934000 0.942297
526 0.956000 0.942323
527 0.970000 0.942375
528 0.960000 0.942408
529 0.936000 0.942396
530 0.940000 0.942392
531 0.942000 0.942391
532 0.946000 0.942398
533 0.950000 0.942412
534 0.928000 0.942385
535 0.950000 0.942399
536 0.932000 0.942380
537 0.950000 0.942394
538 0.942000 0.942393
539 0.950000 0.942407
540 0.956000 0.942433
541 0.950000 0.942446
542 0.938000 0.942438
543 0.942000 0.942438
544 0.938000 0.942429
545 0.942000 0.942429
546 0.958000 0.942457
547 0.958000 0.942485
548 0.966000 0.942528
549 0.960000 0.942560
550 0.942000 0.942559
551 0.936000 0.942547
552 0.948000 0.942557
553 0.930000 0.942534
554 0.928000 0.942508
555 0.942000 0.942507
556 0.932000 0.942488
557 0.954000 0.942509
558 0.932000 0.942490
559 0.932000 0.942471
560 0.944000 0.942474
561 0.938000 0.942466
562 0.950000 0.942480
563 0.938000 0.942472
564 0.934000 0.942457
565 0.928000 0.942431
566 0.932000 0.942413
567 0.920000 0.942373
568 0.910000 0.942316
569 0.940000 0.942312
570 0.938000 0.942305
571 0.938000 0.942297
572 0.926000 0.942269
573 0.932000 0.942251
574 0.938000 0.942243
575 0.930000 0.942222
576 0.936000 0.942211
577 0.934000 0.942197
578 0.922000 0.942162
579 0.936000 0.942152
580 0.936000 0.942141
581 0.942000 0.942141
582 0.946000 0.942148
583 0.938000 0.942140
584 0.958000 0.942168
585 0.944000 0.942171
586 0.944000 0.942174
587 0.936000 0.942163
588 0.942000 0.942163
589 0.946000 0.942169
590 0.948000 0.942179
591 0.952000 0.942196
592 0.932000 0.942179
593 0.932000 0.942162
594 0.944000 0.942165
595 0.936000 0.942154
596 0.938000 0.942147
597 0.946000 0.942154
598 0.946000 0.942160
599 0.942000 0.942160
600 0.926000 0.942133
601 0.932000 0.942116
602 0.942000 0.942116
603 0.942000 0.942116
604 0.946000 0.942122
605 0.938000 0.942116
606 0.936000 0.942105
607 0.944000 0.942109
608 0.942000 0.942108
609 0.946000 0.942115
610 0.942000 0.942115
611 0.952000 0.942131
612 0.954000 0.942150
613 0.950000 0.942163
614 0.952000 0.942179
615 0.936000 0.942169
616 0.954000 0.942188
617 0.944000 0.942191
618 0.946000 0.942197
619 0.948000 0.942206
620 0.938000 0.942200
621 0.928000 0.942177
622 0.920000 0.942141
623 0.936000 0.942131
624 0.940000 0.942128
625 0.932000 0.942112
626 0.948000 0.942121
627 0.942000 0.942121
628 0.942000 0.942121
629 0.926000 0.942095
630 0.930000 0.942076
631 0.934000 0.942063
632 0.930000 0.942044
633 0.912000 0.941997
634 0.932000 0.941981
635 0.940000 0.941978
636 0.944000 0.941981
637 0.932000 0.941966
638 0.928000 0.941944
639 0.928000 0.941922
640 0.936000 0.941913
641 0.932000 0.941897
642 0.916000 0.941857
643 0.928000 0.941835
644 0.932000 0.941820
645 0.934000 0.941808
646 0.960000 0.941836
647 0.942000 0.941836
648 0.936000 0.941827
649 0.944000 0.941831
650 0.932000 0.941816
651 0.952000 0.941831
652 0.950000 0.941844
653 0.954000 0.941862
654 0.946000 0.941869
655 0.938000 0.941863
656 0.936000 0.941854
657 0.930000 0.941836
658 0.948000 0.941845
659 0.938000 0.941839
660 0.944000 0.941843
661 0.942000 0.941843
662 0.952000 0.941858
663 0.948000 0.941867
664 0.954000 0.941886
665 0.930000 0.941868
666 0.940000 0.941865
667 0.940000 0.941862
668 0.948000 0.941871
669 0.952000 0.941887
670 0.956000 0.941908
671 0.944000 0.941911
672 0.944000 0.941914
673 0.946000 0.941920
674 0.962000 0.941950
675 0.960000 0.941976
676 0.940000 0.941973
677 0.940000 0.941971
678 0.942000 0.941971
679 0.952000 0.941985
680 0.940000 0.941982
681 0.950000 0.941994
682 0.942000 0.941994
683 0.950000 0.942006
684 0.950000 0.942018
685 0.952000 0.942032
686 0.962000 0.942061
687 0.940000 0.942058
688 0.952000 0.942073
689 0.940000 0.942070
690 0.940000 0.942067
691 0.938000 0.942061
692 0.926000 0.942038
693 0.946000 0.942043
694 0.940000 0.942040
695 0.948000 0.942049
696 0.932000 0.942034
697 0.938000 0.942029
698 0.928000 0.942009
699 0.930000 0.941991
700 0.930000 0.941974
701 0.924000 0.941949
702 0.942000 0.941949
703 0.940000 0.941946
704 0.940000 0.941943
705 0.936000 0.941935
706 0.946000 0.941941
707 0.940000 0.941938
708 0.932000 0.941924
709 0.930000 0.941907
710 0.948000 0.941916
711 0.938000 0.941910
712 0.938000 0.941905
713 0.944000 0.941908
714 0.934000 0.941897
715 0.930000 0.941880
716 0.936000 0.941872
717 0.940000 0.941869
718 0.952000 0.941883
719 0.942000 0.941883
720 0.928000 0.941864
721 0.942000 0.941864
722 0.948000 0.941873
723 0.942000 0.941873
724 0.938000 0.941868
725 0.932000 0.941854
726 0.936000 0.941846
727 0.944000 0.941849
728 0.950000 0.941860
729 0.950000 0.941871
730 0.962000 0.941899
731 0.948000 0.941907
732 0.956000 0.941926
733 0.930000 0.941910
734 0.936000 0.941902
735 0.934000 0.941891
736 0.950000 0.941902
737 0.936000 0.941894
738 0.930000 0.941878
739 0.936000 0.941870
740 0.934000 0.941860
741 0.948000 0.941868
742 0.948000 0.941876
743 0.938000 0.941871
744 0.940000 0.941868
745 0.938000 0.941863
746 0.948000 0.941871
747 0.956000 0.941890
748 0.954000 0.941907
749 0.946000 0.941912
750 0.938000 0.941907
751 0.948000 0.941915
752 0.950000 0.941926
753 0.932000 0.941912
754 0.942000 0.941913
755 0.934000 0.941902
756 0.938000 0.941897
757 0.958000 0.941918
758 0.944000 0.941921
759 0.948000 0.941929
760 0.956000 0.941947
761 0.948000 0.941955
762 0.940000 0.941953
763 0.936000 0.941945
764 0.944000 0.941948
765 0.938000 0.941943
766 0.950000 0.941953
767 0.936000 0.941945
768 0.942000 0.941945
769 0.954000 0.941961
770 0.942000 0.941961
771 0.940000 0.941959
772 0.938000 0.941953
773 0.948000 0.941961
774 0.950000 0.941972
775 0.938000 0.941966
776 0.928000 0.941949
777 0.932000 0.941936
778 0.934000 0.941926
779 0.940000 0.941923
780 0.950000 0.941933
781 0.964000 0.941962
782 0.956000 0.941980
783 0.936000 0.941972
784 0.932000 0.941959
785 0.938000 0.941954
786 0.958000 0.941975
787 0.948000 0.941982
788 0.958000 0.942003
789 0.944000 0.942005
790 0.942000 0.942005
791 0.936000 0.941997
792 0.946000 0.942003
793 0.938000 0.941997
794 0.942000 0.941997
795 0.948000 0.942005
796 0.942000 0.942005
797 0.936000 0.941997
798 0.954000 0.942013
799 0.948000 0.942020
800 0.950000 0.942030
801 0.934000 0.942020
802 0.934000 0.942010
803 0.920000 0.941983
804 0.930000 0.941968
805 0.928000 0.941950
806 0.944000 0.941953
807 0.940000 0.941950
808 0.922000 0.941926
809 0.930000 0.941911
810 0.942000 0.941911
811 0.930000 0.941897
812 0.948000 0.941904
813 0.960000 0.941926
814 0.940000 0.941924
815 0.954000 0.941939
816 0.952000 0.941951
817 0.950000 0.941961
818 0.946000 0.941966
819 0.936000 0.941959
820 0.936000 0.941951
821 0.926000 0.941932
822 0.952000 0.941944
823 0.946000 0.941949
824 0.940000 0.941947
825 0.954000 0.941961
826 0.928000 0.941944
827 0.942000 0.941944
828 0.948000 0.941952
829 0.944000 0.941954
830 0.940000 0.941952
831 0.936000 0.941945
832 0.946000 0.941950
833 0.934000 0.941940
834 0.934000 0.941931
835 0.944000 0.941933
836 0.940000 0.941931
837 0.940000 0.941928
838 0.934000 0.941919
839 0.940000 0.941917
840 0.914000 0.941883
841 0.924000 0.941862
842 0.926000 0.941843
843 0.930000 0.941829
844 0.938000 0.941825
845 0.936000 0.941818
846 0.948000 0.941825
847 0.952000 0.941837
848 0.936000 0.941830
849 0.926000 0.941812
850 0.934000 0.941803
851 0.932000 0.941791
852 0.942000 0.941791
853 0.958000 0.941810
854 0.942000 0.941811
855 0.954000 0.941825
856 0.938000 0.941820
857 0.948000 0.941828
858 0.930000 0.941814
859 0.936000 0.941807
860 0.942000 0.941807
861 0.930000 0.941794
862 0.936000 0.941787
863 0.926000 0.941769
864 0.928000 0.941753
865 0.940000 0.941751
866 0.946000 0.941755
867 0.962000 0.941779
868 0.974000 0.941816
869 0.968000 0.941846
870 0.962000 0.941869
871 0.958000 0.941888
872 0.940000 0.941885
873 0.956000 0.941902
874 0.950000 0.941911
875 0.964000 0.941936
876 0.970000 0.941968
877 0.956000 0.941984
878 0.946000 0.941989
879 0.946000 0.941993
880 0.954000 0.942007
881 0.936000 0.942000
882 0.914000 0.941968
883 0.928000 0.941952
884 0.934000 0.941944
885 0.920000 0.941919
886 0.942000 0.941919
887 0.948000 0.941926
888 0.926000 0.941908
889 0.928000 0.941892
890 0.930000 0.941879
891 0.916000 0.941850
892 0.928000 0.941834
893 0.948000 0.941841
894 0.952000 0.941853
895 0.944000 0.941855
896 0.956000 0.941871
897 0.936000 0.941864
898 0.930000 0.941851
899 0.924000 0.941831
900 0.934000 0.941822
901 0.942000 0.941823
902 0.940000 0.941821
903 0.960000 0.941841
904 0.942000 0.941841
905 0.952000 0.941852
906 0.942000 0.941852
907 0.932000 0.941841
908 0.940000 0.941839
909 0.932000 0.941829
910 0.928000 0.941813
911 0.950000 0.941822
912 0.942000 0.941823
913 0.960000 0.941842
914 0.936000 0.941836
915 0.936000 0.941830
916 0.954000 0.941843
917 0.950000 0.941852
918 0.942000 0.941852
919 0.948000 0.941859
920 0.962000 0.941881
921 0.948000 0.941887
922 0.956000 0.941902
923 0.948000 0.941909
924 0.928000 0.941894
925 0.942000 0.941894
926 0.940000 0.941892
927 0.938000 0.941888
928 0.924000 0.941869
929 0.940000 0.941867
930 0.942000 0.941867
931 0.954000 0.941880
932 0.940000 0.941878
933 0.918000 0.941852
934 0.934000 0.941844
935 0.936000 0.941838
936 0.938000 0.941834
937 0.948000 0.941840
938 0.954000 0.941853
939 0.940000 0.941851
940 0.944000 0.941853
941 0.948000 0.941860
942 0.934000 0.941852
943 0.930000 0.941839
944 0.944000 0.941841
945 0.934000 0.941833
946 0.940000 0.941831
947 0.936000 0.941825
948 0.942000 0.941825
949 0.942000 0.941825
950 0.946000 0.941830
951 0.938000 0.941826
952 0.946000 0.941830
953 0.936000 0.941824
954 0.958000 0.941841
955 0.944000 0.941843
956 0.938000 0.941839
957 0.942000 0.941839
958 0.938000 0.941835
959 0.940000 0.941833
960 0.930000 0.941821
961 0.946000 0.941825
962 0.942000 0.941826
963 0.934000 0.941817
964 0.930000 0.941805
965 0.938000 0.941801
966 0.950000 0.941810
967 0.936000 0.941804
968 0.920000 0.941781
969 0.932000 0.941771
970 0.962000 0.941792
971 0.932000 0.941782
972 0.940000 0.941780
973 0.954000 0.941793
974 0.942000 0.941793
975 0.940000 0.941791
976 0.934000 0.941783
977 0.940000 0.941781
978 0.946000 0.941785
979 0.948000 0.941792
980 0.938000 0.941788
981 0.944000 0.941790
982 0.930000 0.941778
983 0.934000 0.941770
984 0.944000 0.941773
985 0.954000 0.941785
986 0.938000 0.941781
987 0.938000 0.941777
988 0.942000 0.941778
989 0.944000 0.941780
990 0.938000 0.941776
991 0.948000 0.941782
992 0.942000 0.941782
993 0.932000 0.941773
994 0.938000 0.941769
995 0.946000 0.941773
996 0.938000 0.941769
997 0.940000 0.941768
998 0.948000 0.941774
999 0.952000 0.941784
