0 1.000000 1.000000
1 0.994000 0.997000
2 0.980000 0.991333
3 0.982000 0.989000
4 0.968000 0.984800
5 0.974000 0.983000
6 0.978000 0.982286
7 0.980000 0.982000
8 0.976000 0.981333
9 0.960000 0.979200
10 0.968000 0.978182
11 0.962000 0.976833
12 0.976000 0.976769
13 0.960000 0.975571
14 0.960000 0.974533
15 0.940000 0.972375
16 0.956000 0.971412
17 0.946000 0.970000
18 0.946000 0.968737
19 0.960000 0.968300
20 0.958000 0.967810
21 0.950000 0.967000
22 0.958000 0.966609
23 0.958000 0.966250
24 0.966000 0.966240
25 0.956000 0.965846
26 0.962000 0.965704
27 0.970000 0.965857
28 0.968000 0.965931
29 0.956000 0.965600
30 0.954000 0.965226
31 0.952000 0.964812
32 0.960000 0.964667
33 0.958000 0.964471
34 0.966000 0.964514
35 0.956000 0.964278
36 0.968000 0.964378
37 0.964000 0.964368
38 0.970000 0.964513
39 0.966000 0.964550
40 0.942000 0.964000
41 0.950000 0.963667
42 0.956000 0.963488
43 0.954000 0.963273
44 0.960000 0.963200
45 0.954000 0.963000
46 0.966000 0.963064
47 0.954000 0.962875
48 0.946000 0.962531
49 0.960000 0.962480
50 0.960000 0.962431
51 0.970000 0.962577
52 0.962000 0.962566
53 0.950000 0.962333
54 0.956000 0.962218
55 0.954000 0.962071
56 0.960000 0.962035
57 0.958000 0.961966
58 0.952000 0.961797
59 0.962000 0.961800
60 0.956000 0.961705
61 0.950000 0.961516
62 0.946000 0.961270
63 0.948000 0.961063
64 0.954000 0.960954
65 0.958000 0.960909
66 0.958000 0.960866
67 0.958000 0.960824
68 0.964000 0.960870
69 0.952000 0.960743
70 0.964000 0.960789
71 0.972000 0.960944
72 0.960000 0.960932
73 0.954000 0.960838
74 0.966000 0.960907
75 0.962000 0.960921
76 0.958000 0.960883
77 0.966000 0.960949
78 0.968000 0.961038
79 0.946000 0.960850
80 0.954000 0.960765
81 0.942000 0.960537
82 0.942000 0.960313
83 0.946000 0.960143
84 0.934000 0.959835
85 0.934000 0.959535
86 0.942000 0.959333
87 0.952000 0.959250
88 0.944000 0.959079
89 0.958000 0.959067
90 0.962000 0.959099
91 0.942000 0.958913
92 0.944000 0.958753
93 0.950000 0.958660
94 0.968000 0.958758
95 0.956000 0.958729
96 0.954000 0.958680
97 0.954000 0.958633
98 0.946000 0.958505
99 0.954000 0.958460
100 0.944000 0.958317
101 0.950000 0.958235
102 0.958000 0.958233
103 0.954000 0.958192
104 0.962000 0.958229
105 0.944000 0.958094
106 0.952000 0.958037
107 0.962000 0.958074
108 0.976000 0.958239
109 0.976000 0.958400
110 0.980000 0.958595
111 0.966000 0.958661
112 0.970000 0.958761
113 0.984000 0.958982
114 0.954000 0.958939
115 0.958000 0.958931
116 0.966000 0.958991
117 0.970000 0.959085
118 0.982000 0.959277
119 0.964000 0.959317
120 0.956000 0.959289
121 0.954000 0.959246
122 0.964000 0.959285
123 0.966000 0.959339
124 0.960000 0.959344
125 0.962000 0.959365
126 0.966000 0.959417
127 0.956000 0.959391
128 0.966000 0.959442
129 0.966000 0.959492
130 0.948000 0.959405
131 0.960000 0.959409
132 0.962000 0.959429
133 0.958000 0.959418
134 0.964000 0.959452
135 0.944000 0.959338
136 0.960000 0.959343
137 0.964000 0.959377
138 0.966000 0.959424
139 0.974000 0.959529
140 0.966000 0.959574
141 0.974000 0.959676
142 0.970000 0.959748
143 0.958000 0.959736
144 0.964000 0.959766
145 0.962000 0.959781
146 0.970000 0.959850
147 0.978000 0.959973
148 0.980000 0.960107
149 0.978000 0.960227
150 0.962000 0.960238
151 0.966000 0.960276
152 0.960000 0.960275
153 0.964000 0.960299
154 0.956000 0.960271
155 0.964000 0.960295
156 0.946000 0.960204
157 0.948000 0.960127
158 0.942000 0.960013
159 0.954000 0.959975
160 0.960000 0.959975
161 0.954000 0.959938
162 0.950000 0.959877
163 0.956000 0.959854
164 0.960000 0.959855
165 0.964000 0.959880
166 0.974000 0.959964
167 0.968000 0.960012
168 0.970000 0.960071
169 0.966000 0.960106
170 0.960000 0.960105
171 0.966000 0.960140
172 0.954000 0.960104
173 0.962000 0.960115
174 0.962000 0.960126
175 0.960000 0.960125
176 0.964000 0.960147
177 0.962000 0.960157
178 0.948000 0.960089
179 0.968000 0.960133
180 0.982000 0.960254
181 0.974000 0.960330
182 0.974000 0.960404
183 0.962000 0.960413
184 0.966000 0.960443
185 0.976000 0.960527
186 0.966000 0.960556
187 0.956000 0.960532
188 0.946000 0.960455
189 0.964000 0.960474
190 0.950000 0.960419
191 0.950000 0.960365
192 0.948000 0.960301
193 0.970000 0.960351
194 0.952000 0.960308
195 0.958000 0.960296
196 0.968000 0.960335
197 0.966000 0.960364
198 0.952000 0.960322
199 0.952000 0.960280
200 0.964000 0.960299
201 0.956000 0.960277
202 0.960000 0.960276
203 0.966000 0.960304
204 0.970000 0.960351
205 0.962000 0.960359
206 0.954000 0.960329
207 0.966000 0.960356
208 0.966000 0.960383
209 0.976000 0.960457
210 0.958000 0.960445
211 0.958000 0.960434
212 0.970000 0.960479
213 0.950000 0.960430
214 0.954000 0.960400
215 0.968000 0.960435
216 0.966000 0.960461
217 0.970000 0.960505
218 0.964000 0.960521
219 0.968000 0.960555
220 0.964000 0.960570
221 0.956000 0.960550
222 0.960000 0.960547
223 0.954000 0.960518
224 0.964000 0.960533
225 0.964000 0.960549
226 0.962000 0.960555
227 0.958000 0.960544
228 0.948000 0.960489
229 0.956000 0.960470
230 0.962000 0.960476
231 0.960000 0.960474
232 0.962000 0.960481
233 0.960000 0.960479
234 0.948000 0.960426
235 0.964000 0.960441
236 0.966000 0.960464
237 0.960000 0.960462
238 0.960000 0.960460
239 0.958000 0.960450
240 0.958000 0.960440
241 0.964000 0.960455
242 0.966000 0.960477
243 0.970000 0.960516
244 0.952000 0.960482
245 0.946000 0.960423
246 0.944000 0.960356
247 0.950000 0.960315
248 0.952000 0.960281
249 0.958000 0.960272
250 0.964000 0.960287
251 0.956000 0.960270
252 0.970000 0.960308
253 0.968000 0.960339
254 0.960000 0.960337
255 0.958000 0.960328
256 0.964000 0.960342
257 0.946000 0.960287
258 0.970000 0.960324
259 0.966000 0.960346
260 0.966000 0.960368
261 0.968000 0.960397
262 0.970000 0.960433
263 0.958000 0.960424
264 0.964000 0.960438
265 0.968000 0.960466
266 0.976000 0.960524
267 0.984000 0.960612
268 0.970000 0.960647
269 0.968000 0.960674
270 0.956000 0.960657
271 0.958000 0.960647
272 0.974000 0.960696
273 0.972000 0.960737
274 0.966000 0.960756
275 0.962000 0.960761
276 0.960000 0.960758
277 0.958000 0.960748
278 0.968000 0.960774
279 0.952000 0.960743
280 0.964000 0.960754
281 0.956000 0.960738
282 0.958000 0.960728
283 0.952000 0.960697
284 0.954000 0.960674
285 0.946000 0.960622
286 0.968000 0.960648
287 0.950000 0.960611
288 0.956000 0.960595
289 0.968000 0.960621
290 0.954000 0.960598
291 0.964000 0.960610
292 0.960000 0.960608
293 0.962000 0.960612
294 0.960000 0.960610
295 0.960000 0.960608
296 0.956000 0.960593
297 0.974000 0.960638
298 0.968000 0.960662
299 0.964000 0.960673
300 0.956000 0.960658
301 0.960000 0.960656
302 0.940000 0.960587
303 0.948000 0.960546
304 0.954000 0.960525
305 0.962000 0.960529
306 0.954000 0.960508
307 0.964000 0.960519
308 0.972000 0.960557
309 0.976000 0.960606
310 0.966000 0.960624
311 0.956000 0.960609
312 0.964000 0.960620
313 0.970000 0.960650
314 0.964000 0.960660
315 0.958000 0.960652
316 0.964000 0.960662
317 0.942000 0.960604
318 0.956000 0.960589
319 0.950000 0.960556
320 0.960000 0.960555
321 0.952000 0.960528
322 0.956000 0.960514
323 0.958000 0.960506
324 0.962000 0.960511
325 0.958000 0.960503
326 0.966000 0.960520
327 0.954000 0.960500
328 0.946000 0.960456
329 0.948000 0.960418
330 0.958000 0.960411
331 0.968000 0.960434
332 0.960000 0.960432
333 0.964000 0.960443
334 0.960000 0.960442
335 0.962000 0.960446
336 0.960000 0.960445
337 0.968000 0.960467
338 0.964000 0.960478
339 0.966000 0.960494
340 0.958000 0.960487
341 0.950000 0.960456
342 0.958000 0.960449
343 0.966000 0.960465
344 0.956000 0.960452
345 0.952000 0.960428
346 0.956000 0.960415
347 0.964000 0.960425
348 0.958000 0.960418
349 0.950000 0.960389
350 0.954000 0.960370
351 0.968000 0.960392
352 0.968000 0.960414
353 0.958000 0.960407
354 0.964000 0.960417
355 0.956000 0.960404
356 0.960000 0.960403
357 0.962000 0.960408
358 0.960000 0.960407
359 0.962000 0.960411
360 0.948000 0.960377
361 0.954000 0.960359
362 0.946000 0.960320
363 0.962000 0.960324
364 0.972000 0.960356
365 0.968000 0.960377
366 0.948000 0.960343
367 0.954000 0.960326
368 0.970000 0.960352
369 0.968000 0.960373
370 0.966000 0.960388
371 0.964000 0.960398
372 0.958000 0.960391
373 0.950000 0.960364
374 0.970000 0.960389
375 0.964000 0.960399
376 0.964000 0.960408
377 0.960000 0.960407
378 0.958000 0.960401
379 0.972000 0.960432
380 0.968000 0.960451
381 0.974000 0.960487
382 0.958000 0.960480
383 0.960000 0.960479
384 0.964000 0.960488
385 0.970000 0.960513
386 0.966000 0.960527
387 0.954000 0.960510
388 0.954000 0.960494
389 0.948000 0.960462
390 0.966000 0.960476
391 0.962000 0.960480
392 0.968000 0.960499
393 0.966000 0.960513
394 0.960000 0.960511
395 0.946000 0.960475
396 0.958000 0.960469
397 0.960000 0.960467
398 0.952000 0.960446
399 0.962000 0.960450
400 0.970000 0.960474
401 0.960000 0.960473
402 0.970000 0.960496
403 0.964000 0.960505
404 0.960000 0.960504
405 0.954000 0.960488
406 0.966000 0.960501
407 0.960000 0.960500
408 0.956000 0.960489
409 0.954000 0.960473
410 0.958000 0.960467
411 0.942000 0.960422
412 0.934000 0.960358
413 0.944000 0.960319
414 0.956000 0.960308
415 0.950000 0.960284
416 0.954000 0.960269
417 0.964000 0.960278
418 0.960000 0.960277
419 0.956000 0.960267
420 0.964000 0.960276
421 0.956000 0.960265
422 0.956000 0.960255
423 0.954000 0.960241
424 0.972000 0.960268
425 0.956000 0.960258
426 0.958000 0.960253
427 0.952000 0.960234
428 0.958000 0.960228
429 0.960000 0.960228
430 0.952000 0.960209
431 0.966000 0.960222
432 0.960000 0.960222
433 0.966000 0.960235
434 0.960000 0.960234
435 0.960000 0.960234
436 0.940000 0.960188
437 0.942000 0.960146
438 0.944000 0.960109
439 0.938000 0.960059
440 0.936000 0.960005
441 0.964000 0.960014
442 0.970000 0.960036
443 0.952000 0.960018
444 0.956000 0.960009
445 0.948000 0.959982
446 0.964000 0.959991
447 0.962000 0.959996
448 0.960000 0.959996
449 0.958000 0.959991
450 0.972000 0.960018
451 0.974000 0.960049
452 0.962000 0.960053
453 0.972000 0.960079
454 0.976000 0.960114
455 0.968000 0.960132
456 0.980000 0.960175
457 0.964000 0.960183
458 0.970000 0.960205
459 0.970000 0.960226
460 0.966000 0.960239
461 0.958000 0.960234
462 0.962000 0.960238
463 0.966000 0.960250
464 0.954000 0.960237
465 0.954000 0.960223
466 0.956000 0.960214
467 0.964000 0.960222
468 0.948000 0.960196
469 0.940000 0.960153
470 0.944000 0.960119
471 0.960000 0.960119
472 0.962000 0.960123
473 0.954000 0.960110
474 0.954000 0.960097
475 0.958000 0.960092
476 0.966000 0.960105
477 0.950000 0.960084
478 0.960000 0.960084
479 0.960000 0.960083
480 0.968000 0.960100
481 0.960000 0.960100
482 0.970000 0.960120
483 0.962000 0.960124
484 0.952000 0.960107
485 0.956000 0.960099
486 0.948000 0.960074
487 0.958000 0.960070
488 0.956000 0.960061
489 0.954000 0.960049
490 0.968000 0.960065
491 0.978000 0.960102
492 0.982000 0.960146
493 0.986000 0.960198
494 0.988000 0.960255
495 0.962000 0.960258
496 0.962000 0.960262
497 0.970000 0.960281
498 0.956000 0.960273
499 0.954000 0.960260
500 0.948000 0.960236
501 0.960000 0.960235
502 0.964000 0.960243
503 0.966000 0.960254
504 0.976000 0.960285
505 0.956000 0.960277
506 0.956000 0.960268
507 0.958000 0.960264
508 0.962000 0.960267
509 0.962000 0.960271
510 0.968000 0.960286
511 0.962000 0.960289
512 0.950000 0.960269
513 0.964000 0.960276
514 0.952000 0.960260
515 0.964000 0.960267
516 0.962000 0.960271
517 0.960000 0.960270
518 0.960000 0.960270
519 0.962000 0.960273
520 0.964000 0.960280
521 0.966000 0.960291
522 0.956000 0.960283
523 0.954000 0.960271
524 0.964000 0.960278
525 0.950000 0.960259
526 0.972000 0.960281
527 0.978000 0.960314
528 0.980000 0.960352
529 0.956000 0.960343
530 0.956000 0.960335
531 0.952000 0.960320
532 0.958000 0.960315
533 0.968000 0.960330
534 0.952000 0.960314
535 0.966000 0.960325
536 0.952000 0.960309
537 0.966000 0.960320
538 0.960000 0.960319
539 0.966000 0.960330
540 0.964000 0.960336
541 0.950000 0.960317
542 0.948000 0.960295
543 0.956000 0.960287
544 0.956000 0.960279
545 0.956000 0.960271
546 0.966000 0.960282
547 0.966000 0.960292
548 0.974000 0.960317
549 0.966000 0.960327
550 0.954000 0.960316
551 0.950000 0.960297
552 0.960000 0.960297
553 0.950000 0.960278
554 0.946000 0.960252
555 0.958000 0.960248
556 0.946000 0.960223
557 0.972000 0.960244
558 0.964000 0.960250
559 0.954000 0.960239
560 0.960000 0.960239
561 0.962000 0.960242
562 0.966000 0.960252
563 0.954000 0.960241
564 0.956000 0.960234
565 0.956000 0.960226
566 0.958000 0.960222
567 0.934000 0.960176
568 0.934000 0.960130
569 0.960000 0.960130
570 0.966000 0.960140
571 0.958000 0.960136
572 0.946000 0.960112
573 0.950000 0.960094
574 0.958000 0.960090
575 0.958000 0.960087
576 0.954000 0.960076
577 0.958000 0.960073
578 0.946000 0.960048
579 0.962000 0.960052
580 0.950000 0.960034
581 0.968000 0.960048
582 0.962000 0.960051
583 0.956000 0.960045
584 0.964000 0.960051
585 0.960000 0.960051
586 0.966000 0.960061
587 0.968000 0.960075
588 0.958000 0.960071
589 0.968000 0.960085
590 0.966000 0.960095
591 0.974000 0.960118
592 0.956000 0.960111
593 0.960000 0.960111
594 0.968000 0.960124
595 0.958000 0.960121
596 0.960000 0.960121
597 0.974000 0.960144
598 0.966000 0.960154
599 0.968000 0.960167
600 0.956000 0.960160
601 0.954000 0.960150
602 0.948000 0.960129
603 0.952000 0.960116
604 0.964000 0.960122
605 0.960000 0.960122
606 0.948000 0.960102
607 0.968000 0.960115
608 0.962000 0.960118
609 0.968000 0.960131
610 0.960000 0.960131
611 0.956000 0.960124
612 0.972000 0.960144
613 0.966000 0.960153
614 0.962000 0.960156
615 0.952000 0.960143
616 0.966000 0.960152
617 0.954000 0.960142
618 0.954000 0.960132
619 0.958000 0.960129
620 0.950000 0.960113
621 0.948000 0.960093
622 0.952000 0.960080
623 0.958000 0.960077
624 0.954000 0.960067
625 0.946000 0.960045
626 0.960000 0.960045
627 0.966000 0.960054
628 0.952000 0.960041
629 0.944000 0.960016
630 0.954000 0.960006
631 0.946000 0.959984
632 0.954000 0.959975
633 0.938000 0.959940
634 0.954000 0.959931
635 0.954000 0.959921
636 0.964000 0.959928
637 0.950000 0.959912
638 0.944000 0.959887
639 0.950000 0.959872
640 0.952000 0.959860
641 0.944000 0.959835
642 0.936000 0.959798
643 0.948000 0.959780
644 0.952000 0.959767
645 0.960000 0.959768
646 0.974000 0.959790
647 0.960000 0.959790
648 0.958000 0.959787
649 0.958000 0.959785
650 0.956000 0.959779
651 0.964000 0.959785
652 0.956000 0.959779
653 0.960000 0.959780
654 0.958000 0.959777
655 0.950000 0.959762
656 0.948000 0.959744
657 0.948000 0.959726
658 0.962000 0.959730
659 0.956000 0.959724
660 0.962000 0.959728
661 0.964000 0.959734
662 0.962000 0.959738
663 0.964000 0.959744
664 0.962000 0.959747
665 0.952000 0.959736
666 0.956000 0.959730
667 0.956000 0.959725
668 0.958000 0.959722
669 0.966000 0.959731
670 0.962000 0.959735
671 0.956000 0.959729
672 0.950000 0.959715
673 0.960000 0.959715
674 0.966000 0.959724
675 0.972000 0.959743
676 0.954000 0.959734
677 0.956000 0.959729
678 0.958000 0.959726
679 0.966000 0.959735
680 0.956000 0.959730
681 0.974000 0.959751
682 0.970000 0.959766
683 0.964000 0.959772
684 0.964000 0.959778
685 0.968000 0.959790
686 0.970000 0.959805
687 0.956000 0.959799
688 0.968000 0.959811
689 0.950000 0.959797
690 0.954000 0.959789
691 0.960000 0.959789
692 0.942000 0.959763
693 0.958000 0.959761
694 0.960000 0.959761
695 0.962000 0.959764
696 0.946000 0.959745
697 0.946000 0.959725
698 0.944000 0.959702
699 0.948000 0.959686
700 0.952000 0.959675
701 0.954000 0.959667
702 0.950000 0.959653
703 0.952000 0.959642
704 0.956000 0.959637
705 0.962000 0.959640
706 0.956000 0.959635
707 0.952000 0.959624
708 0.946000 0.959605
709 0.936000 0.959572
710 0.958000 0.959570
711 0.952000 0.959559
712 0.952000 0.959548
713 0.958000 0.959546
714 0.948000 0.959530
715 0.950000 0.959517
716 0.960000 0.959517
717 0.958000 0.959515
718 0.970000 0.959530
719 0.962000 0.959533
720 0.942000 0.959509
721 0.964000 0.959515
722 0.972000 0.959533
723 0.960000 0.959533
724 0.960000 0.959534
725 0.956000 0.959529
726 0.952000 0.959519
727 0.964000 0.959525
728 0.958000 0.959523
729 0.962000 0.959526
730 0.972000 0.959543
731 0.968000 0.959555
732 0.974000 0.959574
733 0.942000 0.959550
734 0.958000 0.959548
735 0.952000 0.959538
736 0.970000 0.959552
737 0.954000 0.959545
738 0.954000 0.959537
739 0.960000 0.959538
740 0.960000 0.959538
741 0.964000 0.959544
742 0.956000 0.959540
743 0.954000 0.959532
744 0.958000 0.959530
745 0.960000 0.959531
746 0.956000 0.959526
747 0.972000 0.959543
748 0.970000 0.959557
749 0.966000 0.959565
750 0.958000 0.959563
751 0.964000 0.959569
752 0.966000 0.959578
753 0.958000 0.959576
754 0.964000 0.959581
755 0.952000 0.959571
756 0.956000 0.959567
757 0.974000 0.959586
758 0.964000 0.959592
759 0.960000 0.959592
760 0.972000 0.959608
761 0.964000 0.959614
762 0.952000 0.959604
763 0.962000 0.959607
764 0.970000 0.959621
765 0.960000 0.959621
766 0.964000 0.959627
767 0.952000 0.959617
768 0.954000 0.959610
769 0.966000 0.959618
770 0.958000 0.959616
771 0.948000 0.959601
772 0.954000 0.959594
773 0.958000 0.959592
774 0.958000 0.959590
775 0.952000 0.959580
776 0.944000 0.959560
777 0.940000 0.959535
778 0.948000 0.959520
779 0.958000 0.959518
780 0.970000 0.959531
781 0.980000 0.959558
782 0.976000 0.959579
783 0.950000 0.959566
784 0.962000 0.959569
785 0.966000 0.959578
786 0.974000 0.959596
787 0.962000 0.959599
788 0.970000 0.959612
789 0.956000 0.959608
790 0.958000 0.959606
791 0.946000 0.959588
792 0.954000 0.959581
793 0.950000 0.959569
794 0.966000 0.959577
795 0.966000 0.959585
796 0.968000 0.959596
797 0.954000 0.959589
798 0.974000 0.959607
799 0.964000 0.959612
800 0.968000 0.959623
801 0.946000 0.959606
802 0.952000 0.959597
803 0.934000 0.959565
804 0.948000 0.959550
805 0.954000 0.959543
806 0.964000 0.959549
807 0.964000 0.959554
808 0.944000 0.959535
809 0.948000 0.959521
810 0.964000 0.959527
811 0.962000 0.959530
812 0.974000 0.959547
813 0.976000 0.959568
814 0.964000 0.959573
815 0.970000 0.959586
816 0.972000 0.959601
817 0.964000 0.959606
818 0.962000 0.959609
819 0.954000 0.959602
820 0.960000 0.959603
821 0.962000 0.959606
822 0.964000 0.959611
823 0.966000 0.959619
824 0.956000 0.959615
825 0.966000 0.959622
826 0.946000 0.959606
827 0.962000 0.959609
828 0.960000 0.959609
829 0.954000 0.959602
830 0.968000 0.959613
831 0.960000 0.959613
832 0.964000 0.959618
833 0.964000 0.959624
834 0.966000 0.959631
835 0.972000 0.959646
836 0.960000 0.959646
837 0.956000 0.959642
838 0.950000 0.959631
839 0.958000 0.959629
840 0.938000 0.959603
841 0.948000 0.959589
842 0.948000 0.959575
843 0.950000 0.959564
844 0.956000 0.959560
845 0.964000 0.959565
846 0.972000 0.959580
847 0.970000 0.959592
848 0.950000 0.959581
849 0.946000 0.959565
850 0.952000 0.959556
851 0.958000 0.959554
852 0.966000 0.959562
853 0.974000 0.959578
854 0.962000 0.959581
855 0.970000 0.959593
856 0.960000 0.959594
857 0.960000 0.959594
858 0.944000 0.959576
859 0.956000 0.959572
860 0.962000 0.959575
861 0.946000 0.959559
862 0.950000 0.959548
863 0.944000 0.959530
864 0.948000 0.959517
865 0.958000 0.959515
866 0.958000 0.959513
867 0.984000 0.959541
868 0.982000 0.959567
869 0.976000 0.959586
870 0.972000 0.959600
871 0.966000 0.959608
872 0.962000 0.959611
873 0.972000 0.959625
874 0.964000 0.959630
875 0.974000 0.959646
876 0.982000 0.959672
877 0.970000 0.959683
878 0.968000 0.959693
879 0.972000 0.959707
880 0.972000 0.959721
881 0.960000 0.959721
882 0.940000 0.959699
883 0.946000 0.959683
884 0.952000 0.959675
885 0.940000 0.959652
886 0.958000 0.959651
887 0.966000 0.959658
888 0.954000 0.959651
889 0.954000 0.959645
890 0.950000 0.959634
891 0.948000 0.959621
892 0.958000 0.959619
893 0.960000 0.959620
894 0.966000 0.959627
895 0.962000 0.959629
896 0.966000 0.959637
897 0.954000 0.959630
898 0.952000 0.959622
899 0.942000 0.959602
900 0.948000 0.959589
901 0.960000 0.959590
902 0.952000 0.959581
903 0.966000 0.959588
904 0.954000 0.959582
905 0.966000 0.959589
906 0.960000 0.959590
907 0.966000 0.959597
908 0.974000 0.959613
909 0.962000 0.959615
910 0.960000 0.959616
911 0.968000 0.959625
912 0.958000 0.959623
913 0.972000 0.959637
914 0.946000 0.959622
915 0.954000 0.959616
916 0.976000 0.959634
917 0.972000 0.959647
918 0.958000 0.959645
919 0.960000 0.959646
920 0.968000 0.959655
921 0.960000 0.959655
922 0.968000 0.959664
923 0.970000 0.959675
924 0.956000 0.959671
925 0.962000 0.959674
926 0.962000 0.959676
927 0.958000 0.959675
928 0.952000 0.959666
929 0.962000 0.959669
930 0.962000 0.959671
931 0.966000 0.959678
932 0.960000 0.959678
933 0.954000 0.959672
934 0.964000 0.959677
935 0.958000 0.959675
936 0.966000 0.959682
937 0.968000 0.959691
938 0.970000 0.959702
939 0.958000 0.959700
940 0.960000 0.959700
941 0.960000 0.959701
942 0.954000 0.959695
943 0.948000 0.959682
944 0.966000 0.959689
945 0.956000 0.959685
946 0.954000 0.959679
947 0.948000 0.959667
948 0.950000 0.959656
949 0.950000 0.959646
950 0.954000 0.959640
951 0.956000 0.959637
952 0.958000 0.959635
953 0.962000 0.959637
954 0.974000 0.959652
955 0.968000 0.959661
956 0.960000 0.959661
957 0.958000 0.959660
958 0.952000 0.959652
959 0.958000 0.959650
960 0.950000 0.959640
961 0.952000 0.959632
962 0.958000 0.959630
963 0.956000 0.959627
964 0.956000 0.959623
965 0.968000 0.959631
966 0.964000 0.959636
967 0.958000 0.959634
968 0.954000 0.959628
969 0.956000 0.959625
970 0.970000 0.959635
971 0.948000 0.959623
972 0.958000 0.959622
973 0.964000 0.959626
974 0.952000 0.959618
975 0.950000 0.959609
976 0.948000 0.959597
977 0.954000 0.959591
978 0.962000 0.959593
979 0.962000 0.959596
980 0.958000 0.959594
981 0.958000 0.959593
982 0.940000 0.959573
983 0.954000 0.959567
984 0.960000 0.959568
985 0.966000 0.959574
986 0.954000 0.959568
987 0.958000 0.959567
988 0.958000 0.959565
989 0.956000 0.959562
990 0.954000 0.959556
991 0.960000 0.959556
992 0.954000 0.959551
993 0.952000 0.959543
994 0.956000 0.959540
995 0.958000 0.959538
996 0.946000 0.959525
997 0.952000 0.959517
998 0.956000 0.959514
999 0.964000 0.959518
