0 1.000000 1.000000
1 0.962000 0.981000
2 0.910000 0.957333
3 0.858000 0.932500
4 0.810000 0.908000
5 0.816000 0.892667
6 0.812000 0.881143
7 0.808000 0.872000
8 0.808000 0.864889
9 0.782000 0.856600
10 0.834000 0.854545
11 0.802000 0.850167
12 0.784000 0.845077
13 0.772000 0.839857
14 0.780000 0.835867
15 0.754000 0.830750
16 0.742000 0.825529
17 0.748000 0.821222
18 0.740000 0.816947
19 0.718000 0.812000
20 0.726000 0.807905
21 0.748000 0.805182
22 0.748000 0.802696
23 0.728000 0.799583
24 0.712000 0.796080
25 0.708000 0.792692
26 0.706000 0.789481
27 0.710000 0.786643
28 0.694000 0.783448
29 0.724000 0.781467
30 0.702000 0.778903
31 0.670000 0.775500
32 0.642000 0.771455
33 0.634000 0.767412
34 0.660000 0.764343
35 0.614000 0.760167
36 0.640000 0.756919
37 0.602000 0.752842
38 0.604000 0.749026
39 0.600000 0.745300
40 0.614000 0.742098
41 0.630000 0.739429
42 0.590000 0.735953
43 0.600000 0.732864
44 0.626000 0.730489
45 0.634000 0.728391
46 0.616000 0.726000
47 0.598000 0.723333
48 0.550000 0.719796
49 0.598000 0.717360
50 0.590000 0.714863
51 0.622000 0.713077
52 0.624000 0.711396
53 0.574000 0.708852
54 0.582000 0.706545
55 0.558000 0.703893
56 0.548000 0.701158
57 0.554000 0.698621
58 0.540000 0.695932
59 0.562000 0.693700
60 0.554000 0.691410
61 0.586000 0.689710
62 0.572000 0.687841
63 0.580000 0.686156
64 0.584000 0.684585
65 0.578000 0.682970
66 0.574000 0.681343
67 0.592000 0.680029
68 0.572000 0.678464
69 0.572000 0.676943
70 0.560000 0.675296
71 0.570000 0.673833
72 0.550000 0.672137
73 0.556000 0.670568
74 0.542000 0.668853
75 0.548000 0.667263
76 0.560000 0.665870
77 0.552000 0.664410
78 0.516000 0.662532
79 0.520000 0.660750
80 0.506000 0.658840
81 0.496000 0.656854
82 0.478000 0.654699
83 0.506000 0.652929
84 0.470000 0.650776
85 0.480000 0.648791
86 0.514000 0.647241
87 0.520000 0.645795
88 0.512000 0.644292
89 0.486000 0.642533
90 0.504000 0.641011
91 0.520000 0.639696
92 0.518000 0.638387
93 0.528000 0.637213
94 0.522000 0.636000
95 0.488000 0.634458
96 0.492000 0.632990
97 0.524000 0.631878
98 0.508000 0.630626
99 0.484000 0.629160
100 0.454000 0.627426
101 0.480000 0.625980
102 0.444000 0.624214
103 0.448000 0.622519
104 0.458000 0.620952
105 0.464000 0.619472
106 0.420000 0.617607
107 0.464000 0.616185
108 0.446000 0.614624
109 0.460000 0.613218
110 0.486000 0.612072
111 0.466000 0.610768
112 0.450000 0.609345
113 0.468000 0.608105
114 0.482000 0.607009
115 0.474000 0.605862
116 0.450000 0.604530
117 0.448000 0.603203
118 0.472000 0.602101
119 0.440000 0.600750
120 0.438000 0.599405
121 0.398000 0.597754
122 0.438000 0.596455
123 0.442000 0.595210
124 0.430000 0.593888
125 0.404000 0.592381
126 0.418000 0.591008
127 0.448000 0.589891
128 0.454000 0.588837
129 0.430000 0.587615
130 0.418000 0.586321
131 0.404000 0.584939
132 0.396000 0.583519
133 0.388000 0.582060
134 0.360000 0.580415
135 0.374000 0.578897
136 0.388000 0.577504
137 0.392000 0.576159
138 0.382000 0.574763
139 0.356000 0.573200
140 0.410000 0.572043
141 0.420000 0.570972
142 0.424000 0.569944
143 0.404000 0.568792
144 0.384000 0.567517
145 0.382000 0.566247
146 0.386000 0.565020
147 0.402000 0.563919
148 0.404000 0.562846
149 0.380000 0.561627
150 0.382000 0.560437
151 0.342000 0.559000
152 0.336000 0.557542
153 0.364000 0.556286
154 0.326000 0.554800
155 0.336000 0.553397
156 0.312000 0.551860
157 0.352000 0.550595
158 0.338000 0.549258
159 0.378000 0.548188
160 0.342000 0.546907
161 0.360000 0.545753
162 0.368000 0.544663
163 0.396000 0.543756
164 0.344000 0.542545
165 0.380000 0.541566
166 0.380000 0.540599
167 0.370000 0.539583
168 0.386000 0.538675
169 0.384000 0.537765
170 0.340000 0.536608
171 0.360000 0.535581
172 0.356000 0.534543
173 0.342000 0.533437
174 0.368000 0.532491
175 0.352000 0.531466
176 0.356000 0.530475
177 0.356000 0.529494
178 0.332000 0.528391
179 0.304000 0.527144
180 0.348000 0.526155
181 0.356000 0.525220
182 0.356000 0.524295
183 0.356000 0.523380
184 0.362000 0.522508
185 0.326000 0.521452
186 0.350000 0.520535
187 0.322000 0.519479
188 0.364000 0.518656
189 0.376000 0.517905
190 0.350000 0.517026
191 0.340000 0.516104
192 0.330000 0.515140
193 0.334000 0.514206
194 0.342000 0.513323
195 0.322000 0.512347
196 0.344000 0.511492
197 0.322000 0.510535
198 0.348000 0.509719
199 0.348000 0.508910
200 0.340000 0.508070
201 0.326000 0.507168
202 0.308000 0.506187
203 0.352000 0.505431
204 0.344000 0.504644
205 0.354000 0.503913
206 0.344000 0.503140
207 0.362000 0.502462
208 0.346000 0.501713
209 0.344000 0.500962
210 0.300000 0.500009
211 0.290000 0.499019
212 0.308000 0.498122
213 0.308000 0.497234
214 0.282000 0.496233
215 0.284000 0.495250
216 0.312000 0.494406
217 0.298000 0.493505
218 0.330000 0.492758
219 0.316000 0.491955
220 0.294000 0.491059
221 0.270000 0.490063
222 0.316000 0.489283
223 0.302000 0.488446
224 0.296000 0.487591
225 0.282000 0.486681
226 0.326000 0.485974
227 0.322000 0.485254
228 0.336000 0.484603
229 0.336000 0.483957
230 0.330000 0.483290
231 0.326000 0.482612
232 0.306000 0.481854
233 0.288000 0.481026
234 0.236000 0.479983
235 0.218000 0.478873
236 0.232000 0.477831
237 0.222000 0.476756
238 0.234000 0.475741
239 0.288000 0.474958
240 0.300000 0.474232
241 0.250000 0.473306
242 0.286000 0.472535
243 0.260000 0.471664
244 0.270000 0.470841
245 0.266000 0.470008
246 0.264000 0.469174
247 0.264000 0.468347
248 0.222000 0.467357
249 0.232000 0.466416
250 0.244000 0.465530
251 0.240000 0.464635
252 0.222000 0.463676
253 0.220000 0.462717
254 0.224000 0.461780
255 0.244000 0.460930
256 0.250000 0.460109
257 0.238000 0.459248
258 0.268000 0.458510
259 0.244000 0.457685
260 0.268000 0.456958
261 0.276000 0.456267
262 0.296000 0.455658
263 0.280000 0.454992
264 0.264000 0.454272
265 0.252000 0.453511
266 0.262000 0.452794
267 0.256000 0.452060
268 0.264000 0.451361
269 0.254000 0.450630
270 0.244000 0.449867
271 0.232000 0.449066
272 0.274000 0.448425
273 0.272000 0.447781
274 0.248000 0.447055
275 0.242000 0.446312
276 0.238000 0.445560
277 0.228000 0.444777
278 0.220000 0.443971
279 0.258000 0.443307
280 0.264000 0.442669
281 0.212000 0.441851
282 0.228000 0.441095
283 0.250000 0.440423
284 0.220000 0.439649
285 0.198000 0.438804
286 0.208000 0.438000
287 0.214000 0.437222
288 0.214000 0.436450
289 0.220000 0.435703
290 0.220000 0.434962
291 0.216000 0.434212
292 0.204000 0.433427
293 0.240000 0.432769
294 0.240000 0.432115
295 0.228000 0.431426
296 0.220000 0.430714
297 0.222000 0.430013
298 0.240000 0.429378
299 0.250000 0.428780
300 0.240000 0.428153
301 0.220000 0.427464
302 0.208000 0.426739
303 0.196000 0.425980
304 0.262000 0.425443
305 0.240000 0.424837
306 0.210000 0.424137
307 0.198000 0.423403
308 0.188000 0.422641
309 0.164000 0.421806
310 0.194000 0.421074
311 0.238000 0.420487
312 0.228000 0.419872
313 0.196000 0.419159
314 0.198000 0.418457
315 0.246000 0.417911
316 0.232000 0.417325
317 0.246000 0.416786
318 0.192000 0.416082
319 0.198000 0.415400
320 0.206000 0.414748
321 0.208000 0.414106
322 0.212000 0.413480
323 0.232000 0.412920
324 0.246000 0.412406
325 0.186000 0.411712
326 0.200000 0.411064
327 0.202000 0.410427
328 0.192000 0.409763
329 0.178000 0.409061
330 0.152000 0.408284
331 0.170000 0.407566
332 0.144000 0.406775
333 0.134000 0.405958
334 0.144000 0.405176
335 0.164000 0.404458
336 0.174000 0.403774
337 0.182000 0.403118
338 0.170000 0.402431
339 0.136000 0.401647
340 0.166000 0.400956
341 0.152000 0.400228
342 0.142000 0.399475
343 0.140000 0.398721
344 0.154000 0.398012
345 0.156000 0.397312
346 0.176000 0.396674
347 0.172000 0.396029
348 0.156000 0.395341
349 0.156000 0.394657
350 0.166000 0.394006
351 0.184000 0.393409
352 0.190000 0.392833
353 0.194000 0.392271
354 0.184000 0.391685
355 0.184000 0.391101
356 0.188000 0.390532
357 0.188000 0.389966
358 0.220000 0.389493
359 0.200000 0.388967
360 0.194000 0.388427
361 0.210000 0.387934
362 0.196000 0.387405
363 0.194000 0.386874
364 0.130000 0.386170
365 0.172000 0.385585
366 0.156000 0.384959
367 0.168000 0.384370
368 0.142000 0.383713
369 0.152000 0.383086
370 0.124000 0.382388
371 0.112000 0.381661
372 0.102000 0.380912
373 0.168000 0.380342
374 0.170000 0.379781
375 0.152000 0.379176
376 0.172000 0.378626
377 0.158000 0.378042
378 0.142000 0.377420
379 0.140000 0.376795
380 0.124000 0.376131
381 0.156000 0.375555
382 0.154000 0.374977
383 0.148000 0.374385
384 0.126000 0.373740
385 0.126000 0.373098
386 0.132000 0.372475
387 0.124000 0.371835
388 0.148000 0.371260
389 0.130000 0.370641
390 0.132000 0.370031
391 0.120000 0.369393
392 0.094000 0.368692
393 0.166000 0.368178
394 0.100000 0.367499
395 0.108000 0.366843
396 0.124000 0.366232
397 0.082000 0.365518
398 0.074000 0.364787
399 0.060000 0.364025
400 0.068000 0.363287
401 0.078000 0.362577
402 0.082000 0.361881
403 0.088000 0.361203
404 0.074000 0.360494
405 0.082000 0.359808
406 0.100000 0.359170
407 0.076000 0.358475
408 0.094000 0.357829
409 0.068000 0.357122
410 0.060000 0.356399
411 0.084000 0.355738
412 0.044000 0.354983
413 0.090000 0.354343
414 0.108000 0.353749
415 0.074000 0.353077
416 0.074000 0.352408
417 0.108000 0.351823
418 0.116000 0.351260
419 0.126000 0.350724
420 0.120000 0.350176
421 0.110000 0.349607
422 0.138000 0.349106
423 0.112000 0.348547
424 0.118000 0.348005
425 0.108000 0.347441
426 0.110000 0.346885
427 0.112000 0.346336
428 0.156000 0.345893
429 0.126000 0.345381
430 0.096000 0.344803
431 0.084000 0.344199
432 0.072000 0.343570
433 0.096000 0.343000
434 0.054000 0.342336
435 0.086000 0.341748
436 0.076000 0.341140
437 0.060000 0.340498
438 0.082000 0.339909
439 0.082000 0.339323
440 0.094000 0.338766
441 0.106000 0.338240
442 0.146000 0.337806
443 0.106000 0.337284
444 0.132000 0.336822
445 0.106000 0.336305
446 0.132000 0.335848
447 0.142000 0.335415
448 0.106000 0.334904
449 0.130000 0.334449
450 0.134000 0.334004
451 0.094000 0.333473
452 0.080000 0.332914
453 0.076000 0.332348
454 0.118000 0.331877
455 0.112000 0.331395
456 0.128000 0.330950
457 0.082000 0.330406
458 0.090000 0.329882
459 0.104000 0.329391
460 0.086000 0.328863
461 0.106000 0.328381
462 0.088000 0.327862
463 0.072000 0.327310
464 0.066000 0.326748
465 0.114000 0.326292
466 0.104000 0.325816
467 0.106000 0.325346
468 0.078000 0.324819
469 0.126000 0.324396
470 0.088000 0.323894
471 0.084000 0.323386
472 0.070000 0.322850
473 0.076000 0.322329
474 0.098000 0.321857
475 0.092000 0.321374
476 0.090000 0.320889
477 0.068000 0.320360
478 0.044000 0.319783
479 0.058000 0.319238
480 0.056000 0.318690
481 0.050000 0.318133
482 0.046000 0.317569
483 0.062000 0.317041
484 0.084000 0.316561
485 0.060000 0.316033
486 0.070000 0.315528
487 0.062000 0.315008
488 0.070000 0.314507
489 0.044000 0.313955
490 0.052000 0.313422
491 0.040000 0.312866
492 0.082000 0.312398
493 0.036000 0.311838
494 0.048000 0.311305
495 0.086000 0.310851
496 0.048000 0.310322
497 0.056000 0.309811
498 0.026000 0.309242
499 0.054000 0.308732
500 0.050000 0.308216
501 0.060000 0.307721
502 0.072000 0.307252
503 0.080000 0.306802
504 0.104000 0.306400
505 0.088000 0.305968
506 0.112000 0.305586
507 0.104000 0.305189
508 0.100000 0.304786
509 0.122000 0.304427
510 0.150000 0.304125
511 0.150000 0.303824
512 0.144000 0.303513
513 0.142000 0.303198
514 0.116000 0.302835
515 0.082000 0.302407
516 0.102000 0.302019
517 0.084000 0.301598
518 0.102000 0.301214
519 0.100000 0.300827
520 0.094000 0.300430
521 0.112000 0.300069
522 0.084000 0.299656
523 0.084000 0.299244
524 0.102000 0.298869
525 0.136000 0.298559
526 0.140000 0.298258
527 0.126000 0.297932
528 0.108000 0.297573
529 0.090000 0.297181
530 0.122000 0.296851
531 0.134000 0.296545
532 0.102000 0.296180
533 0.116000 0.295843
534 0.126000 0.295525
535 0.134000 0.295224
536 0.158000 0.294968
537 0.134000 0.294669
538 0.152000 0.294404
539 0.154000 0.294144
540 0.130000 0.293841
541 0.120000 0.293520
542 0.110000 0.293182
543 0.122000 0.292868
544 0.096000 0.292506
545 0.088000 0.292132
546 0.080000 0.291744
547 0.060000 0.291321
548 0.078000 0.290933
549 0.066000 0.290524
550 0.090000 0.290160
551 0.062000 0.289746
552 0.086000 0.289378
553 0.064000 0.288971
554 0.102000 0.288634
555 0.106000 0.288306
556 0.098000 0.287964
557 0.072000 0.287577
558 0.072000 0.287191
559 0.070000 0.286804
560 0.108000 0.286485
561 0.072000 0.286103
562 0.072000 0.285723
563 0.088000 0.285372
564 0.080000 0.285009
565 0.060000 0.284611
566 0.080000 0.284250
567 0.092000 0.283912
568 0.074000 0.283543
569 0.040000 0.283116
570 0.084000 0.282767
571 0.086000 0.282423
572 0.092000 0.282091
573 0.072000 0.281725
574 0.078000 0.281370
575 0.068000 0.281000
576 0.090000 0.280669
577 0.100000 0.280356
578 0.090000 0.280028
579 0.106000 0.279728
580 0.076000 0.279377
581 0.066000 0.279010
582 0.078000 0.278666
583 0.104000 0.278366
584 0.088000 0.278041
585 0.060000 0.277669
586 0.070000 0.277315
587 0.106000 0.277024
588 0.088000 0.276703
589 0.100000 0.276403
590 0.110000 0.276122
591 0.056000 0.275750
592 0.078000 0.275417
593 0.084000 0.275094
594 0.094000 0.274790
595 0.102000 0.274500
596 0.072000 0.274161
597 0.048000 0.273783
598 0.066000 0.273436
599 0.084000 0.273120
600 0.058000 0.272762
601 0.028000 0.272355
602 0.032000 0.271957
603 0.084000 0.271646
604 0.048000 0.271276
605 0.064000 0.270934
606 0.060000 0.270586
607 0.062000 0.270243
608 0.074000 0.269921
609 0.040000 0.269544
610 0.064000 0.269208
611 0.040000 0.268833
612 0.042000 0.268463
613 0.056000 0.268117
614 0.036000 0.267740
615 0.040000 0.267370
616 0.042000 0.267005
617 0.074000 0.266693
618 0.026000 0.266304
619 0.096000 0.266029
620 0.070000 0.265713
621 0.040000 0.265350
622 0.056000 0.265014
623 0.054000 0.264676
624 0.052000 0.264336
625 0.076000 0.264035
626 0.008000 0.263627
627 0.010000 0.263223
628 0.020000 0.262836
629 0.010000 0.262435
630 0.030000 0.262067
631 0.030000 0.261699
632 -0.004000 0.261280
633 0.008000 0.260880
634 0.028000 0.260513
635 0.040000 0.260167
636 0.058000 0.259849
637 0.062000 0.259539
638 0.056000 0.259221
639 0.062000 0.258913
640 0.076000 0.258627
641 0.056000 0.258312
642 0.060000 0.258003
643 0.086000 0.257736
644 0.074000 0.257451
645 0.064000 0.257152
646 0.040000 0.256816
647 0.060000 0.256512
648 0.026000 0.256157
649 0.014000 0.255785
650 0.054000 0.255475
651 0.076000 0.255199
652 0.056000 0.254894
653 0.076000 0.254621
654 0.030000 0.254278
655 0.058000 0.253979
656 0.050000 0.253668
657 0.028000 0.253325
658 0.042000 0.253005
659 0.040000 0.252682
660 0.080000 0.252421
661 0.062000 0.252133
662 0.022000 0.251786
663 0.024000 0.251443
664 0.054000 0.251146
665 0.048000 0.250841
666 0.030000 0.250510
667 0.030000 0.250180
668 0.040000 0.249865
669 0.038000 0.249549
670 0.014000 0.249198
671 0.022000 0.248860
672 0.042000 0.248553
673 0.038000 0.248240
674 0.032000 0.247920
675 0.042000 0.247615
676 0.042000 0.247312
677 0.042000 0.247009
678 0.032000 0.246692
679 0.038000 0.246385
680 0.068000 0.246123
681 0.096000 0.245903
682 0.048000 0.245613
683 0.054000 0.245333
684 0.088000 0.245104
685 0.062000 0.244837
686 0.036000 0.244533
687 -0.004000 0.244172
688 0.044000 0.243881
689 0.048000 0.243597
690 0.020000 0.243274
691 0.028000 0.242962
692 0.048000 0.242681
693 0.056000 0.242412
694 0.032000 0.242109
695 0.034000 0.241810
696 0.024000 0.241498
697 0.026000 0.241189
698 0.020000 0.240873
699 0.030000 0.240571
700 0.048000 0.240297
701 0.050000 0.240026
702 0.064000 0.239775
703 0.046000 0.239500
704 0.042000 0.239220
705 0.074000 0.238986
706 0.078000 0.238758
707 0.066000 0.238514
708 0.046000 0.238243
709 0.022000 0.237938
710 0.058000 0.237685
711 0.010000 0.237365
712 0.026000 0.237069
713 0.060000 0.236821
714 0.032000 0.236534
715 0.064000 0.236293
716 0.046000 0.236028
717 0.046000 0.235763
718 0.048000 0.235502
719 0.082000 0.235289
720 0.056000 0.235040
721 0.028000 0.234753
722 0.048000 0.234495
723 0.066000 0.234262
724 0.054000 0.234014
725 0.044000 0.233752
726 0.016000 0.233453
727 0.036000 0.233181
728 -0.014000 0.232842
729 0.036000 0.232573
730 0.086000 0.232372
731 0.074000 0.232156
732 0.080000 0.231948
733 0.082000 0.231744
734 0.104000 0.231570
735 0.058000 0.231334
736 0.052000 0.231091
737 0.078000 0.230883
738 0.064000 0.230658
739 0.090000 0.230468
740 0.074000 0.230256
741 0.088000 0.230065
742 0.042000 0.229812
743 0.040000 0.229556
744 -0.010000 0.229235
745 -0.014000 0.228909
746 -0.022000 0.228573
747 -0.064000 0.228182
748 -0.026000 0.227842
749 0.022000 0.227568
750 0.014000 0.227284
751 0.002000 0.226984
752 0.004000 0.226688
753 0.016000 0.226408
754 0.008000 0.226119
755 -0.014000 0.225802
756 0.040000 0.225556
757 0.014000 0.225277
758 0.016000 0.225001
759 0.020000 0.224732
760 -0.008000 0.224426
761 0.008000 0.224142
762 0.008000 0.223858
763 0.042000 0.223620
764 0.036000 0.223375
765 0.010000 0.223097
766 0.002000 0.222808
767 0.010000 0.222531
768 -0.002000 0.222239
769 0.020000 0.221977
770 0.026000 0.221722
771 0.022000 0.221464
772 0.018000 0.221201
773 -0.002000 0.220912
774 -0.016000 0.220606
775 0.052000 0.220389
776 0.010000 0.220118
777 0.006000 0.219843
778 -0.014000 0.219543
779 -0.016000 0.219241
780 -0.036000 0.218914
781 -0.046000 0.218575
782 -0.002000 0.218294
783 -0.018000 0.217992
784 -0.002000 0.217712
785 -0.032000 0.217394
786 0.000000 0.217118
787 0.002000 0.216845
788 0.030000 0.216608
789 0.032000 0.216375
790 0.032000 0.216142
791 0.038000 0.215917
792 0.012000 0.215660
793 0.002000 0.215390
794 -0.002000 0.215117
795 0.014000 0.214864
796 0.014000 0.214612
797 0.004000 0.214348
798 0.004000 0.214085
799 0.020000 0.213842
800 0.014000 0.213593
801 0.004000 0.213332
802 0.036000 0.213111
803 0.038000 0.212893
804 0.074000 0.212720
805 0.070000 0.212543
806 0.054000 0.212347
807 -0.010000 0.212072
808 -0.010000 0.211797
809 0.012000 0.211551
810 0.012000 0.211305
811 0.012000 0.211059
812 -0.016000 0.210780
813 0.000000 0.210521
814 -0.004000 0.210258
815 0.004000 0.210005
816 0.034000 0.209789
817 0.036000 0.209577
818 0.022000 0.209348
819 0.004000 0.209098
820 -0.022000 0.208816
821 -0.004000 0.208557
822 -0.010000 0.208292
823 -0.016000 0.208019
824 0.046000 0.207823
825 0.056000 0.207639
826 0.054000 0.207453
827 0.030000 0.207239
828 0.042000 0.207040
829 0.010000 0.206802
830 0.010000 0.206566
831 0.032000 0.206356
832 0.052000 0.206170
833 0.032000 0.205962
834 0.058000 0.205784
835 0.016000 0.205557
836 0.018000 0.205333
837 0.008000 0.205098
838 0.022000 0.204880
839 0.024000 0.204664
840 0.052000 0.204483
841 0.028000 0.204273
842 0.032000 0.204069
843 0.028000 0.203860
844 0.008000 0.203628
845 0.014000 0.203404
846 0.058000 0.203233
847 0.050000 0.203052
848 0.002000 0.202815
849 0.032000 0.202614
850 0.016000 0.202395
851 -0.002000 0.202155
852 -0.020000 0.201894
853 0.018000 0.201679
854 0.012000 0.201457
855 0.020000 0.201245
856 0.028000 0.201043
857 0.038000 0.200853
858 0.026000 0.200650
859 0.062000 0.200488
860 0.008000 0.200265
861 0.018000 0.200053
862 0.026000 0.199852
863 0.012000 0.199634
864 0.034000 0.199443
865 0.080000 0.199305
866 0.086000 0.199174
867 0.092000 0.199051
868 0.064000 0.198895
869 0.018000 0.198687
870 0.012000 0.198473
871 -0.006000 0.198239
872 -0.044000 0.197961
873 -0.014000 0.197719
874 -0.008000 0.197483
875 -0.034000 0.197219
876 -0.046000 0.196942
877 -0.018000 0.196697
878 -0.004000 0.196469
879 -0.046000 0.196193
880 -0.010000 0.195959
881 -0.046000 0.195685
882 -0.026000 0.195434
883 -0.012000 0.195199
884 0.016000 0.194997
885 -0.002000 0.194774
886 0.026000 0.194584
887 0.000000 0.194365
888 -0.012000 0.194133
889 0.006000 0.193921
890 0.010000 0.193715
891 0.010000 0.193509
892 -0.014000 0.193277
893 -0.040000 0.193016
894 -0.020000 0.192778
895 -0.016000 0.192545
896 -0.030000 0.192297
897 -0.056000 0.192020
898 -0.024000 0.191780
899 -0.016000 0.191549
900 0.014000 0.191352
901 0.020000 0.191162
902 0.010000 0.190961
903 0.028000 0.190781
904 -0.002000 0.190568
905 -0.010000 0.190347
906 -0.008000 0.190128
907 0.008000 0.189927
908 -0.012000 0.189705
909 -0.034000 0.189459
910 0.004000 0.189256
911 0.002000 0.189050
912 0.030000 0.188876
913 0.046000 0.188720
914 0.036000 0.188553
915 0.060000 0.188413
916 0.036000 0.188246
917 0.034000 0.188078
918 0.048000 0.187926
919 0.044000 0.187770
920 0.010000 0.187577
921 0.022000 0.187397
922 0.018000 0.187213
923 0.024000 0.187037
924 0.024000 0.186861
925 0.030000 0.186691
926 0.004000 0.186494
927 0.022000 0.186317
928 0.038000 0.186157
929 0.054000 0.186015
930 0.016000 0.185832
931 -0.036000 0.185594
932 -0.028000 0.185365
933 -0.040000 0.185124
934 0.018000 0.184945
935 0.020000 0.184769
936 0.006000 0.184578
937 0.012000 0.184394
938 -0.010000 0.184187
939 0.032000 0.184026
940 0.040000 0.183872
941 -0.002000 0.183675
942 0.018000 0.183499
943 0.016000 0.183322
944 0.004000 0.183132
945 -0.012000 0.182926
946 0.018000 0.182752
947 -0.018000 0.182540
948 -0.046000 0.182299
949 -0.042000 0.182063
950 -0.040000 0.181830
951 -0.050000 0.181586
952 -0.018000 0.181377
953 0.010000 0.181197
954 -0.024000 0.180982
955 -0.016000 0.180776
956 0.024000 0.180612
957 0.010000 0.180434
958 0.006000 0.180252
959 -0.004000 0.180060
960 0.002000 0.179875
961 0.008000 0.179696
962 -0.024000 0.179485
963 -0.008000 0.179290
964 0.020000 0.179125
965 0.022000 0.178963
966 0.004000 0.178782
967 -0.014000 0.178583
968 0.010000 0.178409
969 0.026000 0.178252
970 0.012000 0.178080
971 0.020000 0.177918
972 -0.006000 0.177729
973 -0.012000 0.177534
974 -0.020000 0.177331
975 0.012000 0.177162
976 -0.010000 0.176970
977 0.012000 0.176802
978 0.008000 0.176629
979 0.006000 0.176455
980 -0.008000 0.176267
981 0.004000 0.176092
982 -0.008000 0.175904
983 0.022000 0.175748
984 -0.016000 0.175553
985 0.016000 0.175391
986 0.000000 0.175214
987 -0.026000 0.175010
988 0.018000 0.174851
989 0.000000 0.174675
990 0.022000 0.174521
991 0.044000 0.174389
992 0.022000 0.174236
993 0.012000 0.174072
994 0.012000 0.173910
995 0.000000 0.173735
996 0.002000 0.173563
997 -0.010000 0.173379
998 0.000000 0.173205
999 -0.014000 0.173018
