0 1.000000 1.000000
1 0.984000 0.992000
2 0.966000 0.983333
3 0.950000 0.975000
4 0.932000 0.966400
5 0.938000 0.961667
6 0.944000 0.959143
7 0.952000 0.958250
8 0.948000 0.957111
9 0.926000 0.954000
10 0.944000 0.953091
11 0.938000 0.951833
12 0.948000 0.951538
13 0.936000 0.950429
14 0.928000 0.948933
15 0.916000 0.946875
16 0.916000 0.945059
17 0.910000 0.943111
18 0.914000 0.941579
19 0.920000 0.940500
20 0.928000 0.939905
21 0.914000 0.938727
22 0.924000 0.938087
23 0.930000 0.937750
24 0.944000 0.938000
25 0.936000 0.937923
26 0.922000 0.937333
27 0.926000 0.936929
28 0.932000 0.936759
29 0.922000 0.936267
30 0.902000 0.935161
31 0.900000 0.934063
32 0.908000 0.933273
33 0.914000 0.932706
34 0.928000 0.932571
35 0.904000 0.931778
36 0.914000 0.931297
37 0.910000 0.930737
38 0.912000 0.930256
39 0.926000 0.930150
40 0.900000 0.929415
41 0.916000 0.929095
42 0.912000 0.928698
43 0.916000 0.928409
44 0.934000 0.928533
45 0.922000 0.928391
46 0.934000 0.928511
47 0.920000 0.928333
48 0.916000 0.928082
49 0.932000 0.928160
50 0.916000 0.927922
51 0.924000 0.927846
52 0.926000 0.927811
53 0.918000 0.927630
54 0.914000 0.927382
55 0.920000 0.927250
56 0.922000 0.927158
57 0.936000 0.927310
58 0.904000 0.926915
59 0.920000 0.926800
60 0.924000 0.926754
61 0.918000 0.926613
62 0.906000 0.926286
63 0.922000 0.926219
64 0.934000 0.926338
65 0.926000 0.926333
66 0.920000 0.926239
67 0.920000 0.926147
68 0.940000 0.926348
69 0.916000 0.926200
70 0.922000 0.926141
71 0.932000 0.926222
72 0.908000 0.925973
73 0.912000 0.925784
74 0.930000 0.925840
75 0.932000 0.925921
76 0.920000 0.925844
77 0.932000 0.925923
78 0.924000 0.925899
79 0.910000 0.925700
80 0.920000 0.925630
81 0.908000 0.925415
82 0.908000 0.925205
83 0.908000 0.925000
84 0.916000 0.924894
85 0.898000 0.924581
86 0.900000 0.924299
87 0.914000 0.924182
88 0.904000 0.923955
89 0.910000 0.923800
90 0.916000 0.923714
91 0.906000 0.923522
92 0.906000 0.923333
93 0.910000 0.923191
94 0.942000 0.923389
95 0.916000 0.923312
96 0.904000 0.923113
97 0.900000 0.922878
98 0.902000 0.922667
99 0.906000 0.922500
100 0.904000 0.922317
101 0.904000 0.922137
102 0.898000 0.921903
103 0.910000 0.921788
104 0.924000 0.921810
105 0.906000 0.921660
106 0.910000 0.921551
107 0.922000 0.921556
108 0.932000 0.921651
109 0.912000 0.921564
110 0.924000 0.921586
111 0.914000 0.921518
112 0.920000 0.921504
113 0.936000 0.921632
114 0.916000 0.921583
115 0.924000 0.921603
116 0.922000 0.921607
117 0.920000 0.921593
118 0.926000 0.921630
119 0.922000 0.921633
120 0.914000 0.921570
121 0.912000 0.921492
122 0.916000 0.921447
123 0.920000 0.921435
124 0.920000 0.921424
125 0.932000 0.921508
126 0.924000 0.921528
127 0.924000 0.921547
128 0.924000 0.921566
129 0.930000 0.921631
130 0.908000 0.921527
131 0.918000 0.921500
132 0.896000 0.921308
133 0.898000 0.921134
134 0.904000 0.921007
135 0.906000 0.920897
136 0.930000 0.920964
137 0.914000 0.920913
138 0.924000 0.920935
139 0.932000 0.921014
140 0.912000 0.920950
141 0.910000 0.920873
142 0.910000 0.920797
143 0.902000 0.920667
144 0.906000 0.920566
145 0.906000 0.920466
146 0.916000 0.920435
147 0.926000 0.920473
148 0.932000 0.920550
149 0.940000 0.920680
150 0.910000 0.920609
151 0.920000 0.920605
152 0.912000 0.920549
153 0.934000 0.920636
154 0.904000 0.920529
155 0.912000 0.920474
156 0.894000 0.920306
157 0.898000 0.920165
158 0.898000 0.920025
159 0.900000 0.919900
160 0.912000 0.919851
161 0.910000 0.919790
162 0.912000 0.919742
163 0.918000 0.919732
164 0.914000 0.919697
165 0.916000 0.919675
166 0.928000 0.919725
167 0.912000 0.919679
168 0.924000 0.919704
169 0.908000 0.919635
170 0.896000 0.919497
171 0.904000 0.919407
172 0.906000 0.919329
173 0.920000 0.919333
174 0.916000 0.919314
175 0.916000 0.919295
176 0.914000 0.919266
177 0.914000 0.919236
178 0.900000 0.919128
179 0.924000 0.919156
180 0.922000 0.919171
181 0.928000 0.919220
182 0.932000 0.919290
183 0.914000 0.919261
184 0.918000 0.919254
185 0.920000 0.919258
186 0.926000 0.919294
187 0.908000 0.919234
188 0.892000 0.919090
189 0.918000 0.919084
190 0.910000 0.919037
191 0.916000 0.919021
192 0.906000 0.918953
193 0.942000 0.919072
194 0.910000 0.919026
195 0.924000 0.919051
196 0.938000 0.919147
197 0.930000 0.919202
198 0.924000 0.919226
199 0.922000 0.919240
200 0.920000 0.919244
201 0.918000 0.919238
202 0.922000 0.919251
203 0.928000 0.919294
204 0.920000 0.919298
205 0.932000 0.919359
206 0.920000 0.919362
207 0.934000 0.919433
208 0.928000 0.919474
209 0.938000 0.919562
210 0.902000 0.919479
211 0.896000 0.919368
212 0.926000 0.919399
213 0.926000 0.919430
214 0.918000 0.919423
215 0.934000 0.919491
216 0.936000 0.919567
217 0.944000 0.919679
218 0.936000 0.919753
219 0.936000 0.919827
220 0.918000 0.919819
221 0.920000 0.919820
222 0.922000 0.919830
223 0.916000 0.919813
224 0.920000 0.919813
225 0.918000 0.919805
226 0.928000 0.919841
227 0.926000 0.919868
228 0.910000 0.919825
229 0.922000 0.919835
230 0.908000 0.919784
231 0.914000 0.919759
232 0.922000 0.919768
233 0.916000 0.919752
234 0.900000 0.919668
235 0.924000 0.919686
236 0.926000 0.919713
237 0.910000 0.919672
238 0.910000 0.919632
239 0.918000 0.919625
240 0.902000 0.919552
241 0.910000 0.919512
242 0.914000 0.919490
243 0.924000 0.919508
244 0.894000 0.919404
245 0.906000 0.919350
246 0.906000 0.919296
247 0.926000 0.919323
248 0.922000 0.919333
249 0.900000 0.919256
250 0.904000 0.919195
251 0.902000 0.919127
252 0.934000 0.919186
253 0.920000 0.919189
254 0.924000 0.919208
255 0.930000 0.919250
256 0.918000 0.919245
257 0.898000 0.919163
258 0.926000 0.919189
259 0.922000 0.919200
260 0.922000 0.919211
261 0.924000 0.919229
262 0.920000 0.919232
263 0.906000 0.919182
264 0.896000 0.919094
265 0.920000 0.919098
266 0.936000 0.919161
267 0.938000 0.919231
268 0.930000 0.919271
269 0.918000 0.919267
270 0.910000 0.919232
271 0.910000 0.919199
272 0.938000 0.919267
273 0.940000 0.919343
274 0.934000 0.919396
275 0.922000 0.919406
276 0.924000 0.919422
277 0.924000 0.919439
278 0.922000 0.919448
279 0.916000 0.919436
280 0.924000 0.919452
281 0.920000 0.919454
282 0.918000 0.919449
283 0.914000 0.919430
284 0.906000 0.919382
285 0.906000 0.919336
286 0.926000 0.919359
287 0.910000 0.919326
288 0.912000 0.919301
289 0.914000 0.919283
290 0.910000 0.919251
291 0.906000 0.919205
292 0.910000 0.919174
293 0.936000 0.919231
294 0.930000 0.919268
295 0.934000 0.919318
296 0.922000 0.919327
297 0.934000 0.919376
298 0.938000 0.919438
299 0.928000 0.919467
300 0.928000 0.919495
301 0.920000 0.919497
302 0.916000 0.919485
303 0.920000 0.919487
304 0.926000 0.919508
305 0.936000 0.919562
306 0.930000 0.919596
307 0.924000 0.919610
308 0.938000 0.919670
309 0.944000 0.919748
310 0.920000 0.919749
311 0.912000 0.919724
312 0.926000 0.919744
313 0.918000 0.919739
314 0.916000 0.919727
315 0.910000 0.919696
316 0.914000 0.919678
317 0.906000 0.919635
318 0.904000 0.919586
319 0.920000 0.919588
320 0.928000 0.919614
321 0.914000 0.919596
322 0.920000 0.919598
323 0.928000 0.919623
324 0.912000 0.919600
325 0.912000 0.919577
326 0.914000 0.919560
327 0.906000 0.919518
328 0.898000 0.919453
329 0.892000 0.919370
330 0.920000 0.919372
331 0.938000 0.919428
332 0.916000 0.919417
333 0.930000 0.919449
334 0.920000 0.919451
335 0.918000 0.919446
336 0.904000 0.919401
337 0.924000 0.919414
338 0.932000 0.919451
339 0.930000 0.919482
340 0.922000 0.919490
341 0.916000 0.919480
342 0.916000 0.919469
343 0.932000 0.919506
344 0.920000 0.919507
345 0.914000 0.919491
346 0.924000 0.919504
347 0.912000 0.919483
348 0.922000 0.919490
349 0.920000 0.919491
350 0.920000 0.919493
351 0.928000 0.919517
352 0.940000 0.919575
353 0.920000 0.919576
354 0.932000 0.919611
355 0.910000 0.919584
356 0.902000 0.919535
357 0.918000 0.919531
358 0.930000 0.919560
359 0.930000 0.919589
360 0.922000 0.919596
361 0.942000 0.919657
362 0.932000 0.919691
363 0.934000 0.919731
364 0.938000 0.919781
365 0.920000 0.919781
366 0.902000 0.919733
367 0.910000 0.919707
368 0.922000 0.919713
369 0.930000 0.919741
370 0.930000 0.919768
371 0.932000 0.919801
372 0.920000 0.919802
373 0.918000 0.919797
374 0.926000 0.919813
375 0.924000 0.919824
376 0.922000 0.919830
377 0.902000 0.919783
378 0.898000 0.919726
379 0.906000 0.919689
380 0.906000 0.919654
381 0.922000 0.919660
382 0.926000 0.919676
383 0.926000 0.919693
384 0.900000 0.919642
385 0.892000 0.919570
386 0.912000 0.919550
387 0.912000 0.919531
388 0.906000 0.919496
389 0.894000 0.919431
390 0.908000 0.919402
391 0.912000 0.919383
392 0.924000 0.919394
393 0.932000 0.919426
394 0.926000 0.919443
395 0.906000 0.919409
396 0.924000 0.919421
397 0.924000 0.919432
398 0.906000 0.919398
399 0.916000 0.919390
400 0.910000 0.919367
401 0.926000 0.919383
402 0.928000 0.919404
403 0.938000 0.919450
404 0.932000 0.919481
405 0.908000 0.919453
406 0.916000 0.919445
407 0.924000 0.919456
408 0.908000 0.919428
409 0.912000 0.919410
410 0.922000 0.919416
411 0.896000 0.919359
412 0.888000 0.919283
413 0.904000 0.919246
414 0.916000 0.919239
415 0.918000 0.919236
416 0.910000 0.919213
417 0.914000 0.919201
418 0.924000 0.919212
419 0.916000 0.919205
420 0.922000 0.919211
421 0.924000 0.919223
422 0.912000 0.919206
423 0.910000 0.919184
424 0.918000 0.919181
425 0.890000 0.919113
426 0.922000 0.919119
427 0.912000 0.919103
428 0.918000 0.919100
429 0.894000 0.919042
430 0.900000 0.918998
431 0.908000 0.918972
432 0.914000 0.918961
433 0.918000 0.918959
434 0.900000 0.918915
435 0.916000 0.918908
436 0.910000 0.918888
437 0.902000 0.918849
438 0.904000 0.918815
439 0.894000 0.918759
440 0.894000 0.918703
441 0.918000 0.918701
442 0.936000 0.918740
443 0.920000 0.918743
444 0.926000 0.918760
445 0.912000 0.918744
446 0.920000 0.918747
447 0.926000 0.918763
448 0.918000 0.918762
449 0.920000 0.918764
450 0.936000 0.918803
451 0.944000 0.918858
452 0.934000 0.918892
453 0.944000 0.918947
454 0.946000 0.919007
455 0.936000 0.919044
456 0.948000 0.919107
457 0.936000 0.919144
458 0.940000 0.919190
459 0.946000 0.919248
460 0.936000 0.919284
461 0.924000 0.919294
462 0.912000 0.919279
463 0.926000 0.919293
464 0.922000 0.919299
465 0.912000 0.919283
466 0.920000 0.919285
467 0.940000 0.919329
468 0.922000 0.919335
469 0.900000 0.919294
470 0.912000 0.919278
471 0.930000 0.919301
472 0.918000 0.919298
473 0.920000 0.919300
474 0.928000 0.919318
475 0.932000 0.919345
476 0.938000 0.919384
477 0.916000 0.919377
478 0.912000 0.919361
479 0.908000 0.919338
480 0.922000 0.919343
481 0.914000 0.919332
482 0.928000 0.919350
483 0.924000 0.919360
484 0.918000 0.919357
485 0.918000 0.919354
486 0.916000 0.919347
487 0.926000 0.919361
488 0.926000 0.919374
489 0.926000 0.919388
490 0.938000 0.919426
491 0.934000 0.919455
492 0.950000 0.919517
493 0.954000 0.919587
494 0.960000 0.919669
495 0.924000 0.919677
496 0.932000 0.919702
497 0.920000 0.919703
498 0.920000 0.919703
499 0.906000 0.919676
500 0.910000 0.919657
501 0.928000 0.919673
502 0.926000 0.919686
503 0.932000 0.919710
504 0.940000 0.919750
505 0.914000 0.919739
506 0.924000 0.919748
507 0.920000 0.919748
508 0.926000 0.919760
509 0.922000 0.919765
510 0.926000 0.919777
511 0.914000 0.919766
512 0.914000 0.919754
513 0.914000 0.919743
514 0.904000 0.919713
515 0.910000 0.919694
516 0.914000 0.919683
517 0.908000 0.919660
518 0.928000 0.919676
519 0.930000 0.919696
520 0.928000 0.919712
521 0.924000 0.919720
522 0.922000 0.919725
523 0.924000 0.919733
524 0.932000 0.919756
525 0.914000 0.919745
526 0.936000 0.919776
527 0.950000 0.919833
528 0.940000 0.919871
529 0.916000 0.919864
530 0.916000 0.919857
531 0.910000 0.919838
532 0.922000 0.919842
533 0.930000 0.919861
534 0.908000 0.919839
535 0.912000 0.919825
536 0.910000 0.919806
537 0.930000 0.919825
538 0.922000 0.919829
539 0.922000 0.919833
540 0.922000 0.919837
541 0.918000 0.919834
542 0.912000 0.919820
543 0.922000 0.919824
544 0.922000 0.919828
545 0.912000 0.919813
546 0.930000 0.919832
547 0.934000 0.919858
548 0.934000 0.919883
549 0.928000 0.919898
550 0.916000 0.919891
551 0.910000 0.919873
552 0.930000 0.919892
553 0.910000 0.919874
554 0.900000 0.919838
555 0.920000 0.919838
556 0.908000 0.919817
557 0.928000 0.919832
558 0.916000 0.919825
559 0.916000 0.919818
560 0.918000 0.919815
561 0.904000 0.919786
562 0.924000 0.919794
563 0.910000 0.919777
564 0.916000 0.919770
565 0.914000 0.919760
566 0.916000 0.919753
567 0.906000 0.919729
568 0.898000 0.919691
569 0.922000 0.919695
570 0.924000 0.919702
571 0.916000 0.919696
572 0.902000 0.919665
573 0.896000 0.919624
574 0.910000 0.919607
575 0.918000 0.919604
576 0.912000 0.919591
577 0.916000 0.919585
578 0.906000 0.919561
579 0.918000 0.919559
580 0.914000 0.919549
581 0.916000 0.919543
582 0.932000 0.919564
583 0.916000 0.919558
584 0.928000 0.919573
585 0.922000 0.919577
586 0.924000 0.919584
587 0.916000 0.919578
588 0.924000 0.919586
589 0.934000 0.919610
590 0.924000 0.919618
591 0.928000 0.919632
592 0.916000 0.919626
593 0.920000 0.919626
594 0.918000 0.919624
595 0.912000 0.919611
596 0.922000 0.919615
597 0.924000 0.919622
598 0.914000 0.919613
599 0.926000 0.919623
600 0.912000 0.919611
601 0.910000 0.919595
602 0.910000 0.919579
603 0.920000 0.919579
604 0.916000 0.919574
605 0.924000 0.919581
606 0.916000 0.919575
607 0.908000 0.919556
608 0.916000 0.919550
609 0.928000 0.919564
610 0.918000 0.919561
611 0.922000 0.919565
612 0.940000 0.919599
613 0.932000 0.919619
614 0.926000 0.919629
615 0.912000 0.919617
616 0.926000 0.919627
617 0.922000 0.919631
618 0.912000 0.919619
619 0.916000 0.919613
620 0.920000 0.919614
621 0.906000 0.919592
622 0.900000 0.919560
623 0.914000 0.919551
624 0.920000 0.919552
625 0.906000 0.919530
626 0.928000 0.919544
627 0.916000 0.919538
628 0.918000 0.919536
629 0.902000 0.919508
630 0.920000 0.919509
631 0.920000 0.919509
632 0.912000 0.919498
633 0.898000 0.919464
634 0.920000 0.919465
635 0.926000 0.919475
636 0.922000 0.919479
637 0.910000 0.919464
638 0.906000 0.919443
639 0.900000 0.919413
640 0.896000 0.919376
641 0.914000 0.919368
642 0.892000 0.919325
643 0.906000 0.919304
644 0.908000 0.919287
645 0.918000 0.919285
646 0.936000 0.919311
647 0.928000 0.919324
648 0.916000 0.919319
649 0.912000 0.919308
650 0.906000 0.919287
651 0.924000 0.919294
652 0.918000 0.919292
653 0.930000 0.919309
654 0.916000 0.919304
655 0.918000 0.919302
656 0.924000 0.919309
657 0.920000 0.919310
658 0.930000 0.919326
659 0.912000 0.919315
660 0.928000 0.919328
661 0.914000 0.919320
662 0.928000 0.919333
663 0.928000 0.919346
664 0.936000 0.919371
665 0.914000 0.919363
666 0.916000 0.919358
667 0.922000 0.919362
668 0.924000 0.919369
669 0.930000 0.919385
670 0.930000 0.919401
671 0.912000 0.919390
672 0.926000 0.919400
673 0.918000 0.919398
674 0.928000 0.919410
675 0.936000 0.919435
676 0.922000 0.919439
677 0.914000 0.919431
678 0.910000 0.919417
679 0.926000 0.919426
680 0.914000 0.919419
681 0.932000 0.919437
682 0.926000 0.919447
683 0.932000 0.919465
684 0.932000 0.919483
685 0.928000 0.919496
686 0.944000 0.919531
687 0.922000 0.919535
688 0.928000 0.919547
689 0.922000 0.919551
690 0.922000 0.919554
691 0.908000 0.919538
692 0.894000 0.919501
693 0.916000 0.919496
694 0.918000 0.919494
695 0.918000 0.919491
696 0.908000 0.919475
697 0.920000 0.919476
698 0.910000 0.919462
699 0.928000 0.919474
700 0.926000 0.919484
701 0.912000 0.919473
702 0.922000 0.919477
703 0.906000 0.919457
704 0.924000 0.919464
705 0.924000 0.919470
706 0.924000 0.919477
707 0.912000 0.919466
708 0.904000 0.919444
709 0.910000 0.919431
710 0.938000 0.919457
711 0.926000 0.919466
712 0.924000 0.919473
713 0.924000 0.919479
714 0.918000 0.919477
715 0.912000 0.919466
716 0.928000 0.919478
717 0.926000 0.919487
718 0.944000 0.919522
719 0.932000 0.919539
720 0.912000 0.919528
721 0.934000 0.919548
722 0.932000 0.919566
723 0.932000 0.919583
724 0.930000 0.919597
725 0.916000 0.919592
726 0.930000 0.919607
727 0.944000 0.919640
728 0.942000 0.919671
729 0.930000 0.919685
730 0.944000 0.919718
731 0.934000 0.919738
732 0.936000 0.919760
733 0.916000 0.919755
734 0.904000 0.919733
735 0.896000 0.919701
736 0.924000 0.919707
737 0.912000 0.919696
738 0.902000 0.919673
739 0.920000 0.919673
740 0.910000 0.919660
741 0.926000 0.919668
742 0.932000 0.919685
743 0.924000 0.919691
744 0.924000 0.919697
745 0.918000 0.919694
746 0.920000 0.919695
747 0.934000 0.919714
748 0.926000 0.919722
749 0.922000 0.919725
750 0.912000 0.919715
751 0.914000 0.919707
752 0.920000 0.919708
753 0.916000 0.919703
754 0.928000 0.919714
755 0.912000 0.919704
756 0.912000 0.919694
757 0.926000 0.919702
758 0.920000 0.919702
759 0.916000 0.919697
760 0.930000 0.919711
761 0.936000 0.919732
762 0.926000 0.919740
763 0.916000 0.919736
764 0.918000 0.919733
765 0.922000 0.919736
766 0.922000 0.919739
767 0.904000 0.919719
768 0.912000 0.919709
769 0.922000 0.919712
770 0.918000 0.919709
771 0.910000 0.919697
772 0.924000 0.919702
773 0.938000 0.919726
774 0.940000 0.919752
775 0.922000 0.919755
776 0.906000 0.919737
777 0.902000 0.919715
778 0.910000 0.919702
779 0.918000 0.919700
780 0.928000 0.919711
781 0.942000 0.919739
782 0.932000 0.919755
783 0.918000 0.919753
784 0.916000 0.919748
785 0.924000 0.919753
786 0.930000 0.919766
787 0.932000 0.919782
788 0.944000 0.919812
789 0.932000 0.919828
790 0.926000 0.919836
791 0.918000 0.919833
792 0.930000 0.919846
793 0.924000 0.919851
794 0.916000 0.919847
795 0.924000 0.919852
796 0.908000 0.919837
797 0.924000 0.919842
798 0.932000 0.919857
799 0.914000 0.919850
800 0.932000 0.919865
801 0.906000 0.919848
802 0.908000 0.919833
803 0.892000 0.919799
804 0.904000 0.919779
805 0.896000 0.919749
806 0.920000 0.919750
807 0.904000 0.919730
808 0.898000 0.919703
809 0.906000 0.919686
810 0.924000 0.919692
811 0.908000 0.919677
812 0.936000 0.919697
813 0.936000 0.919717
814 0.916000 0.919713
815 0.932000 0.919728
816 0.926000 0.919736
817 0.924000 0.919741
818 0.916000 0.919736
819 0.914000 0.919729
820 0.912000 0.919720
821 0.912000 0.919710
822 0.938000 0.919733
823 0.920000 0.919733
824 0.906000 0.919716
825 0.922000 0.919719
826 0.902000 0.919698
827 0.908000 0.919684
828 0.912000 0.919674
829 0.908000 0.919660
830 0.892000 0.919627
831 0.892000 0.919594
832 0.918000 0.919592
833 0.902000 0.919571
834 0.912000 0.919562
835 0.922000 0.919565
836 0.914000 0.919558
837 0.900000 0.919535
838 0.912000 0.919526
839 0.918000 0.919524
840 0.894000 0.919493
841 0.898000 0.919468
842 0.896000 0.919440
843 0.900000 0.919417
844 0.912000 0.919408
845 0.904000 0.919390
846 0.906000 0.919374
847 0.910000 0.919363
848 0.908000 0.919350
849 0.894000 0.919320
850 0.906000 0.919304
851 0.904000 0.919286
852 0.918000 0.919285
853 0.926000 0.919293
854 0.902000 0.919273
855 0.918000 0.919271
856 0.904000 0.919253
857 0.906000 0.919238
858 0.896000 0.919211
859 0.908000 0.919198
860 0.914000 0.919192
861 0.910000 0.919181
862 0.916000 0.919177
863 0.910000 0.919167
864 0.906000 0.919151
865 0.912000 0.919143
866 0.914000 0.919137
867 0.934000 0.919154
868 0.956000 0.919197
869 0.946000 0.919228
870 0.942000 0.919254
871 0.938000 0.919275
872 0.918000 0.919274
873 0.926000 0.919281
874 0.914000 0.919275
875 0.928000 0.919285
876 0.950000 0.919320
877 0.934000 0.919337
878 0.924000 0.919342
879 0.928000 0.919352
880 0.938000 0.919373
881 0.918000 0.919372
882 0.900000 0.919350
883 0.906000 0.919335
884 0.914000 0.919329
885 0.894000 0.919300
886 0.914000 0.919294
887 0.904000 0.919277
888 0.884000 0.919237
889 0.906000 0.919222
890 0.912000 0.919214
891 0.906000 0.919200
892 0.914000 0.919194
893 0.930000 0.919206
894 0.936000 0.919225
895 0.930000 0.919237
896 0.948000 0.919269
897 0.924000 0.919274
898 0.904000 0.919257
899 0.890000 0.919224
900 0.896000 0.919199
901 0.914000 0.919193
902 0.904000 0.919176
903 0.938000 0.919197
904 0.930000 0.919209
905 0.934000 0.919225
906 0.928000 0.919235
907 0.908000 0.919222
908 0.910000 0.919212
909 0.898000 0.919189
910 0.908000 0.919177
911 0.936000 0.919195
912 0.928000 0.919205
913 0.932000 0.919219
914 0.916000 0.919215
915 0.922000 0.919218
916 0.924000 0.919224
917 0.924000 0.919229
918 0.920000 0.919230
919 0.940000 0.919252
920 0.950000 0.919286
921 0.930000 0.919297
922 0.920000 0.919298
923 0.912000 0.919290
924 0.900000 0.919269
925 0.906000 0.919255
926 0.914000 0.919249
927 0.916000 0.919246
928 0.898000 0.919223
929 0.914000 0.919217
930 0.910000 0.919207
931 0.940000 0.919230
932 0.924000 0.919235
933 0.902000 0.919216
934 0.920000 0.919217
935 0.918000 0.919216
936 0.920000 0.919217
937 0.934000 0.919232
938 0.942000 0.919257
939 0.924000 0.919262
940 0.924000 0.919267
941 0.920000 0.919268
942 0.898000 0.919245
943 0.894000 0.919218
944 0.920000 0.919219
945 0.910000 0.919209
946 0.914000 0.919204
947 0.914000 0.919198
948 0.916000 0.919195
949 0.914000 0.919189
950 0.916000 0.919186
951 0.910000 0.919176
952 0.904000 0.919161
953 0.906000 0.919147
954 0.940000 0.919169
955 0.924000 0.919174
956 0.922000 0.919177
957 0.912000 0.919169
958 0.914000 0.919164
959 0.922000 0.919167
960 0.912000 0.919159
961 0.922000 0.919162
962 0.926000 0.919169
963 0.920000 0.919170
964 0.904000 0.919154
965 0.914000 0.919149
966 0.932000 0.919162
967 0.906000 0.919149
968 0.888000 0.919117
969 0.898000 0.919095
970 0.932000 0.919108
971 0.904000 0.919093
972 0.928000 0.919102
973 0.932000 0.919115
974 0.912000 0.919108
975 0.920000 0.919109
976 0.912000 0.919101
977 0.908000 0.919090
978 0.920000 0.919091
979 0.916000 0.919088
980 0.914000 0.919083
981 0.928000 0.919092
982 0.914000 0.919086
983 0.916000 0.919083
984 0.922000 0.919086
985 0.934000 0.919101
986 0.922000 0.919104
987 0.906000 0.919091
988 0.910000 0.919082
989 0.920000 0.919083
990 0.920000 0.919084
991 0.930000 0.919095
992 0.914000 0.919090
993 0.916000 0.919087
994 0.920000 0.919087
995 0.928000 0.919096
996 0.910000 0.919087
997 0.918000 0.919086
998 0.932000 0.919099
999 0.924000 0.919104
