0 1.000000 1.000000
1 0.996000 0.998000
2 0.984000 0.993333
3 0.982000 0.990500
4 0.972000 0.986800
5 0.974000 0.984667
6 0.982000 0.984286
7 0.982000 0.984000
8 0.978000 0.983333
9 0.966000 0.981600
10 0.976000 0.981091
11 0.968000 0.980000
12 0.978000 0.979846
13 0.962000 0.978571
14 0.962000 0.977467
15 0.950000 0.975750
16 0.964000 0.975059
17 0.956000 0.974000
18 0.954000 0.972947
19 0.962000 0.972400
20 0.964000 0.972000
21 0.954000 0.971182
22 0.962000 0.970783
23 0.966000 0.970583
24 0.970000 0.970560
25 0.958000 0.970077
26 0.966000 0.969926
27 0.978000 0.970214
28 0.974000 0.970345
29 0.964000 0.970133
30 0.960000 0.969806
31 0.966000 0.969688
32 0.970000 0.969697
33 0.966000 0.969588
34 0.978000 0.969829
35 0.968000 0.969778
36 0.980000 0.970054
37 0.968000 0.970000
38 0.978000 0.970205
39 0.972000 0.970250
40 0.944000 0.969610
41 0.956000 0.969286
42 0.962000 0.969116
43 0.960000 0.968909
44 0.970000 0.968933
45 0.966000 0.968870
46 0.974000 0.968979
47 0.964000 0.968875
48 0.958000 0.968653
49 0.968000 0.968640
50 0.970000 0.968667
51 0.984000 0.968962
52 0.970000 0.968981
53 0.962000 0.968852
54 0.968000 0.968836
55 0.960000 0.968679
56 0.970000 0.968702
57 0.966000 0.968655
58 0.958000 0.968475
59 0.974000 0.968567
60 0.966000 0.968525
61 0.962000 0.968419
62 0.956000 0.968222
63 0.960000 0.968094
64 0.966000 0.968062
65 0.974000 0.968152
66 0.964000 0.968090
67 0.962000 0.968000
68 0.966000 0.967971
69 0.962000 0.967886
70 0.974000 0.967972
71 0.980000 0.968139
72 0.964000 0.968082
73 0.958000 0.967946
74 0.974000 0.968027
75 0.970000 0.968053
76 0.968000 0.968052
77 0.980000 0.968205
78 0.976000 0.968304
79 0.956000 0.968150
80 0.960000 0.968049
81 0.952000 0.967854
82 0.946000 0.967590
83 0.952000 0.967405
84 0.944000 0.967129
85 0.948000 0.966907
86 0.952000 0.966736
87 0.956000 0.966614
88 0.948000 0.966404
89 0.960000 0.966333
90 0.968000 0.966352
91 0.946000 0.966130
92 0.946000 0.965914
93 0.960000 0.965851
94 0.972000 0.965916
95 0.962000 0.965875
96 0.962000 0.965835
97 0.962000 0.965796
98 0.958000 0.965717
99 0.962000 0.965680
100 0.950000 0.965525
101 0.954000 0.965412
102 0.962000 0.965379
103 0.956000 0.965288
104 0.966000 0.965295
105 0.958000 0.965226
106 0.958000 0.965159
107 0.968000 0.965185
108 0.982000 0.965339
109 0.984000 0.965509
110 0.982000 0.965658
111 0.972000 0.965714
112 0.976000 0.965805
113 0.988000 0.966000
114 0.964000 0.965983
115 0.968000 0.966000
116 0.974000 0.966068
117 0.980000 0.966186
118 0.990000 0.966387
119 0.974000 0.966450
120 0.970000 0.966479
121 0.966000 0.966475
122 0.972000 0.966520
123 0.972000 0.966565
124 0.970000 0.966592
125 0.970000 0.966619
126 0.966000 0.966614
127 0.964000 0.966594
128 0.970000 0.966620
129 0.972000 0.966662
130 0.954000 0.966565
131 0.972000 0.966606
132 0.970000 0.966632
133 0.968000 0.966642
134 0.970000 0.966667
135 0.954000 0.966574
136 0.970000 0.966599
137 0.970000 0.966623
138 0.980000 0.966719
139 0.982000 0.966829
140 0.974000 0.966879
141 0.978000 0.966958
142 0.974000 0.967007
143 0.968000 0.967014
144 0.970000 0.967034
145 0.970000 0.967055
146 0.976000 0.967116
147 0.984000 0.967230
148 0.980000 0.967315
149 0.982000 0.967413
150 0.970000 0.967430
151 0.974000 0.967474
152 0.972000 0.967503
153 0.970000 0.967519
154 0.964000 0.967497
155 0.976000 0.967551
156 0.952000 0.967452
157 0.952000 0.967354
158 0.960000 0.967308
159 0.970000 0.967325
160 0.970000 0.967342
161 0.956000 0.967272
162 0.952000 0.967178
163 0.960000 0.967134
164 0.966000 0.967127
165 0.968000 0.967133
166 0.978000 0.967198
167 0.974000 0.967238
168 0.978000 0.967302
169 0.970000 0.967318
170 0.966000 0.967310
171 0.974000 0.967349
172 0.972000 0.967376
173 0.974000 0.967414
174 0.970000 0.967429
175 0.970000 0.967443
176 0.972000 0.967469
177 0.970000 0.967483
178 0.962000 0.967453
179 0.978000 0.967511
180 0.990000 0.967635
181 0.982000 0.967714
182 0.978000 0.967770
183 0.968000 0.967772
184 0.978000 0.967827
185 0.982000 0.967903
186 0.968000 0.967904
187 0.962000 0.967872
188 0.956000 0.967810
189 0.974000 0.967842
190 0.968000 0.967843
191 0.972000 0.967865
192 0.962000 0.967834
193 0.976000 0.967876
194 0.960000 0.967836
195 0.968000 0.967837
196 0.976000 0.967878
197 0.970000 0.967889
198 0.962000 0.967859
199 0.966000 0.967850
200 0.968000 0.967851
201 0.964000 0.967832
202 0.962000 0.967803
203 0.970000 0.967814
204 0.974000 0.967844
205 0.966000 0.967835
206 0.964000 0.967816
207 0.980000 0.967875
208 0.976000 0.967914
209 0.984000 0.967990
210 0.970000 0.968000
211 0.964000 0.967981
212 0.980000 0.968038
213 0.970000 0.968047
214 0.966000 0.968037
215 0.976000 0.968074
216 0.978000 0.968120
217 0.980000 0.968174
218 0.970000 0.968183
219 0.972000 0.968200
220 0.968000 0.968199
221 0.970000 0.968207
222 0.966000 0.968197
223 0.960000 0.968161
224 0.974000 0.968187
225 0.968000 0.968186
226 0.970000 0.968194
227 0.970000 0.968202
228 0.958000 0.968157
229 0.966000 0.968148
230 0.968000 0.968147
231 0.970000 0.968155
232 0.968000 0.968155
233 0.970000 0.968162
234 0.956000 0.968111
235 0.968000 0.968110
236 0.972000 0.968127
237 0.970000 0.968134
238 0.968000 0.968134
239 0.964000 0.968117
240 0.962000 0.968091
241 0.976000 0.968124
242 0.970000 0.968132
243 0.980000 0.968180
244 0.966000 0.968171
245 0.956000 0.968122
246 0.958000 0.968081
247 0.966000 0.968073
248 0.962000 0.968048
249 0.964000 0.968032
250 0.966000 0.968024
251 0.960000 0.967992
252 0.970000 0.968000
253 0.968000 0.968000
254 0.970000 0.968008
255 0.962000 0.967984
256 0.966000 0.967977
257 0.950000 0.967907
258 0.974000 0.967931
259 0.972000 0.967946
260 0.974000 0.967969
261 0.978000 0.968008
262 0.978000 0.968046
263 0.968000 0.968045
264 0.974000 0.968068
265 0.976000 0.968098
266 0.978000 0.968135
267 0.984000 0.968194
268 0.972000 0.968208
269 0.968000 0.968207
270 0.966000 0.968199
271 0.970000 0.968206
272 0.980000 0.968249
273 0.978000 0.968285
274 0.968000 0.968284
275 0.964000 0.968268
276 0.968000 0.968267
277 0.966000 0.968259
278 0.970000 0.968265
279 0.964000 0.968250
280 0.980000 0.968292
281 0.970000 0.968298
282 0.966000 0.968290
283 0.964000 0.968275
284 0.960000 0.968246
285 0.956000 0.968203
286 0.974000 0.968223
287 0.956000 0.968181
288 0.960000 0.968152
289 0.976000 0.968179
290 0.956000 0.968137
291 0.968000 0.968137
292 0.966000 0.968130
293 0.962000 0.968109
294 0.964000 0.968095
295 0.966000 0.968088
296 0.960000 0.968061
297 0.976000 0.968087
298 0.968000 0.968087
299 0.966000 0.968080
300 0.958000 0.968047
301 0.966000 0.968040
302 0.948000 0.967974
303 0.956000 0.967934
304 0.962000 0.967915
305 0.966000 0.967908
306 0.960000 0.967883
307 0.966000 0.967877
308 0.976000 0.967903
309 0.980000 0.967942
310 0.976000 0.967968
311 0.960000 0.967942
312 0.968000 0.967942
313 0.972000 0.967955
314 0.970000 0.967962
315 0.966000 0.967956
316 0.970000 0.967962
317 0.954000 0.967918
318 0.966000 0.967912
319 0.960000 0.967888
320 0.970000 0.967894
321 0.968000 0.967894
322 0.966000 0.967889
323 0.966000 0.967883
324 0.966000 0.967877
325 0.958000 0.967847
326 0.968000 0.967847
327 0.964000 0.967835
328 0.958000 0.967805
329 0.958000 0.967776
330 0.962000 0.967758
331 0.972000 0.967771
332 0.968000 0.967772
333 0.972000 0.967784
334 0.972000 0.967797
335 0.972000 0.967810
336 0.964000 0.967798
337 0.966000 0.967793
338 0.968000 0.967794
339 0.970000 0.967800
340 0.966000 0.967795
341 0.960000 0.967772
342 0.968000 0.967773
343 0.970000 0.967779
344 0.968000 0.967780
345 0.962000 0.967763
346 0.962000 0.967746
347 0.976000 0.967770
348 0.966000 0.967765
349 0.964000 0.967754
350 0.962000 0.967738
351 0.976000 0.967761
352 0.976000 0.967785
353 0.970000 0.967791
354 0.978000 0.967820
355 0.966000 0.967815
356 0.966000 0.967810
357 0.966000 0.967804
358 0.964000 0.967794
359 0.966000 0.967789
360 0.958000 0.967762
361 0.958000 0.967735
362 0.956000 0.967702
363 0.976000 0.967725
364 0.980000 0.967759
365 0.974000 0.967776
366 0.958000 0.967749
367 0.966000 0.967745
368 0.976000 0.967767
369 0.976000 0.967789
370 0.972000 0.967801
371 0.970000 0.967806
372 0.964000 0.967796
373 0.968000 0.967797
374 0.984000 0.967840
375 0.976000 0.967862
376 0.970000 0.967867
377 0.968000 0.967868
378 0.968000 0.967868
379 0.982000 0.967905
380 0.974000 0.967921
381 0.974000 0.967937
382 0.960000 0.967916
383 0.966000 0.967911
384 0.970000 0.967917
385 0.978000 0.967943
386 0.974000 0.967959
387 0.968000 0.967959
388 0.964000 0.967949
389 0.956000 0.967918
390 0.970000 0.967923
391 0.968000 0.967923
392 0.974000 0.967939
393 0.976000 0.967959
394 0.974000 0.967975
395 0.960000 0.967955
396 0.964000 0.967945
397 0.964000 0.967935
398 0.954000 0.967900
399 0.962000 0.967885
400 0.978000 0.967910
401 0.964000 0.967900
402 0.974000 0.967916
403 0.968000 0.967916
404 0.970000 0.967921
405 0.956000 0.967892
406 0.974000 0.967907
407 0.964000 0.967897
408 0.962000 0.967883
409 0.964000 0.967873
410 0.966000 0.967869
411 0.948000 0.967820
412 0.938000 0.967748
413 0.952000 0.967710
414 0.964000 0.967701
415 0.960000 0.967683
416 0.966000 0.967679
417 0.974000 0.967694
418 0.970000 0.967699
419 0.966000 0.967695
420 0.974000 0.967710
421 0.968000 0.967711
422 0.968000 0.967712
423 0.962000 0.967698
424 0.980000 0.967727
425 0.962000 0.967714
426 0.966000 0.967710
427 0.954000 0.967678
428 0.966000 0.967674
429 0.970000 0.967679
430 0.966000 0.967675
431 0.976000 0.967694
432 0.972000 0.967704
433 0.978000 0.967728
434 0.974000 0.967743
435 0.976000 0.967761
436 0.964000 0.967753
437 0.964000 0.967744
438 0.962000 0.967731
439 0.962000 0.967718
440 0.956000 0.967692
441 0.974000 0.967706
442 0.980000 0.967734
443 0.962000 0.967721
444 0.962000 0.967708
445 0.954000 0.967677
446 0.970000 0.967682
447 0.964000 0.967674
448 0.968000 0.967675
449 0.960000 0.967658
450 0.976000 0.967676
451 0.976000 0.967695
452 0.962000 0.967682
453 0.974000 0.967696
454 0.980000 0.967723
455 0.976000 0.967741
456 0.990000 0.967790
457 0.972000 0.967799
458 0.976000 0.967817
459 0.974000 0.967830
460 0.970000 0.967835
461 0.968000 0.967835
462 0.970000 0.967840
463 0.972000 0.967849
464 0.964000 0.967841
465 0.964000 0.967833
466 0.968000 0.967833
467 0.976000 0.967850
468 0.962000 0.967838
469 0.956000 0.967813
470 0.962000 0.967800
471 0.970000 0.967805
472 0.964000 0.967797
473 0.964000 0.967789
474 0.958000 0.967768
475 0.966000 0.967765
476 0.970000 0.967769
477 0.956000 0.967745
478 0.966000 0.967741
479 0.966000 0.967737
480 0.976000 0.967755
481 0.972000 0.967763
482 0.976000 0.967781
483 0.972000 0.967789
484 0.962000 0.967777
485 0.962000 0.967765
486 0.954000 0.967737
487 0.970000 0.967742
488 0.962000 0.967730
489 0.962000 0.967718
490 0.978000 0.967739
491 0.986000 0.967776
492 0.988000 0.967817
493 0.986000 0.967854
494 0.988000 0.967895
495 0.972000 0.967903
496 0.970000 0.967907
497 0.972000 0.967916
498 0.966000 0.967912
499 0.964000 0.967904
500 0.964000 0.967896
501 0.968000 0.967896
502 0.970000 0.967901
503 0.972000 0.967909
504 0.982000 0.967937
505 0.968000 0.967937
506 0.966000 0.967933
507 0.968000 0.967933
508 0.966000 0.967929
509 0.968000 0.967929
510 0.972000 0.967937
511 0.970000 0.967941
512 0.960000 0.967926
513 0.972000 0.967934
514 0.962000 0.967922
515 0.974000 0.967934
516 0.970000 0.967938
517 0.974000 0.967950
518 0.970000 0.967954
519 0.974000 0.967965
520 0.972000 0.967973
521 0.974000 0.967985
522 0.962000 0.967973
523 0.958000 0.967954
524 0.976000 0.967970
525 0.960000 0.967954
526 0.976000 0.967970
527 0.980000 0.967992
528 0.986000 0.968026
529 0.970000 0.968030
530 0.968000 0.968030
531 0.958000 0.968011
532 0.966000 0.968008
533 0.970000 0.968011
534 0.966000 0.968007
535 0.978000 0.968026
536 0.960000 0.968011
537 0.974000 0.968022
538 0.968000 0.968022
539 0.976000 0.968037
540 0.966000 0.968033
541 0.958000 0.968015
542 0.964000 0.968007
543 0.962000 0.967996
544 0.962000 0.967985
545 0.964000 0.967978
546 0.978000 0.967996
547 0.978000 0.968015
548 0.978000 0.968033
549 0.970000 0.968036
550 0.964000 0.968029
551 0.960000 0.968014
552 0.968000 0.968014
553 0.956000 0.967993
554 0.960000 0.967978
555 0.968000 0.967978
556 0.956000 0.967957
557 0.976000 0.967971
558 0.968000 0.967971
559 0.962000 0.967961
560 0.968000 0.967961
561 0.970000 0.967964
562 0.976000 0.967979
563 0.968000 0.967979
564 0.966000 0.967975
565 0.970000 0.967979
566 0.972000 0.967986
567 0.950000 0.967954
568 0.954000 0.967930
569 0.970000 0.967933
570 0.970000 0.967937
571 0.962000 0.967927
572 0.954000 0.967902
573 0.962000 0.967892
574 0.962000 0.967882
575 0.960000 0.967868
576 0.964000 0.967861
577 0.966000 0.967858
578 0.956000 0.967838
579 0.968000 0.967838
580 0.954000 0.967814
581 0.974000 0.967825
582 0.966000 0.967822
583 0.962000 0.967812
584 0.974000 0.967822
585 0.970000 0.967826
586 0.970000 0.967830
587 0.968000 0.967830
588 0.962000 0.967820
589 0.972000 0.967827
590 0.966000 0.967824
591 0.982000 0.967848
592 0.970000 0.967852
593 0.966000 0.967848
594 0.974000 0.967859
595 0.970000 0.967862
596 0.972000 0.967869
597 0.980000 0.967890
598 0.974000 0.967900
599 0.980000 0.967920
600 0.966000 0.967917
601 0.966000 0.967914
602 0.964000 0.967907
603 0.962000 0.967897
604 0.974000 0.967907
605 0.962000 0.967898
606 0.958000 0.967881
607 0.976000 0.967895
608 0.968000 0.967895
609 0.972000 0.967902
610 0.964000 0.967895
611 0.956000 0.967876
612 0.972000 0.967883
613 0.966000 0.967879
614 0.962000 0.967870
615 0.956000 0.967851
616 0.968000 0.967851
617 0.956000 0.967832
618 0.954000 0.967809
619 0.960000 0.967797
620 0.958000 0.967781
621 0.960000 0.967768
622 0.960000 0.967756
623 0.966000 0.967753
624 0.964000 0.967747
625 0.956000 0.967728
626 0.966000 0.967726
627 0.972000 0.967732
628 0.974000 0.967742
629 0.964000 0.967737
630 0.972000 0.967743
631 0.958000 0.967728
632 0.962000 0.967719
633 0.952000 0.967694
634 0.964000 0.967688
635 0.962000 0.967679
636 0.972000 0.967686
637 0.956000 0.967668
638 0.950000 0.967640
639 0.954000 0.967619
640 0.964000 0.967613
641 0.956000 0.967595
642 0.950000 0.967568
643 0.954000 0.967547
644 0.960000 0.967535
645 0.968000 0.967536
646 0.978000 0.967552
647 0.968000 0.967552
648 0.968000 0.967553
649 0.968000 0.967554
650 0.972000 0.967561
651 0.972000 0.967567
652 0.972000 0.967574
653 0.976000 0.967587
654 0.972000 0.967594
655 0.968000 0.967595
656 0.960000 0.967583
657 0.958000 0.967568
658 0.966000 0.967566
659 0.966000 0.967564
660 0.972000 0.967570
661 0.978000 0.967586
662 0.976000 0.967599
663 0.966000 0.967596
664 0.966000 0.967594
665 0.956000 0.967577
666 0.964000 0.967571
667 0.970000 0.967575
668 0.966000 0.967572
669 0.976000 0.967585
670 0.970000 0.967589
671 0.964000 0.967583
672 0.962000 0.967575
673 0.962000 0.967567
674 0.974000 0.967576
675 0.974000 0.967586
676 0.964000 0.967581
677 0.962000 0.967572
678 0.966000 0.967570
679 0.970000 0.967574
680 0.964000 0.967568
681 0.976000 0.967581
682 0.972000 0.967587
683 0.970000 0.967591
684 0.970000 0.967594
685 0.974000 0.967603
686 0.980000 0.967622
687 0.968000 0.967622
688 0.978000 0.967637
689 0.962000 0.967629
690 0.962000 0.967621
691 0.968000 0.967621
692 0.950000 0.967596
693 0.964000 0.967591
694 0.968000 0.967591
695 0.970000 0.967595
696 0.958000 0.967581
697 0.958000 0.967567
698 0.960000 0.967557
699 0.958000 0.967543
700 0.964000 0.967538
701 0.958000 0.967524
702 0.958000 0.967511
703 0.960000 0.967500
704 0.968000 0.967501
705 0.970000 0.967504
706 0.964000 0.967499
707 0.964000 0.967494
708 0.964000 0.967489
709 0.946000 0.967459
710 0.966000 0.967457
711 0.964000 0.967452
712 0.964000 0.967447
713 0.962000 0.967440
714 0.960000 0.967429
715 0.964000 0.967425
716 0.974000 0.967434
717 0.970000 0.967437
718 0.974000 0.967446
719 0.970000 0.967450
720 0.958000 0.967437
721 0.972000 0.967443
722 0.974000 0.967452
723 0.962000 0.967445
724 0.968000 0.967446
725 0.966000 0.967444
726 0.966000 0.967442
727 0.974000 0.967451
728 0.968000 0.967451
729 0.972000 0.967458
730 0.974000 0.967466
731 0.968000 0.967467
732 0.976000 0.967479
733 0.948000 0.967452
734 0.960000 0.967442
735 0.956000 0.967427
736 0.974000 0.967436
737 0.960000 0.967425
738 0.968000 0.967426
739 0.964000 0.967422
740 0.968000 0.967422
741 0.968000 0.967423
742 0.964000 0.967419
743 0.962000 0.967411
744 0.976000 0.967423
745 0.972000 0.967429
746 0.960000 0.967419
747 0.974000 0.967428
748 0.972000 0.967434
749 0.970000 0.967437
750 0.960000 0.967427
751 0.972000 0.967434
752 0.970000 0.967437
753 0.962000 0.967430
754 0.968000 0.967430
755 0.958000 0.967418
756 0.960000 0.967408
757 0.980000 0.967425
758 0.974000 0.967433
759 0.972000 0.967439
760 0.980000 0.967456
761 0.976000 0.967467
762 0.962000 0.967460
763 0.970000 0.967463
764 0.978000 0.967477
765 0.964000 0.967473
766 0.966000 0.967471
767 0.962000 0.967464
768 0.962000 0.967456
769 0.974000 0.967465
770 0.962000 0.967458
771 0.950000 0.967435
772 0.958000 0.967423
773 0.962000 0.967416
774 0.970000 0.967419
775 0.958000 0.967407
776 0.948000 0.967382
777 0.952000 0.967362
778 0.960000 0.967353
779 0.962000 0.967346
780 0.980000 0.967362
781 0.990000 0.967391
782 0.984000 0.967413
783 0.960000 0.967403
784 0.968000 0.967404
785 0.974000 0.967412
786 0.984000 0.967433
787 0.974000 0.967442
788 0.978000 0.967455
789 0.968000 0.967456
790 0.964000 0.967451
791 0.954000 0.967434
792 0.962000 0.967427
793 0.956000 0.967413
794 0.970000 0.967416
795 0.976000 0.967427
796 0.970000 0.967430
797 0.958000 0.967419
798 0.978000 0.967432
799 0.970000 0.967435
800 0.972000 0.967441
801 0.956000 0.967426
802 0.956000 0.967412
803 0.952000 0.967393
804 0.960000 0.967384
805 0.962000 0.967377
806 0.972000 0.967383
807 0.972000 0.967389
808 0.954000 0.967372
809 0.956000 0.967358
810 0.976000 0.967369
811 0.970000 0.967372
812 0.980000 0.967387
813 0.982000 0.967405
814 0.972000 0.967411
815 0.978000 0.967424
816 0.978000 0.967437
817 0.974000 0.967445
818 0.974000 0.967453
819 0.962000 0.967446
820 0.970000 0.967449
821 0.964000 0.967445
822 0.968000 0.967446
823 0.974000 0.967454
824 0.972000 0.967459
825 0.972000 0.967465
826 0.954000 0.967449
827 0.968000 0.967449
828 0.966000 0.967448
829 0.964000 0.967443
830 0.974000 0.967451
831 0.964000 0.967447
832 0.972000 0.967453
833 0.972000 0.967458
834 0.970000 0.967461
835 0.974000 0.967469
836 0.966000 0.967467
837 0.964000 0.967463
838 0.956000 0.967449
839 0.968000 0.967450
840 0.950000 0.967429
841 0.962000 0.967423
842 0.968000 0.967423
843 0.970000 0.967427
844 0.976000 0.967437
845 0.976000 0.967447
846 0.980000 0.967462
847 0.976000 0.967472
848 0.956000 0.967458
849 0.950000 0.967438
850 0.964000 0.967434
851 0.972000 0.967439
852 0.972000 0.967444
853 0.978000 0.967457
854 0.972000 0.967462
855 0.972000 0.967467
856 0.968000 0.967468
857 0.970000 0.967471
858 0.958000 0.967460
859 0.972000 0.967465
860 0.982000 0.967482
861 0.958000 0.967471
862 0.968000 0.967472
863 0.958000 0.967461
864 0.966000 0.967459
865 0.966000 0.967457
866 0.966000 0.967456
867 0.988000 0.967479
868 0.988000 0.967503
869 0.980000 0.967517
870 0.986000 0.967538
871 0.982000 0.967555
872 0.972000 0.967560
873 0.980000 0.967574
874 0.976000 0.967584
875 0.980000 0.967598
876 0.982000 0.967615
877 0.974000 0.967622
878 0.974000 0.967629
879 0.982000 0.967645
880 0.978000 0.967657
881 0.968000 0.967658
882 0.948000 0.967635
883 0.956000 0.967622
884 0.968000 0.967623
885 0.946000 0.967598
886 0.960000 0.967590
887 0.968000 0.967590
888 0.962000 0.967584
889 0.966000 0.967582
890 0.960000 0.967574
891 0.952000 0.967556
892 0.960000 0.967548
893 0.970000 0.967550
894 0.972000 0.967555
895 0.974000 0.967562
896 0.972000 0.967567
897 0.964000 0.967563
898 0.968000 0.967564
899 0.956000 0.967551
900 0.958000 0.967541
901 0.970000 0.967543
902 0.958000 0.967533
903 0.970000 0.967535
904 0.960000 0.967527
905 0.970000 0.967530
906 0.964000 0.967526
907 0.968000 0.967526
908 0.980000 0.967540
909 0.970000 0.967543
910 0.962000 0.967537
911 0.976000 0.967546
912 0.966000 0.967544
913 0.978000 0.967556
914 0.952000 0.967539
915 0.958000 0.967528
916 0.976000 0.967538
917 0.978000 0.967549
918 0.964000 0.967545
919 0.966000 0.967543
920 0.972000 0.967548
921 0.968000 0.967549
922 0.974000 0.967556
923 0.980000 0.967569
924 0.966000 0.967568
925 0.972000 0.967572
926 0.970000 0.967575
927 0.964000 0.967571
928 0.958000 0.967561
929 0.974000 0.967568
930 0.974000 0.967575
931 0.978000 0.967586
932 0.968000 0.967586
933 0.960000 0.967578
934 0.972000 0.967583
935 0.970000 0.967585
936 0.970000 0.967588
937 0.976000 0.967597
938 0.978000 0.967608
939 0.960000 0.967600
940 0.970000 0.967603
941 0.968000 0.967603
942 0.962000 0.967597
943 0.958000 0.967587
944 0.978000 0.967598
945 0.964000 0.967594
946 0.964000 0.967590
947 0.954000 0.967576
948 0.954000 0.967562
949 0.960000 0.967554
950 0.966000 0.967552
951 0.964000 0.967548
952 0.964000 0.967545
953 0.964000 0.967541
954 0.970000 0.967543
955 0.974000 0.967550
956 0.968000 0.967551
957 0.962000 0.967545
958 0.960000 0.967537
959 0.962000 0.967531
960 0.954000 0.967517
961 0.960000 0.967509
962 0.966000 0.967508
963 0.962000 0.967502
964 0.960000 0.967494
965 0.970000 0.967497
966 0.970000 0.967499
967 0.964000 0.967496
968 0.964000 0.967492
969 0.962000 0.967487
970 0.974000 0.967493
971 0.958000 0.967484
972 0.960000 0.967476
973 0.964000 0.967472
974 0.958000 0.967463
975 0.958000 0.967453
976 0.956000 0.967441
977 0.962000 0.967436
978 0.968000 0.967436
979 0.970000 0.967439
980 0.966000 0.967437
981 0.968000 0.967438
982 0.956000 0.967426
983 0.968000 0.967427
984 0.966000 0.967425
985 0.972000 0.967430
986 0.964000 0.967427
987 0.966000 0.967425
988 0.960000 0.967418
989 0.968000 0.967418
990 0.964000 0.967415
991 0.968000 0.967415
992 0.958000 0.967406
993 0.966000 0.967404
994 0.966000 0.967403
995 0.968000 0.967404
996 0.954000 0.967390
997 0.964000 0.967387
998 0.972000 0.967391
999 0.974000 0.967398
