0 1.000000 1.000000
1 0.928000 0.964000
2 0.858000 0.928667
3 0.776000 0.890500
4 0.746000 0.861600
5 0.726000 0.839000
6 0.698000 0.818857
7 0.658000 0.798750
8 0.628000 0.779778
9 0.590000 0.760800
10 0.588000 0.745091
11 0.516000 0.726000
12 0.514000 0.709692
13 0.516000 0.695857
14 0.504000 0.683067
15 0.472000 0.669875
16 0.466000 0.657882
17 0.430000 0.645222
18 0.406000 0.632632
19 0.404000 0.621200
20 0.400000 0.610667
21 0.386000 0.600455
22 0.414000 0.592348
23 0.374000 0.583250
24 0.346000 0.573760
25 0.352000 0.565231
26 0.338000 0.556815
27 0.326000 0.548571
28 0.304000 0.540138
29 0.290000 0.531800
30 0.302000 0.524387
31 0.228000 0.515125
32 0.234000 0.506606
33 0.226000 0.498353
34 0.246000 0.491143
35 0.232000 0.483944
36 0.252000 0.477676
37 0.226000 0.471053
38 0.244000 0.465231
39 0.196000 0.458500
40 0.242000 0.453220
41 0.204000 0.447286
42 0.156000 0.440512
43 0.154000 0.434000
44 0.122000 0.427067
45 0.144000 0.420913
46 0.170000 0.415574
47 0.164000 0.410333
48 0.166000 0.405347
49 0.184000 0.400920
50 0.188000 0.396745
51 0.172000 0.392423
52 0.150000 0.387849
53 0.104000 0.382593
54 0.140000 0.378182
55 0.128000 0.373714
56 0.112000 0.369123
57 0.120000 0.364828
58 0.132000 0.360881
59 0.118000 0.356833
60 0.108000 0.352754
61 0.128000 0.349129
62 0.122000 0.345524
63 0.090000 0.341531
64 0.140000 0.338431
65 0.136000 0.335364
66 0.110000 0.332000
67 0.098000 0.328559
68 0.110000 0.325391
69 0.132000 0.322629
70 0.100000 0.319493
71 0.082000 0.316194
72 0.090000 0.313096
73 0.074000 0.309865
74 0.068000 0.306640
75 0.058000 0.303368
76 0.060000 0.300208
77 0.078000 0.297359
78 0.078000 0.294582
79 0.110000 0.292275
80 0.080000 0.289654
81 0.088000 0.287195
82 0.054000 0.284386
83 0.030000 0.281357
84 0.078000 0.278965
85 0.080000 0.276651
86 0.030000 0.273816
87 0.050000 0.271273
88 0.098000 0.269326
89 0.066000 0.267067
90 0.072000 0.264923
91 0.090000 0.263022
92 0.084000 0.261097
93 0.066000 0.259021
94 0.100000 0.257347
95 0.074000 0.255437
96 0.092000 0.253753
97 0.092000 0.252102
98 0.042000 0.249980
99 0.024000 0.247720
100 0.038000 0.245644
101 0.000000 0.243235
102 -0.002000 0.240854
103 0.022000 0.238750
104 0.006000 0.236533
105 -0.026000 0.234057
106 -0.002000 0.231850
107 -0.002000 0.229685
108 0.014000 0.227706
109 -0.002000 0.225618
110 0.032000 0.223874
111 0.040000 0.222232
112 0.038000 0.220602
113 0.062000 0.219211
114 0.068000 0.217896
115 0.092000 0.216810
116 0.066000 0.215521
117 0.060000 0.214203
118 0.028000 0.212639
119 0.040000 0.211200
120 0.030000 0.209702
121 0.042000 0.208328
122 0.046000 0.207008
123 0.042000 0.205677
124 0.078000 0.204656
125 0.068000 0.203571
126 0.050000 0.202362
127 0.028000 0.201000
128 0.046000 0.199798
129 0.062000 0.198738
130 0.026000 0.197420
131 0.014000 0.196030
132 0.016000 0.194677
133 0.008000 0.193284
134 0.010000 0.191926
135 -0.004000 0.190485
136 -0.002000 0.189080
137 0.006000 0.187754
138 0.018000 0.186532
139 0.006000 0.185243
140 0.018000 0.184057
141 0.002000 0.182775
142 -0.004000 0.181469
143 -0.038000 0.179944
144 -0.006000 0.178662
145 -0.038000 0.177178
146 -0.018000 0.175850
147 -0.006000 0.174622
148 -0.040000 0.173181
149 0.026000 0.172200
150 0.024000 0.171219
151 0.012000 0.170171
152 0.034000 0.169281
153 0.020000 0.168312
154 0.004000 0.167252
155 0.036000 0.166410
156 0.002000 0.165363
157 0.010000 0.164380
158 0.018000 0.163459
159 0.030000 0.162625
160 -0.026000 0.161453
161 -0.022000 0.160321
162 -0.002000 0.159325
163 -0.002000 0.158341
164 0.042000 0.157636
165 0.022000 0.156819
166 0.036000 0.156096
167 -0.014000 0.155083
168 0.024000 0.154308
169 0.036000 0.153612
170 0.020000 0.152830
171 -0.002000 0.151930
172 -0.004000 0.151029
173 -0.002000 0.150149
174 0.010000 0.149349
175 0.008000 0.148545
176 0.012000 0.147774
177 -0.004000 0.146921
178 0.010000 0.146156
179 -0.022000 0.145222
180 0.018000 0.144519
181 0.052000 0.144011
182 0.038000 0.143432
183 -0.010000 0.142598
184 -0.016000 0.141741
185 -0.030000 0.140817
186 -0.030000 0.139904
187 -0.044000 0.138926
188 -0.038000 0.137989
189 -0.020000 0.137158
190 0.006000 0.136471
191 0.008000 0.135802
192 -0.020000 0.134995
193 0.030000 0.134454
194 0.022000 0.133877
195 0.030000 0.133347
196 0.012000 0.132731
197 -0.014000 0.131990
198 -0.004000 0.131307
199 -0.038000 0.130460
200 -0.016000 0.129731
201 -0.002000 0.129079
202 -0.008000 0.128404
203 0.022000 0.127882
204 -0.036000 0.127083
205 -0.062000 0.126165
206 -0.008000 0.125517
207 -0.004000 0.124894
208 -0.010000 0.124249
209 -0.004000 0.123638
210 -0.006000 0.123024
211 -0.022000 0.122340
212 0.028000 0.121897
213 0.048000 0.121551
214 0.060000 0.121265
215 0.028000 0.120833
216 0.010000 0.120323
217 0.010000 0.119817
218 -0.010000 0.119224
219 -0.014000 0.118618
220 -0.038000 0.117910
221 -0.056000 0.117126
222 -0.026000 0.116484
223 -0.004000 0.115946
224 0.022000 0.115529
225 -0.016000 0.114947
226 -0.046000 0.114238
227 -0.046000 0.113535
228 -0.022000 0.112943
229 -0.002000 0.112443
230 0.028000 0.112078
231 -0.020000 0.111509
232 0.000000 0.111030
233 -0.028000 0.110436
234 -0.026000 0.109855
235 -0.020000 0.109305
236 -0.016000 0.108776
237 0.008000 0.108353
238 0.016000 0.107967
239 0.020000 0.107600
240 0.030000 0.107278
241 0.000000 0.106835
242 -0.012000 0.106346
243 -0.018000 0.105836
244 -0.030000 0.105282
245 -0.030000 0.104732
246 -0.062000 0.104057
247 -0.010000 0.103597
248 0.008000 0.103213
249 0.002000 0.102808
250 -0.012000 0.102351
251 -0.004000 0.101929
252 0.016000 0.101589
253 0.016000 0.101252
254 -0.024000 0.100761
255 0.028000 0.100477
256 0.036000 0.100226
257 -0.024000 0.099744
258 -0.018000 0.099290
259 -0.024000 0.098815
260 -0.020000 0.098360
261 -0.038000 0.097840
262 -0.050000 0.097278
263 -0.020000 0.096833
264 -0.014000 0.096415
265 -0.038000 0.095910
266 -0.022000 0.095468
267 -0.022000 0.095030
268 -0.016000 0.094617
269 0.030000 0.094378
270 0.006000 0.094052
271 -0.024000 0.093618
272 0.004000 0.093289
273 -0.018000 0.092883
274 -0.044000 0.092385
275 -0.038000 0.091913
276 -0.010000 0.091545
277 -0.014000 0.091165
278 -0.042000 0.090688
279 -0.048000 0.090193
280 -0.002000 0.089865
281 -0.022000 0.089468
282 0.012000 0.089194
283 0.054000 0.089070
284 0.066000 0.088989
285 0.042000 0.088825
286 0.060000 0.088725
287 0.050000 0.088590
288 0.060000 0.088491
289 0.018000 0.088248
290 0.016000 0.088000
291 0.010000 0.087733
292 -0.008000 0.087406
293 -0.050000 0.086939
294 -0.008000 0.086617
295 -0.066000 0.086101
296 -0.040000 0.085677
297 -0.016000 0.085336
298 0.008000 0.085077
299 -0.034000 0.084680
300 -0.022000 0.084326
301 -0.028000 0.083954
302 -0.018000 0.083617
303 -0.050000 0.083178
304 -0.020000 0.082839
305 -0.008000 0.082542
306 -0.012000 0.082235
307 -0.010000 0.081935
308 0.022000 0.081741
309 -0.020000 0.081413
310 -0.020000 0.081087
311 -0.008000 0.080801
312 -0.016000 0.080492
313 -0.002000 0.080229
314 -0.002000 0.079968
315 -0.002000 0.079709
316 -0.004000 0.079445
317 -0.046000 0.079050
318 -0.016000 0.078752
319 -0.002000 0.078500
320 -0.006000 0.078237
321 -0.010000 0.077963
322 0.002000 0.077728
323 -0.018000 0.077432
324 -0.046000 0.077052
325 -0.040000 0.076693
326 -0.076000 0.076226
327 -0.036000 0.075884
328 -0.036000 0.075544
329 -0.056000 0.075145
330 -0.036000 0.074810
331 -0.028000 0.074500
332 -0.024000 0.074204
333 -0.018000 0.073928
334 -0.010000 0.073678
335 0.014000 0.073500
336 -0.008000 0.073258
337 0.022000 0.073107
338 0.044000 0.073021
339 0.030000 0.072894
340 0.020000 0.072739
341 -0.006000 0.072509
342 -0.012000 0.072262
343 -0.020000 0.071994
344 -0.024000 0.071716
345 -0.062000 0.071329
346 -0.036000 0.071020
347 -0.048000 0.070678
348 -0.032000 0.070384
349 -0.014000 0.070143
350 -0.010000 0.069915
351 -0.010000 0.069687
352 -0.062000 0.069314
353 -0.050000 0.068977
354 -0.014000 0.068744
355 -0.066000 0.068365
356 -0.066000 0.067989
357 -0.044000 0.067676
358 -0.040000 0.067376
359 -0.016000 0.067144
360 -0.010000 0.066931
361 0.028000 0.066823
362 0.006000 0.066656
363 -0.024000 0.066407
364 0.000000 0.066225
365 0.038000 0.066148
366 -0.024000 0.065902
367 -0.028000 0.065647
368 -0.048000 0.065339
369 -0.042000 0.065049
370 0.014000 0.064911
371 -0.026000 0.064667
372 -0.008000 0.064472
373 -0.016000 0.064257
374 0.024000 0.064149
375 0.028000 0.064053
376 0.002000 0.063889
377 0.020000 0.063772
378 -0.004000 0.063594
379 0.000000 0.063426
380 -0.002000 0.063255
381 -0.004000 0.063079
382 -0.018000 0.062867
383 -0.032000 0.062620
384 -0.062000 0.062296
385 0.008000 0.062155
386 0.012000 0.062026
387 0.030000 0.061943
388 -0.018000 0.061738
389 0.012000 0.061610
390 -0.014000 0.061417
391 -0.006000 0.061245
392 -0.036000 0.060997
393 -0.036000 0.060751
394 -0.038000 0.060501
395 -0.044000 0.060237
396 0.000000 0.060086
397 0.008000 0.059955
398 -0.006000 0.059789
399 -0.010000 0.059615
400 -0.004000 0.059456
401 0.018000 0.059353
402 0.056000 0.059345
403 0.010000 0.059223
404 0.020000 0.059126
405 -0.030000 0.058906
406 -0.034000 0.058678
407 -0.006000 0.058520
408 -0.020000 0.058328
409 0.028000 0.058254
410 0.020000 0.058161
411 0.034000 0.058102
412 0.040000 0.058058
413 0.034000 0.058000
414 0.060000 0.058005
415 -0.010000 0.057841
416 0.026000 0.057765
417 0.040000 0.057722
418 0.004000 0.057594
419 0.058000 0.057595
420 0.044000 0.057563
421 0.028000 0.057493
422 0.000000 0.057357
423 -0.006000 0.057208
424 0.008000 0.057092
425 -0.024000 0.056901
426 -0.004000 0.056759
427 0.002000 0.056631
428 -0.022000 0.056448
429 -0.026000 0.056256
430 -0.044000 0.056023
431 -0.022000 0.055843
432 -0.014000 0.055681
433 -0.008000 0.055535
434 -0.026000 0.055347
435 0.010000 0.055243
436 0.020000 0.055162
437 0.016000 0.055073
438 -0.008000 0.054929
439 0.020000 0.054850
440 0.058000 0.054857
441 0.032000 0.054805
442 -0.010000 0.054659
443 0.030000 0.054604
444 -0.020000 0.054436
445 -0.006000 0.054300
446 0.004000 0.054188
447 0.002000 0.054071
448 0.022000 0.054000
449 0.026000 0.053938
450 0.018000 0.053858
451 0.010000 0.053761
452 0.038000 0.053726
453 0.020000 0.053652
454 0.026000 0.053591
455 0.014000 0.053504
456 0.020000 0.053431
457 -0.012000 0.053288
458 0.040000 0.053259
459 0.018000 0.053183
460 0.020000 0.053111
461 0.042000 0.053087
462 0.064000 0.053110
463 0.066000 0.053138
464 0.010000 0.053045
465 -0.002000 0.052927
466 -0.016000 0.052779
467 0.026000 0.052722
468 -0.022000 0.052563
469 0.024000 0.052502
470 -0.016000 0.052357
471 -0.046000 0.052148
472 -0.006000 0.052025
473 0.006000 0.051928
474 -0.016000 0.051785
475 -0.022000 0.051630
476 -0.002000 0.051518
477 0.000000 0.051410
478 0.050000 0.051407
479 0.022000 0.051346
480 0.012000 0.051264
481 0.010000 0.051178
482 0.038000 0.051151
483 -0.024000 0.050996
484 0.030000 0.050953
485 -0.002000 0.050844
486 -0.008000 0.050723
487 0.024000 0.050668
488 0.038000 0.050642
489 0.022000 0.050584
490 0.020000 0.050521
491 0.038000 0.050496
492 0.040000 0.050475
493 0.048000 0.050470
494 0.002000 0.050372
495 -0.012000 0.050246
496 0.012000 0.050169
497 0.002000 0.050072
498 -0.012000 0.049948
499 -0.012000 0.049824
500 -0.030000 0.049665
501 -0.052000 0.049462
502 -0.048000 0.049268
503 -0.042000 0.049087
504 0.006000 0.049002
505 0.000000 0.048905
506 0.010000 0.048828
507 0.040000 0.048811
508 0.026000 0.048766
509 0.040000 0.048749
510 0.100000 0.048849
511 0.070000 0.048891
512 0.018000 0.048830
513 -0.056000 0.048626
514 0.004000 0.048540
515 0.028000 0.048500
516 0.016000 0.048437
517 0.000000 0.048344
518 0.002000 0.048254
519 0.036000 0.048231
520 0.036000 0.048207
521 0.038000 0.048188
522 0.040000 0.048172
523 -0.010000 0.048061
524 -0.018000 0.047935
525 0.036000 0.047913
526 0.038000 0.047894
527 -0.024000 0.047758
528 -0.002000 0.047664
529 -0.008000 0.047558
530 0.004000 0.047476
531 0.008000 0.047402
532 0.040000 0.047388
533 0.032000 0.047360
534 0.034000 0.047335
535 0.022000 0.047287
536 0.034000 0.047263
537 0.076000 0.047316
538 0.052000 0.047325
539 0.042000 0.047315
540 0.038000 0.047298
541 0.090000 0.047376
542 0.080000 0.047436
543 0.048000 0.047438
544 0.060000 0.047461
545 0.020000 0.047410
546 0.030000 0.047378
547 0.060000 0.047401
548 0.072000 0.047446
549 0.054000 0.047458
550 -0.002000 0.047368
551 0.024000 0.047326
552 0.036000 0.047306
553 0.010000 0.047238
554 -0.012000 0.047132
555 -0.042000 0.046971
556 -0.036000 0.046822
557 -0.014000 0.046713
558 -0.026000 0.046583
559 -0.030000 0.046446
560 0.014000 0.046389
561 -0.022000 0.046267
562 0.026000 0.046231
563 0.014000 0.046174
564 0.016000 0.046120
565 -0.034000 0.045979
566 0.006000 0.045908
567 0.058000 0.045930
568 0.024000 0.045891
569 -0.014000 0.045786
570 -0.006000 0.045695
571 -0.026000 0.045570
572 0.014000 0.045515
573 0.046000 0.045516
574 0.010000 0.045454
575 0.016000 0.045403
576 -0.042000 0.045251
577 -0.038000 0.045107
578 -0.040000 0.044960
579 -0.016000 0.044855
580 0.040000 0.044847
581 -0.002000 0.044766
582 -0.018000 0.044659
583 -0.016000 0.044555
584 0.014000 0.044503
585 0.004000 0.044433
586 -0.006000 0.044348
587 0.018000 0.044303
588 0.010000 0.044244
589 -0.028000 0.044122
590 -0.046000 0.043970
591 -0.016000 0.043868
592 -0.008000 0.043781
593 0.014000 0.043731
594 0.046000 0.043734
595 0.040000 0.043728
596 0.022000 0.043692
597 0.000000 0.043619
598 0.024000 0.043586
599 0.048000 0.043593
600 0.008000 0.043534
601 0.002000 0.043465
602 0.044000 0.043466
603 0.008000 0.043407
604 0.010000 0.043352
605 0.000000 0.043281
606 0.052000 0.043295
607 0.032000 0.043276
608 0.022000 0.043241
609 0.030000 0.043220
610 0.014000 0.043172
611 0.004000 0.043108
612 0.012000 0.043057
613 -0.022000 0.042951
614 -0.014000 0.042859
615 0.008000 0.042802
616 0.018000 0.042762
617 0.008000 0.042706
618 -0.004000 0.042630
619 -0.074000 0.042442
620 -0.078000 0.042248
621 -0.058000 0.042087
622 -0.060000 0.041923
623 -0.048000 0.041779
624 -0.050000 0.041632
625 -0.030000 0.041518
626 0.006000 0.041461
627 0.020000 0.041427
628 0.052000 0.041444
629 0.070000 0.041489
630 0.042000 0.041490
631 0.058000 0.041516
632 0.006000 0.041460
633 0.004000 0.041401
634 -0.022000 0.041301
635 -0.014000 0.041214
636 -0.016000 0.041124
637 0.000000 0.041060
638 0.042000 0.041061
639 0.054000 0.041081
640 0.000000 0.041017
641 0.082000 0.041081
642 0.014000 0.041039
643 0.038000 0.041034
644 0.008000 0.040983
645 0.004000 0.040926
646 0.008000 0.040875
647 -0.002000 0.040809
648 0.012000 0.040764
649 0.018000 0.040729
650 -0.026000 0.040627
651 -0.016000 0.040540
652 -0.050000 0.040401
653 -0.008000 0.040327
654 0.006000 0.040275
655 0.018000 0.040241
656 0.032000 0.040228
657 -0.008000 0.040155
658 0.018000 0.040121
659 0.022000 0.040094
660 0.010000 0.040048
661 0.026000 0.040027
662 0.016000 0.039991
663 0.040000 0.039991
664 0.050000 0.040006
665 0.026000 0.039985
666 0.054000 0.040006
667 0.040000 0.040006
668 0.004000 0.039952
669 0.018000 0.039919
670 -0.004000 0.039854
671 0.022000 0.039827
672 0.012000 0.039786
673 0.008000 0.039739
674 0.022000 0.039713
675 0.054000 0.039734
676 0.070000 0.039778
677 0.024000 0.039755
678 0.052000 0.039773
679 0.022000 0.039747
680 0.018000 0.039715
681 -0.034000 0.039607
682 0.004000 0.039555
683 -0.016000 0.039474
684 -0.032000 0.039369
685 -0.004000 0.039306
686 0.010000 0.039263
687 -0.008000 0.039195
688 0.012000 0.039155
689 0.008000 0.039110
690 -0.006000 0.039045
691 -0.022000 0.038957
692 -0.008000 0.038889
693 -0.020000 0.038804
694 -0.006000 0.038740
695 0.040000 0.038741
696 0.012000 0.038703
697 -0.004000 0.038642
698 -0.016000 0.038564
699 0.008000 0.038520
700 -0.010000 0.038451
701 -0.024000 0.038362
702 -0.026000 0.038270
703 -0.016000 0.038193
704 -0.058000 0.038057
705 0.008000 0.038014
706 -0.036000 0.037909
707 -0.046000 0.037791
708 -0.012000 0.037721
709 -0.024000 0.037634
710 -0.014000 0.037561
711 -0.044000 0.037447
712 -0.052000 0.037321
713 -0.066000 0.037176
714 -0.052000 0.037052
715 -0.002000 0.036997
716 -0.032000 0.036901
717 -0.012000 0.036833
718 -0.006000 0.036773
719 -0.024000 0.036689
720 -0.006000 0.036630
721 0.006000 0.036587
722 -0.034000 0.036490
723 -0.008000 0.036428
724 -0.028000 0.036339
725 -0.014000 0.036270
726 0.002000 0.036223
727 0.014000 0.036192
728 0.002000 0.036145
729 -0.020000 0.036068
730 -0.050000 0.035951
731 -0.036000 0.035852
732 -0.026000 0.035768
733 -0.050000 0.035651
734 -0.004000 0.035597
735 0.008000 0.035560
736 -0.016000 0.035490
737 -0.032000 0.035398
738 -0.040000 0.035296
739 0.008000 0.035259
740 0.020000 0.035239
741 0.010000 0.035205
742 0.068000 0.035249
743 -0.008000 0.035191
744 -0.026000 0.035109
745 0.018000 0.035086
746 -0.004000 0.035033
747 -0.004000 0.034981
748 -0.026000 0.034900
749 -0.010000 0.034840
750 -0.012000 0.034778
751 0.020000 0.034758
752 0.008000 0.034722
753 0.052000 0.034745
754 0.008000 0.034710
755 0.002000 0.034667
756 0.024000 0.034653
757 0.016000 0.034628
758 0.024000 0.034614
759 0.058000 0.034645
760 0.056000 0.034673
761 0.020000 0.034654
762 0.042000 0.034663
763 0.060000 0.034696
764 -0.004000 0.034646
765 -0.016000 0.034580
766 0.008000 0.034545
767 0.026000 0.034534
768 0.064000 0.034572
769 0.026000 0.034561
770 0.036000 0.034563
771 0.060000 0.034596
772 0.062000 0.034631
773 0.024000 0.034618
774 0.056000 0.034645
775 0.042000 0.034655
776 0.042000 0.034664
777 0.078000 0.034720
778 0.052000 0.034742
779 0.024000 0.034728
780 0.024000 0.034714
781 0.006000 0.034678
782 0.014000 0.034651
783 -0.014000 0.034589
784 0.012000 0.034561
785 0.000000 0.034517
786 0.026000 0.034506
787 0.024000 0.034492
788 0.004000 0.034454
789 0.016000 0.034430
790 0.016000 0.034407
791 0.004000 0.034369
792 0.042000 0.034378
793 0.014000 0.034353
794 -0.014000 0.034292
795 -0.048000 0.034188
796 -0.008000 0.034136
797 -0.002000 0.034090
798 -0.012000 0.034033
799 0.000000 0.033990
800 -0.042000 0.033895
801 -0.004000 0.033848
802 -0.014000 0.033788
803 -0.026000 0.033714
804 -0.024000 0.033642
805 -0.024000 0.033571
806 -0.036000 0.033485
807 -0.056000 0.033374
808 -0.024000 0.033303
809 -0.052000 0.033198
810 -0.030000 0.033120
811 -0.026000 0.033047
812 -0.028000 0.032972
813 0.002000 0.032934
814 -0.012000 0.032879
815 -0.002000 0.032836
816 0.062000 0.032871
817 0.052000 0.032895
818 0.002000 0.032857
819 0.028000 0.032851
820 0.062000 0.032887
821 0.102000 0.032971
822 -0.026000 0.032899
823 0.016000 0.032879
824 0.034000 0.032880
825 0.010000 0.032852
826 0.022000 0.032839
827 0.014000 0.032816
828 0.048000 0.032835
829 0.068000 0.032877
830 0.046000 0.032893
831 0.004000 0.032858
832 -0.006000 0.032812
833 0.012000 0.032787
834 -0.018000 0.032726
835 0.014000 0.032703
836 -0.002000 0.032662
837 -0.004000 0.032618
838 0.018000 0.032601
839 0.058000 0.032631
840 0.024000 0.032621
841 0.016000 0.032601
842 0.042000 0.032612
843 0.014000 0.032590
844 0.014000 0.032568
845 0.000000 0.032530
846 0.044000 0.032543
847 0.026000 0.032535
848 -0.018000 0.032476
849 -0.020000 0.032414
850 0.034000 0.032416
851 0.006000 0.032385
852 0.014000 0.032363
853 -0.026000 0.032295
854 0.012000 0.032271
855 0.018000 0.032255
856 0.026000 0.032247
857 0.034000 0.032249
858 0.016000 0.032231
859 -0.014000 0.032177
860 0.018000 0.032160
861 0.012000 0.032137
862 -0.012000 0.032086
863 -0.006000 0.032042
864 -0.034000 0.031965
865 0.016000 0.031947
866 0.004000 0.031915
867 0.012000 0.031892
868 -0.006000 0.031848
869 0.040000 0.031857
870 0.034000 0.031860
871 0.006000 0.031830
872 -0.018000 0.031773
873 0.022000 0.031762
874 0.046000 0.031778
875 0.036000 0.031783
876 0.030000 0.031781
877 0.078000 0.031834
878 0.070000 0.031877
879 0.014000 0.031857
880 -0.004000 0.031816
881 0.004000 0.031785
882 0.028000 0.031780
883 -0.014000 0.031729
884 0.012000 0.031706
885 -0.026000 0.031641
886 0.006000 0.031612
887 0.004000 0.031581
888 0.028000 0.031577
889 0.042000 0.031589
890 0.020000 0.031576
891 0.020000 0.031563
892 0.002000 0.031530
893 0.028000 0.031526
894 -0.002000 0.031488
895 -0.008000 0.031444
896 -0.038000 0.031367
897 -0.036000 0.031292
898 -0.008000 0.031248
899 0.000000 0.031213
900 0.022000 0.031203
901 0.026000 0.031197
902 0.030000 0.031196
903 0.062000 0.031230
904 0.030000 0.031229
905 0.022000 0.031219
906 0.008000 0.031193
907 -0.034000 0.031121
908 0.002000 0.031089
909 0.004000 0.031059
910 0.016000 0.031043
911 -0.018000 0.030989
912 -0.010000 0.030944
913 -0.032000 0.030875
914 0.012000 0.030855
915 0.034000 0.030858
916 0.048000 0.030877
917 -0.018000 0.030824
918 0.004000 0.030794
919 -0.014000 0.030746
920 0.010000 0.030723
921 0.020000 0.030711
922 0.020000 0.030700
923 0.036000 0.030706
924 0.004000 0.030677
925 0.020000 0.030665
926 0.030000 0.030665
927 0.052000 0.030687
928 0.066000 0.030726
929 0.046000 0.030742
930 0.034000 0.030745
931 -0.010000 0.030702
932 -0.002000 0.030667
933 0.018000 0.030653
934 0.048000 0.030672
935 0.054000 0.030697
936 0.038000 0.030704
937 0.040000 0.030714
938 0.052000 0.030737
939 0.034000 0.030740
940 0.042000 0.030752
941 0.048000 0.030771
942 0.034000 0.030774
943 0.048000 0.030792
944 -0.006000 0.030753
945 0.032000 0.030755
946 0.024000 0.030748
947 0.020000 0.030736
948 0.032000 0.030738
949 0.044000 0.030752
950 0.014000 0.030734
951 0.008000 0.030710
952 0.022000 0.030701
953 0.008000 0.030677
954 0.060000 0.030708
955 0.014000 0.030690
956 -0.028000 0.030629
957 0.014000 0.030612
958 0.014000 0.030594
959 0.028000 0.030592
960 0.014000 0.030574
961 -0.002000 0.030541
962 0.040000 0.030550
963 0.032000 0.030552
964 0.044000 0.030566
965 0.044000 0.030580
966 0.070000 0.030620
967 0.052000 0.030643
968 0.022000 0.030634
969 0.040000 0.030643
970 0.028000 0.030641
971 0.014000 0.030623
972 0.038000 0.030631
973 0.014000 0.030614
974 -0.022000 0.030560
975 0.060000 0.030590
976 0.048000 0.030608
977 0.046000 0.030624
978 0.026000 0.030619
979 0.010000 0.030598
980 0.016000 0.030583
981 0.010000 0.030562
982 0.014000 0.030545
983 -0.036000 0.030478
984 -0.006000 0.030441
985 0.012000 0.030422
986 -0.010000 0.030381
987 -0.026000 0.030324
988 -0.002000 0.030291
989 0.004000 0.030265
990 -0.066000 0.030168
991 -0.060000 0.030077
992 -0.052000 0.029994
993 -0.060000 0.029903
994 -0.010000 0.029863
995 0.022000 0.029855
996 0.014000 0.029840
997 -0.024000 0.029786
998 0.008000 0.029764
999 0.004000 0.029738
