0 1.000000 1.000000
1 0.928000 0.964000
2 0.846000 0.924667
3 0.766000 0.885000
4 0.726000 0.853200
5 0.710000 0.829333
6 0.676000 0.807429
7 0.628000 0.785000
8 0.612000 0.765778
9 0.576000 0.746800
10 0.570000 0.730727
11 0.488000 0.710500
12 0.484000 0.693077
13 0.476000 0.677571
14 0.470000 0.663733
15 0.448000 0.650250
16 0.436000 0.637647
17 0.400000 0.624444
18 0.384000 0.611789
19 0.378000 0.600100
20 0.368000 0.589048
21 0.382000 0.579636
22 0.374000 0.570696
23 0.328000 0.560583
24 0.318000 0.550880
25 0.338000 0.542692
26 0.312000 0.534148
27 0.328000 0.526786
28 0.332000 0.520069
29 0.272000 0.511800
30 0.236000 0.502903
31 0.224000 0.494188
32 0.174000 0.484485
33 0.176000 0.475412
34 0.178000 0.466914
35 0.210000 0.459778
36 0.200000 0.452757
37 0.184000 0.445684
38 0.166000 0.438513
39 0.144000 0.431150
40 0.184000 0.425122
41 0.160000 0.418810
42 0.152000 0.412605
43 0.136000 0.406318
44 0.182000 0.401333
45 0.182000 0.396565
46 0.124000 0.390766
47 0.144000 0.385625
48 0.148000 0.380776
49 0.120000 0.375560
50 0.148000 0.371098
51 0.136000 0.366577
52 0.126000 0.362038
53 0.190000 0.358852
54 0.168000 0.355382
55 0.170000 0.352071
56 0.154000 0.348596
57 0.144000 0.345069
58 0.088000 0.340712
59 0.088000 0.336500
60 0.080000 0.332295
61 0.094000 0.328452
62 0.080000 0.324508
63 0.100000 0.321000
64 0.054000 0.316892
65 0.052000 0.312879
66 0.068000 0.309224
67 0.062000 0.305588
68 0.036000 0.301681
69 0.066000 0.298314
70 0.050000 0.294817
71 0.074000 0.291750
72 0.024000 0.288082
73 0.030000 0.284595
74 0.042000 0.281360
75 0.054000 0.278368
76 0.038000 0.275247
77 0.086000 0.272821
78 0.072000 0.270278
79 0.032000 0.267300
80 0.030000 0.264370
81 0.030000 0.261512
82 0.030000 0.258723
83 0.052000 0.256262
84 0.040000 0.253718
85 0.018000 0.250977
86 0.000000 0.248092
87 -0.018000 0.245068
88 0.022000 0.242562
89 0.016000 0.240044
90 0.020000 0.237626
91 0.068000 0.235783
92 0.058000 0.233871
93 0.000000 0.231383
94 0.036000 0.229326
95 0.034000 0.227292
96 -0.020000 0.224742
97 -0.016000 0.222286
98 0.000000 0.220040
99 0.000000 0.217840
100 -0.004000 0.215644
101 -0.006000 0.213471
102 0.018000 0.211573
103 0.008000 0.209615
104 0.024000 0.207848
105 0.034000 0.206208
106 0.030000 0.204561
107 0.002000 0.202685
108 0.034000 0.201138
109 0.012000 0.199418
110 -0.002000 0.197604
111 -0.030000 0.195571
112 -0.042000 0.193469
113 -0.032000 0.191491
114 -0.008000 0.189757
115 0.004000 0.188155
116 0.022000 0.186735
117 0.018000 0.185305
118 0.026000 0.183966
119 0.010000 0.182517
120 0.004000 0.181041
121 0.044000 0.179918
122 0.030000 0.178699
123 0.026000 0.177468
124 0.086000 0.176736
125 0.056000 0.175778
126 0.044000 0.174740
127 0.036000 0.173656
128 0.046000 0.172667
129 0.040000 0.171646
130 0.062000 0.170809
131 0.058000 0.169955
132 0.122000 0.169594
133 0.068000 0.168836
134 0.042000 0.167896
135 0.062000 0.167118
136 0.038000 0.166175
137 0.034000 0.165217
138 0.038000 0.164302
139 0.014000 0.163229
140 -0.026000 0.161887
141 0.008000 0.160803
142 -0.032000 0.159455
143 -0.014000 0.158250
144 0.014000 0.157255
145 0.006000 0.156219
146 -0.042000 0.154871
147 -0.074000 0.153324
148 -0.016000 0.152188
149 -0.006000 0.151133
150 0.006000 0.150172
151 0.022000 0.149329
152 -0.014000 0.148261
153 0.004000 0.147325
154 0.040000 0.146632
155 -0.028000 0.145513
156 0.022000 0.144726
157 0.002000 0.143823
158 -0.020000 0.142792
159 -0.014000 0.141813
160 -0.034000 0.140720
161 0.000000 0.139852
162 0.046000 0.139276
163 0.000000 0.138427
164 0.016000 0.137685
165 0.010000 0.136916
166 0.022000 0.136228
167 -0.020000 0.135298
168 -0.076000 0.134047
169 -0.032000 0.133071
170 -0.030000 0.132117
171 -0.004000 0.131326
172 0.022000 0.130694
173 0.000000 0.129943
174 0.002000 0.129211
175 0.018000 0.128580
176 -0.004000 0.127831
177 -0.024000 0.126978
178 -0.004000 0.126246
179 -0.010000 0.125489
180 0.008000 0.124840
181 0.036000 0.124352
182 0.084000 0.124131
183 -0.010000 0.123402
184 -0.014000 0.122659
185 -0.018000 0.121903
186 0.002000 0.121262
187 -0.010000 0.120564
188 -0.032000 0.119757
189 -0.008000 0.119084
190 0.040000 0.118670
191 0.014000 0.118125
192 -0.018000 0.117420
193 0.010000 0.116866
194 0.012000 0.116328
195 0.004000 0.115755
196 0.064000 0.115492
197 0.030000 0.115061
198 0.038000 0.114673
199 0.002000 0.114110
200 0.020000 0.113642
201 -0.026000 0.112950
202 0.014000 0.112463
203 0.058000 0.112196
204 0.034000 0.111815
205 0.064000 0.111583
206 0.064000 0.111353
207 0.048000 0.111048
208 0.030000 0.110660
209 0.032000 0.110286
210 0.106000 0.110265
211 0.080000 0.110123
212 0.082000 0.109991
213 0.088000 0.109888
214 0.050000 0.109609
215 0.002000 0.109111
216 0.022000 0.108710
217 0.028000 0.108339
218 0.042000 0.108037
219 0.002000 0.107555
220 0.016000 0.107140
221 0.022000 0.106757
222 0.014000 0.106341
223 0.018000 0.105946
224 0.002000 0.105484
225 0.010000 0.105062
226 0.022000 0.104696
227 -0.042000 0.104053
228 -0.034000 0.103450
229 -0.044000 0.102809
230 -0.024000 0.102260
231 -0.040000 0.101647
232 -0.018000 0.101133
233 -0.006000 0.100675
234 -0.018000 0.100170
235 -0.048000 0.099542
236 -0.042000 0.098945
237 -0.006000 0.098504
238 0.006000 0.098117
239 -0.028000 0.097592
240 -0.110000 0.096730
241 -0.104000 0.095901
242 -0.088000 0.095144
243 -0.030000 0.094631
244 -0.048000 0.094049
245 -0.004000 0.093650
246 0.004000 0.093287
247 0.022000 0.093000
248 -0.002000 0.092618
249 -0.004000 0.092232
250 -0.074000 0.091570
251 -0.104000 0.090794
252 -0.074000 0.090142
253 -0.084000 0.089457
254 -0.058000 0.088878
255 -0.024000 0.088438
256 0.000000 0.088093
257 0.030000 0.087868
258 0.000000 0.087529
259 -0.048000 0.087008
260 -0.028000 0.086567
261 -0.006000 0.086214
262 -0.034000 0.085757
263 -0.066000 0.085182
264 0.000000 0.084860
265 0.008000 0.084571
266 0.004000 0.084270
267 0.010000 0.083993
268 0.020000 0.083755
269 0.032000 0.083563
270 -0.052000 0.083063
271 -0.020000 0.082684
272 -0.034000 0.082256
273 -0.014000 0.081905
274 -0.030000 0.081498
275 -0.026000 0.081109
276 -0.030000 0.080708
277 0.044000 0.080576
278 0.008000 0.080315
279 0.014000 0.080079
280 0.026000 0.079886
281 -0.014000 0.079553
282 -0.026000 0.079180
283 0.010000 0.078937
284 -0.014000 0.078611
285 0.012000 0.078378
286 0.006000 0.078125
287 -0.006000 0.077833
288 -0.018000 0.077502
289 0.028000 0.077331
290 0.012000 0.077107
291 0.024000 0.076925
292 0.026000 0.076751
293 0.032000 0.076599
294 0.026000 0.076427
295 0.024000 0.076250
296 0.042000 0.076135
297 0.074000 0.076128
298 0.080000 0.076140
299 0.014000 0.075933
300 -0.018000 0.075621
301 -0.018000 0.075311
302 0.000000 0.075063
303 0.014000 0.074862
304 -0.028000 0.074525
305 0.004000 0.074294
306 -0.026000 0.073967
307 0.016000 0.073779
308 0.022000 0.073612
309 0.012000 0.073413
310 0.014000 0.073222
311 0.056000 0.073167
312 -0.004000 0.072920
313 -0.030000 0.072592
314 0.028000 0.072451
315 -0.006000 0.072203
316 0.016000 0.072025
317 -0.024000 0.071723
318 0.002000 0.071505
319 0.018000 0.071338
320 -0.004000 0.071103
321 -0.014000 0.070839
322 0.012000 0.070656
323 0.032000 0.070537
324 0.006000 0.070338
325 0.014000 0.070166
326 0.000000 0.069951
327 -0.018000 0.069683
328 0.014000 0.069514
329 0.008000 0.069327
330 -0.064000 0.068924
331 -0.046000 0.068578
332 -0.026000 0.068294
333 -0.012000 0.068054
334 -0.006000 0.067833
335 0.034000 0.067732
336 0.014000 0.067573
337 0.064000 0.067562
338 0.062000 0.067546
339 0.044000 0.067476
340 0.038000 0.067390
341 0.040000 0.067310
342 0.026000 0.067190
343 0.020000 0.067052
344 0.038000 0.066968
345 0.014000 0.066815
346 0.014000 0.066663
347 -0.010000 0.066443
348 -0.036000 0.066149
349 -0.040000 0.065846
350 -0.022000 0.065595
351 -0.030000 0.065324
352 -0.038000 0.065031
353 -0.008000 0.064825
354 -0.046000 0.064513
355 -0.062000 0.064157
356 -0.042000 0.063860
357 -0.008000 0.063659
358 0.002000 0.063487
359 -0.008000 0.063289
360 0.014000 0.063152
361 0.020000 0.063033
362 0.000000 0.062860
363 -0.006000 0.062670
364 -0.028000 0.062422
365 0.000000 0.062251
366 -0.016000 0.062038
367 -0.008000 0.061848
368 -0.026000 0.061610
369 -0.046000 0.061319
370 -0.048000 0.061024
371 0.006000 0.060876
372 -0.022000 0.060654
373 0.006000 0.060508
374 -0.020000 0.060293
375 0.004000 0.060144
376 0.016000 0.060027
377 0.054000 0.060011
378 0.022000 0.059910
379 0.044000 0.059868
380 0.006000 0.059727
381 -0.014000 0.059534
382 -0.012000 0.059347
383 -0.004000 0.059182
384 0.028000 0.059101
385 -0.024000 0.058886
386 -0.006000 0.058718
387 -0.036000 0.058474
388 -0.076000 0.058129
389 -0.046000 0.057862
390 -0.026000 0.057647
391 -0.034000 0.057413
392 -0.038000 0.057170
393 -0.048000 0.056904
394 -0.012000 0.056729
395 -0.014000 0.056551
396 -0.016000 0.056368
397 -0.026000 0.056161
398 0.006000 0.056035
399 -0.002000 0.055890
400 -0.048000 0.055631
401 -0.046000 0.055378
402 -0.012000 0.055211
403 -0.022000 0.055020
404 -0.030000 0.054810
405 -0.046000 0.054562
406 0.002000 0.054432
407 0.014000 0.054333
408 0.010000 0.054225
409 0.014000 0.054127
410 0.006000 0.054010
411 0.036000 0.053966
412 0.024000 0.053893
413 0.032000 0.053841
414 0.020000 0.053759
415 0.004000 0.053639
416 -0.006000 0.053496
417 -0.010000 0.053344
418 -0.016000 0.053179
419 0.016000 0.053090
420 0.032000 0.053040
421 -0.020000 0.052867
422 -0.038000 0.052652
423 -0.008000 0.052509
424 0.012000 0.052414
425 -0.002000 0.052286
426 -0.006000 0.052150
427 0.002000 0.052033
428 -0.008000 0.051893
429 0.012000 0.051800
430 0.022000 0.051731
431 0.024000 0.051667
432 0.046000 0.051654
433 0.030000 0.051604
434 0.016000 0.051522
435 0.040000 0.051495
436 0.032000 0.051451
437 0.012000 0.051361
438 0.040000 0.051335
439 0.036000 0.051300
440 0.020000 0.051229
441 0.004000 0.051122
442 0.002000 0.051011
443 0.004000 0.050905
444 0.010000 0.050813
445 0.004000 0.050709
446 0.016000 0.050631
447 0.008000 0.050536
448 -0.016000 0.050388
449 0.008000 0.050293
450 0.026000 0.050239
451 0.018000 0.050168
452 0.056000 0.050181
453 0.052000 0.050185
454 0.036000 0.050154
455 -0.036000 0.049965
456 0.000000 0.049856
457 -0.020000 0.049703
458 -0.088000 0.049403
459 -0.028000 0.049235
460 0.016000 0.049163
461 0.000000 0.049056
462 0.014000 0.048981
463 0.040000 0.048961
464 -0.028000 0.048796
465 -0.012000 0.048665
466 -0.014000 0.048531
467 -0.008000 0.048410
468 -0.006000 0.048294
469 -0.026000 0.048136
470 -0.042000 0.047945
471 0.020000 0.047886
472 0.030000 0.047848
473 0.050000 0.047852
474 0.008000 0.047768
475 0.038000 0.047748
476 -0.028000 0.047589
477 0.014000 0.047519
478 -0.014000 0.047390
479 0.028000 0.047350
480 -0.024000 0.047202
481 0.000000 0.047104
482 -0.040000 0.046923
483 -0.036000 0.046752
484 -0.012000 0.046631
485 -0.022000 0.046490
486 -0.018000 0.046357
487 -0.026000 0.046209
488 0.004000 0.046123
489 -0.024000 0.045980
490 -0.016000 0.045853
491 -0.022000 0.045715
492 0.010000 0.045643
493 0.024000 0.045599
494 0.024000 0.045556
495 -0.008000 0.045448
496 -0.010000 0.045336
497 -0.010000 0.045225
498 -0.016000 0.045102
499 -0.004000 0.045004
500 0.010000 0.044934
501 -0.008000 0.044829
502 -0.004000 0.044732
503 -0.010000 0.044623
504 0.002000 0.044539
505 -0.012000 0.044427
506 0.006000 0.044351
507 0.018000 0.044299
508 -0.006000 0.044200
509 -0.016000 0.044082
510 -0.004000 0.043988
511 0.006000 0.043914
512 -0.048000 0.043735
513 -0.040000 0.043572
514 -0.016000 0.043456
515 -0.062000 0.043252
516 -0.072000 0.043029
517 -0.030000 0.042888
518 -0.070000 0.042671
519 -0.030000 0.042531
520 -0.006000 0.042438
521 -0.026000 0.042307
522 -0.042000 0.042145
523 -0.026000 0.042015
524 -0.066000 0.041810
525 0.000000 0.041730
526 0.014000 0.041677
527 0.022000 0.041640
528 -0.004000 0.041554
529 0.006000 0.041487
530 -0.030000 0.041352
531 -0.016000 0.041244
532 0.018000 0.041201
533 -0.028000 0.041071
534 -0.028000 0.040942
535 -0.020000 0.040828
536 -0.052000 0.040655
537 -0.064000 0.040461
538 -0.086000 0.040226
539 -0.038000 0.040081
540 -0.040000 0.039933
541 -0.058000 0.039753
542 -0.022000 0.039639
543 0.030000 0.039621
544 0.044000 0.039629
545 0.056000 0.039659
546 0.030000 0.039642
547 0.020000 0.039606
548 0.018000 0.039566
549 -0.024000 0.039451
550 0.050000 0.039470
551 -0.014000 0.039373
552 -0.024000 0.039259
553 0.002000 0.039191
554 -0.010000 0.039103
555 0.024000 0.039076
556 0.008000 0.039020
557 0.004000 0.038957
558 -0.024000 0.038844
559 -0.012000 0.038754
560 0.034000 0.038745
561 -0.006000 0.038665
562 0.024000 0.038639
563 0.006000 0.038582
564 0.016000 0.038542
565 -0.032000 0.038417
566 0.000000 0.038349
567 0.034000 0.038342
568 0.054000 0.038369
569 0.022000 0.038340
570 0.032000 0.038329
571 0.038000 0.038329
572 0.022000 0.038300
573 0.002000 0.038237
574 -0.016000 0.038143
575 -0.028000 0.038028
576 -0.030000 0.037910
577 -0.030000 0.037792
578 0.000000 0.037727
579 -0.022000 0.037624
580 0.008000 0.037573
581 0.032000 0.037564
582 0.028000 0.037547
583 0.050000 0.037568
584 0.014000 0.037528
585 -0.020000 0.037430
586 -0.014000 0.037342
587 0.034000 0.037337
588 0.014000 0.037297
589 0.018000 0.037264
590 0.044000 0.037276
591 0.082000 0.037351
592 0.104000 0.037464
593 0.072000 0.037522
594 0.056000 0.037553
595 0.036000 0.037550
596 0.044000 0.037561
597 0.012000 0.037518
598 -0.032000 0.037402
599 0.022000 0.037377
600 -0.002000 0.037311
601 0.026000 0.037292
602 -0.010000 0.037214
603 0.016000 0.037179
604 0.012000 0.037137
605 0.012000 0.037096
606 0.018000 0.037064
607 0.012000 0.037023
608 0.046000 0.037038
609 -0.012000 0.036957
610 0.004000 0.036903
611 0.024000 0.036882
612 0.032000 0.036874
613 0.042000 0.036883
614 0.044000 0.036894
615 0.018000 0.036864
616 -0.028000 0.036759
617 0.010000 0.036715
618 0.008000 0.036669
619 -0.012000 0.036590
620 0.008000 0.036544
621 -0.012000 0.036466
622 0.034000 0.036462
623 -0.026000 0.036362
624 0.008000 0.036317
625 0.004000 0.036265
626 0.020000 0.036239
627 -0.012000 0.036162
628 0.010000 0.036121
629 -0.008000 0.036051
630 0.040000 0.036057
631 0.046000 0.036073
632 0.004000 0.036022
633 -0.020000 0.035934
634 -0.018000 0.035849
635 -0.008000 0.035780
636 0.010000 0.035739
637 -0.012000 0.035665
638 0.046000 0.035681
639 0.022000 0.035659
640 0.036000 0.035660
641 0.046000 0.035676
642 0.026000 0.035661
643 0.048000 0.035680
644 -0.030000 0.035578
645 -0.030000 0.035477
646 0.012000 0.035440
647 0.008000 0.035398
648 -0.016000 0.035319
649 -0.016000 0.035240
650 -0.008000 0.035174
651 -0.012000 0.035101
652 -0.012000 0.035029
653 -0.026000 0.034936
654 0.034000 0.034934
655 0.012000 0.034899
656 0.022000 0.034880
657 -0.012000 0.034809
658 -0.004000 0.034750
659 0.024000 0.034733
660 0.010000 0.034696
661 0.008000 0.034656
662 0.024000 0.034640
663 0.038000 0.034645
664 0.022000 0.034626
665 0.060000 0.034664
666 0.022000 0.034645
667 0.000000 0.034593
668 -0.008000 0.034529
669 -0.008000 0.034466
670 0.026000 0.034453
671 0.038000 0.034458
672 0.044000 0.034473
673 0.022000 0.034454
674 0.014000 0.034424
675 -0.002000 0.034370
676 -0.008000 0.034307
677 0.034000 0.034307
678 0.044000 0.034321
679 0.058000 0.034356
680 0.028000 0.034347
681 0.020000 0.034326
682 0.014000 0.034296
683 0.048000 0.034316
684 0.006000 0.034274
685 0.006000 0.034233
686 0.000000 0.034183
687 0.084000 0.034256
688 0.054000 0.034284
689 -0.006000 0.034226
690 0.002000 0.034179
691 0.018000 0.034156
692 -0.024000 0.034072
693 0.002000 0.034026
694 0.030000 0.034020
695 0.046000 0.034037
696 0.022000 0.034020
697 0.020000 0.034000
698 0.016000 0.033974
699 -0.014000 0.033906
700 -0.032000 0.033812
701 0.018000 0.033789
702 0.030000 0.033784
703 0.000000 0.033736
704 -0.018000 0.033662
705 0.002000 0.033618
706 -0.006000 0.033562
707 -0.014000 0.033494
708 -0.038000 0.033394
709 -0.048000 0.033279
710 -0.050000 0.033162
711 -0.054000 0.033039
712 -0.036000 0.032942
713 -0.034000 0.032849
714 -0.004000 0.032797
715 -0.014000 0.032732
716 -0.044000 0.032625
717 -0.032000 0.032535
718 -0.028000 0.032451
719 -0.036000 0.032356
720 -0.052000 0.032239
721 -0.052000 0.032122
722 -0.036000 0.032028
723 -0.068000 0.031890
724 -0.008000 0.031834
725 -0.008000 0.031780
726 -0.012000 0.031719
727 -0.002000 0.031673
728 -0.008000 0.031619
729 0.002000 0.031578
730 0.014000 0.031554
731 0.046000 0.031574
732 0.018000 0.031555
733 0.042000 0.031569
734 -0.024000 0.031494
735 -0.038000 0.031399
736 -0.056000 0.031281
737 -0.016000 0.031217
738 -0.006000 0.031166
739 -0.038000 0.031073
740 0.020000 0.031058
741 0.002000 0.031019
742 -0.032000 0.030934
743 0.008000 0.030903
744 -0.006000 0.030854
745 0.006000 0.030820
746 -0.006000 0.030771
747 -0.040000 0.030676
748 0.006000 0.030644
749 0.040000 0.030656
750 0.046000 0.030676
751 0.034000 0.030681
752 0.010000 0.030653
753 -0.054000 0.030541
754 -0.048000 0.030437
755 -0.046000 0.030336
756 -0.024000 0.030264
757 -0.040000 0.030172
758 -0.058000 0.030055
759 -0.090000 0.029897
760 -0.100000 0.029727
761 -0.064000 0.029604
762 -0.058000 0.029489
763 -0.052000 0.029382
764 -0.026000 0.029310
765 -0.030000 0.029232
766 -0.036000 0.029147
767 -0.010000 0.029096
768 -0.014000 0.029040
769 -0.028000 0.028966
770 -0.004000 0.028923
771 -0.024000 0.028855
772 -0.056000 0.028745
773 0.014000 0.028726
774 -0.030000 0.028650
775 0.000000 0.028613
776 -0.006000 0.028569
777 0.008000 0.028542
778 -0.042000 0.028452
779 0.012000 0.028431
780 0.040000 0.028446
781 0.004000 0.028414
782 0.018000 0.028401
783 0.044000 0.028421
784 0.062000 0.028464
785 0.026000 0.028461
786 0.034000 0.028468
787 0.026000 0.028464
788 0.010000 0.028441
789 0.000000 0.028405
790 0.026000 0.028402
791 -0.040000 0.028316
792 -0.026000 0.028247
793 -0.028000 0.028176
794 -0.010000 0.028128
795 -0.036000 0.028048
796 -0.068000 0.027927
797 -0.024000 0.027862
798 -0.062000 0.027750
799 -0.032000 0.027675
800 -0.032000 0.027600
801 -0.006000 0.027559
802 -0.016000 0.027504
803 0.026000 0.027502
804 -0.008000 0.027458
805 0.040000 0.027474
806 0.022000 0.027467
807 0.008000 0.027443
808 0.030000 0.027446
809 0.040000 0.027462
810 0.054000 0.027494
811 0.076000 0.027554
812 0.040000 0.027569
813 0.036000 0.027580
814 0.028000 0.027580
815 -0.016000 0.027527
816 -0.004000 0.027488
817 0.024000 0.027484
818 -0.020000 0.027426
819 -0.004000 0.027388
820 0.004000 0.027359
821 -0.028000 0.027292
822 -0.006000 0.027252
823 -0.014000 0.027201
824 -0.034000 0.027127
825 0.016000 0.027114
826 0.030000 0.027117
827 0.018000 0.027106
828 0.024000 0.027103
829 0.008000 0.027080
830 0.038000 0.027093
831 0.014000 0.027077
832 0.018000 0.027066
833 0.020000 0.027058
834 0.008000 0.027035
835 0.038000 0.027048
836 0.040000 0.027063
837 -0.026000 0.027000
838 -0.018000 0.026946
839 -0.046000 0.026860
840 -0.006000 0.026820
841 0.016000 0.026808
842 -0.034000 0.026735
843 -0.010000 0.026692
844 -0.004000 0.026656
845 -0.008000 0.026615
846 0.004000 0.026588
847 0.002000 0.026559
848 0.038000 0.026572
849 0.080000 0.026635
850 0.058000 0.026672
851 0.032000 0.026678
852 -0.002000 0.026645
853 0.010000 0.026625
854 0.058000 0.026662
855 0.032000 0.026668
856 0.018000 0.026658
857 -0.012000 0.026613
858 -0.036000 0.026540
859 0.012000 0.026523
860 0.028000 0.026525
861 0.012000 0.026508
862 0.022000 0.026503
863 0.016000 0.026491
864 -0.008000 0.026451
865 0.000000 0.026420
866 -0.020000 0.026367
867 -0.038000 0.026293
868 -0.016000 0.026244
869 -0.034000 0.026175
870 -0.020000 0.026122
871 -0.030000 0.026057
872 -0.002000 0.026025
873 -0.036000 0.025954
874 -0.032000 0.025888
875 -0.024000 0.025831
876 -0.042000 0.025754
877 -0.032000 0.025688
878 -0.068000 0.025581
879 -0.054000 0.025491
880 -0.030000 0.025428
881 -0.026000 0.025370
882 -0.008000 0.025332
883 -0.042000 0.025256
884 -0.034000 0.025189
885 -0.036000 0.025120
886 -0.044000 0.025042
887 -0.036000 0.024973
888 -0.032000 0.024909
889 -0.024000 0.024854
890 -0.048000 0.024772
891 -0.010000 0.024733
892 0.018000 0.024726
893 -0.014000 0.024682
894 -0.052000 0.024597
895 -0.008000 0.024560
896 -0.026000 0.024504
897 -0.038000 0.024434
898 -0.060000 0.024340
899 -0.042000 0.024267
900 -0.026000 0.024211
901 -0.024000 0.024157
902 -0.002000 0.024128
903 -0.024000 0.024075
904 -0.012000 0.024035
905 0.012000 0.024022
906 -0.024000 0.023969
907 0.036000 0.023982
908 0.038000 0.023998
909 0.036000 0.024011
910 0.002000 0.023987
911 -0.010000 0.023950
912 0.026000 0.023952
913 0.014000 0.023941
914 0.010000 0.023926
915 -0.016000 0.023882
916 -0.048000 0.023804
917 -0.024000 0.023752
918 -0.042000 0.023680
919 -0.048000 0.023602
920 0.024000 0.023603
921 -0.004000 0.023573
922 0.042000 0.023593
923 0.008000 0.023576
924 0.006000 0.023557
925 0.034000 0.023568
926 0.012000 0.023556
927 -0.008000 0.023522
928 -0.034000 0.023460
929 -0.058000 0.023372
930 -0.046000 0.023298
931 -0.008000 0.023264
932 0.018000 0.023258
933 -0.014000 0.023218
934 -0.004000 0.023189
935 -0.030000 0.023132
936 -0.060000 0.023044
937 -0.048000 0.022968
938 -0.020000 0.022922
939 -0.024000 0.022872
940 -0.028000 0.022818
941 0.008000 0.022803
942 0.002000 0.022780
943 0.014000 0.022771
944 0.008000 0.022756
945 0.040000 0.022774
946 0.034000 0.022786
947 0.030000 0.022793
948 0.028000 0.022799
949 0.030000 0.022806
950 0.064000 0.022850
951 0.022000 0.022849
952 0.044000 0.022871
953 -0.006000 0.022841
954 0.004000 0.022821
955 0.020000 0.022818
956 0.024000 0.022819
957 -0.014000 0.022781
958 0.016000 0.022774
959 -0.004000 0.022746
960 0.038000 0.022762
961 -0.002000 0.022736
962 0.040000 0.022754
963 0.056000 0.022788
964 0.062000 0.022829
965 0.062000 0.022870
966 0.020000 0.022867
967 0.022000 0.022866
968 -0.020000 0.022821
969 -0.004000 0.022794
970 0.010000 0.022781
971 -0.018000 0.022739
972 0.010000 0.022726
973 -0.020000 0.022682
974 -0.020000 0.022638
975 -0.008000 0.022607
976 -0.022000 0.022561
977 0.022000 0.022560
978 0.012000 0.022550
979 0.008000 0.022535
980 0.016000 0.022528
981 0.012000 0.022517
982 0.026000 0.022521
983 0.020000 0.022518
984 0.030000 0.022526
985 0.034000 0.022538
986 0.044000 0.022559
987 0.060000 0.022597
988 0.020000 0.022595
989 0.002000 0.022574
990 0.010000 0.022561
991 0.032000 0.022571
992 0.018000 0.022566
993 0.042000 0.022586
994 0.056000 0.022619
995 0.040000 0.022637
996 0.044000 0.022658
997 0.032000 0.022667
998 -0.014000 0.022631
999 -0.014000 0.022594
