0 1.000000 1.000000
1 0.976000 0.988000
2 0.940000 0.972000
3 0.918000 0.958500
4 0.894000 0.945600
5 0.898000 0.937667
6 0.904000 0.932857
7 0.900000 0.928750
8 0.904000 0.926000
9 0.874000 0.920800
10 0.898000 0.918727
11 0.882000 0.915667
12 0.878000 0.912769
13 0.876000 0.910143
14 0.882000 0.908267
15 0.862000 0.905375
16 0.854000 0.902353
17 0.846000 0.899222
18 0.830000 0.895579
19 0.836000 0.892600
20 0.840000 0.890095
21 0.852000 0.888364
22 0.864000 0.887304
23 0.862000 0.886250
24 0.862000 0.885280
25 0.850000 0.883923
26 0.858000 0.882963
27 0.846000 0.881643
28 0.848000 0.880483
29 0.832000 0.878867
30 0.826000 0.877161
31 0.800000 0.874750
32 0.780000 0.871879
33 0.798000 0.869706
34 0.822000 0.868343
35 0.800000 0.866444
36 0.830000 0.865459
37 0.802000 0.863789
38 0.794000 0.862000
39 0.804000 0.860550
40 0.816000 0.859463
41 0.808000 0.858238
42 0.822000 0.857395
43 0.822000 0.856591
44 0.838000 0.856178
45 0.842000 0.855870
46 0.834000 0.855404
47 0.824000 0.854750
48 0.806000 0.853755
49 0.830000 0.853280
50 0.816000 0.852549
51 0.828000 0.852077
52 0.806000 0.851208
53 0.802000 0.850296
54 0.818000 0.849709
55 0.804000 0.848893
56 0.808000 0.848175
57 0.826000 0.847793
58 0.792000 0.846847
59 0.812000 0.846267
60 0.832000 0.846033
61 0.814000 0.845516
62 0.798000 0.844762
63 0.826000 0.844469
64 0.824000 0.844154
65 0.818000 0.843758
66 0.798000 0.843075
67 0.826000 0.842824
68 0.826000 0.842580
69 0.792000 0.841857
70 0.826000 0.841634
71 0.822000 0.841361
72 0.818000 0.841041
73 0.830000 0.840892
74 0.838000 0.840853
75 0.832000 0.840737
76 0.800000 0.840208
77 0.822000 0.839974
78 0.802000 0.839494
79 0.798000 0.838975
80 0.792000 0.838395
81 0.798000 0.837902
82 0.800000 0.837446
83 0.800000 0.837000
84 0.802000 0.836588
85 0.788000 0.836023
86 0.766000 0.835218
87 0.794000 0.834750
88 0.790000 0.834247
89 0.812000 0.834000
90 0.808000 0.833714
91 0.796000 0.833304
92 0.798000 0.832925
93 0.786000 0.832426
94 0.816000 0.832253
95 0.798000 0.831896
96 0.814000 0.831711
97 0.798000 0.831367
98 0.806000 0.831111
99 0.784000 0.830640
100 0.784000 0.830178
101 0.816000 0.830039
102 0.778000 0.829534
103 0.794000 0.829192
104 0.786000 0.828781
105 0.800000 0.828509
106 0.788000 0.828131
107 0.804000 0.827907
108 0.794000 0.827596
109 0.804000 0.827382
110 0.808000 0.827207
111 0.796000 0.826929
112 0.790000 0.826602
113 0.804000 0.826404
114 0.800000 0.826174
115 0.798000 0.825931
116 0.786000 0.825590
117 0.786000 0.825254
118 0.788000 0.824941
119 0.796000 0.824700
120 0.768000 0.824231
121 0.770000 0.823787
122 0.804000 0.823626
123 0.810000 0.823516
124 0.792000 0.823264
125 0.802000 0.823095
126 0.792000 0.822850
127 0.816000 0.822797
128 0.816000 0.822744
129 0.818000 0.822708
130 0.782000 0.822397
131 0.812000 0.822318
132 0.786000 0.822045
133 0.784000 0.821761
134 0.770000 0.821378
135 0.782000 0.821088
136 0.798000 0.820920
137 0.758000 0.820464
138 0.790000 0.820245
139 0.800000 0.820100
140 0.776000 0.819787
141 0.798000 0.819634
142 0.794000 0.819455
143 0.796000 0.819292
144 0.800000 0.819159
145 0.798000 0.819014
146 0.786000 0.818789
147 0.800000 0.818662
148 0.798000 0.818523
149 0.804000 0.818427
150 0.794000 0.818265
151 0.804000 0.818171
152 0.782000 0.817935
153 0.790000 0.817753
154 0.792000 0.817587
155 0.798000 0.817462
156 0.780000 0.817223
157 0.794000 0.817076
158 0.774000 0.816805
159 0.796000 0.816675
160 0.802000 0.816584
161 0.798000 0.816469
162 0.782000 0.816258
163 0.782000 0.816049
164 0.784000 0.815855
165 0.774000 0.815602
166 0.810000 0.815569
167 0.768000 0.815286
168 0.790000 0.815136
169 0.766000 0.814847
170 0.752000 0.814480
171 0.782000 0.814291
172 0.762000 0.813988
173 0.776000 0.813770
174 0.778000 0.813566
175 0.788000 0.813420
176 0.762000 0.813130
177 0.780000 0.812944
178 0.764000 0.812670
179 0.792000 0.812556
180 0.808000 0.812530
181 0.820000 0.812571
182 0.800000 0.812503
183 0.798000 0.812424
184 0.800000 0.812357
185 0.818000 0.812387
186 0.828000 0.812471
187 0.816000 0.812489
188 0.814000 0.812497
189 0.822000 0.812547
190 0.818000 0.812576
191 0.802000 0.812521
192 0.804000 0.812477
193 0.828000 0.812557
194 0.768000 0.812328
195 0.784000 0.812184
196 0.824000 0.812244
197 0.792000 0.812141
198 0.756000 0.811859
199 0.770000 0.811650
200 0.784000 0.811512
201 0.786000 0.811386
202 0.774000 0.811202
203 0.812000 0.811206
204 0.798000 0.811141
205 0.806000 0.811117
206 0.800000 0.811063
207 0.820000 0.811106
208 0.802000 0.811062
209 0.826000 0.811133
210 0.778000 0.810976
211 0.780000 0.810830
212 0.810000 0.810826
213 0.790000 0.810729
214 0.796000 0.810660
215 0.808000 0.810648
216 0.782000 0.810516
217 0.786000 0.810404
218 0.794000 0.810329
219 0.822000 0.810382
220 0.808000 0.810371
221 0.788000 0.810270
222 0.778000 0.810126
223 0.786000 0.810018
224 0.790000 0.809929
225 0.772000 0.809761
226 0.780000 0.809630
227 0.804000 0.809605
228 0.796000 0.809546
229 0.788000 0.809452
230 0.792000 0.809377
231 0.794000 0.809310
232 0.806000 0.809296
233 0.774000 0.809145
234 0.766000 0.808962
235 0.802000 0.808932
236 0.818000 0.808970
237 0.818000 0.809008
238 0.810000 0.809013
239 0.806000 0.809000
240 0.784000 0.808896
241 0.758000 0.808686
242 0.764000 0.808502
243 0.772000 0.808352
244 0.754000 0.808131
245 0.764000 0.807951
246 0.760000 0.807757
247 0.772000 0.807613
248 0.788000 0.807534
249 0.784000 0.807440
250 0.790000 0.807371
251 0.780000 0.807262
252 0.792000 0.807202
253 0.802000 0.807181
254 0.816000 0.807216
255 0.832000 0.807312
256 0.830000 0.807401
257 0.794000 0.807349
258 0.822000 0.807405
259 0.808000 0.807408
260 0.820000 0.807456
261 0.822000 0.807511
262 0.824000 0.807574
263 0.812000 0.807591
264 0.796000 0.807547
265 0.812000 0.807564
266 0.822000 0.807618
267 0.822000 0.807672
268 0.812000 0.807688
269 0.818000 0.807726
270 0.812000 0.807742
271 0.798000 0.807706
272 0.804000 0.807692
273 0.814000 0.807715
274 0.794000 0.807665
275 0.792000 0.807609
276 0.822000 0.807661
277 0.792000 0.807604
278 0.788000 0.807534
279 0.776000 0.807421
280 0.784000 0.807338
281 0.794000 0.807291
282 0.794000 0.807244
283 0.774000 0.807127
284 0.766000 0.806982
285 0.764000 0.806832
286 0.806000 0.806829
287 0.784000 0.806750
288 0.812000 0.806768
289 0.802000 0.806752
290 0.802000 0.806735
291 0.774000 0.806623
292 0.778000 0.806526
293 0.804000 0.806517
294 0.830000 0.806597
295 0.830000 0.806676
296 0.828000 0.806747
297 0.840000 0.806859
298 0.812000 0.806876
299 0.806000 0.806873
300 0.808000 0.806877
301 0.768000 0.806748
302 0.784000 0.806673
303 0.810000 0.806684
304 0.818000 0.806721
305 0.798000 0.806693
306 0.794000 0.806651
307 0.790000 0.806597
308 0.806000 0.806595
309 0.808000 0.806600
310 0.788000 0.806540
311 0.796000 0.806506
312 0.768000 0.806383
313 0.756000 0.806223
314 0.772000 0.806114
315 0.762000 0.805975
316 0.798000 0.805950
317 0.780000 0.805868
318 0.772000 0.805762
319 0.796000 0.805731
320 0.800000 0.805713
321 0.772000 0.805609
322 0.786000 0.805548
323 0.818000 0.805586
324 0.820000 0.805631
325 0.802000 0.805620
326 0.802000 0.805609
327 0.766000 0.805488
328 0.746000 0.805307
329 0.746000 0.805127
330 0.762000 0.804997
331 0.772000 0.804898
332 0.768000 0.804787
333 0.794000 0.804754
334 0.772000 0.804657
335 0.816000 0.804690
336 0.808000 0.804700
337 0.814000 0.804728
338 0.802000 0.804720
339 0.814000 0.804747
340 0.808000 0.804757
341 0.778000 0.804678
342 0.770000 0.804577
343 0.796000 0.804552
344 0.782000 0.804487
345 0.760000 0.804358
346 0.796000 0.804334
347 0.786000 0.804282
348 0.798000 0.804264
349 0.784000 0.804206
350 0.822000 0.804256
351 0.788000 0.804210
352 0.792000 0.804176
353 0.808000 0.804186
354 0.806000 0.804192
355 0.790000 0.804152
356 0.772000 0.804062
357 0.774000 0.803978
358 0.816000 0.804011
359 0.802000 0.804006
360 0.794000 0.803978
361 0.824000 0.804033
362 0.798000 0.804017
363 0.812000 0.804038
364 0.776000 0.803962
365 0.776000 0.803885
366 0.766000 0.803782
367 0.802000 0.803777
368 0.804000 0.803778
369 0.808000 0.803789
370 0.810000 0.803806
371 0.780000 0.803742
372 0.774000 0.803662
373 0.766000 0.803561
374 0.792000 0.803531
375 0.804000 0.803532
376 0.776000 0.803459
377 0.772000 0.803376
378 0.760000 0.803261
379 0.770000 0.803174
380 0.766000 0.803076
381 0.780000 0.803016
382 0.774000 0.802940
383 0.784000 0.802891
384 0.772000 0.802810
385 0.768000 0.802720
386 0.768000 0.802630
387 0.786000 0.802588
388 0.784000 0.802540
389 0.750000 0.802405
390 0.776000 0.802338
391 0.782000 0.802286
392 0.774000 0.802214
393 0.782000 0.802162
394 0.796000 0.802147
395 0.772000 0.802071
396 0.778000 0.802010
397 0.780000 0.801955
398 0.772000 0.801880
399 0.786000 0.801840
400 0.754000 0.801721
401 0.782000 0.801672
402 0.798000 0.801663
403 0.800000 0.801658
404 0.786000 0.801620
405 0.762000 0.801522
406 0.770000 0.801445
407 0.782000 0.801397
408 0.788000 0.801364
409 0.762000 0.801268
410 0.768000 0.801187
411 0.744000 0.801049
412 0.740000 0.800901
413 0.784000 0.800860
414 0.782000 0.800814
415 0.800000 0.800813
416 0.774000 0.800748
417 0.776000 0.800689
418 0.788000 0.800659
419 0.782000 0.800614
420 0.772000 0.800546
421 0.780000 0.800498
422 0.774000 0.800435
423 0.778000 0.800382
424 0.786000 0.800348
425 0.774000 0.800286
426 0.770000 0.800215
427 0.768000 0.800140
428 0.774000 0.800079
429 0.748000 0.799958
430 0.762000 0.799870
431 0.778000 0.799819
432 0.790000 0.799797
433 0.770000 0.799728
434 0.764000 0.799646
435 0.774000 0.799587
436 0.740000 0.799451
437 0.766000 0.799374
438 0.766000 0.799298
439 0.762000 0.799214
440 0.752000 0.799107
441 0.788000 0.799081
442 0.782000 0.799043
443 0.770000 0.798977
444 0.760000 0.798890
445 0.768000 0.798821
446 0.776000 0.798770
447 0.772000 0.798710
448 0.768000 0.798641
449 0.756000 0.798547
450 0.772000 0.798488
451 0.776000 0.798438
452 0.742000 0.798313
453 0.772000 0.798256
454 0.786000 0.798229
455 0.790000 0.798211
456 0.798000 0.798210
457 0.790000 0.798192
458 0.786000 0.798166
459 0.780000 0.798126
460 0.764000 0.798052
461 0.780000 0.798013
462 0.758000 0.797927
463 0.772000 0.797871
464 0.758000 0.797785
465 0.770000 0.797725
466 0.774000 0.797675
467 0.796000 0.797671
468 0.802000 0.797680
469 0.766000 0.797613
470 0.762000 0.797537
471 0.748000 0.797432
472 0.744000 0.797319
473 0.760000 0.797241
474 0.778000 0.797200
475 0.770000 0.797143
476 0.758000 0.797061
477 0.752000 0.796967
478 0.754000 0.796877
479 0.762000 0.796804
480 0.780000 0.796769
481 0.774000 0.796722
482 0.766000 0.796658
483 0.784000 0.796632
484 0.768000 0.796573
485 0.770000 0.796519
486 0.770000 0.796464
487 0.770000 0.796410
488 0.780000 0.796376
489 0.788000 0.796359
490 0.778000 0.796322
491 0.772000 0.796272
492 0.804000 0.796288
493 0.790000 0.796275
494 0.812000 0.796307
495 0.778000 0.796270
496 0.772000 0.796221
497 0.778000 0.796185
498 0.780000 0.796152
499 0.764000 0.796088
500 0.768000 0.796032
501 0.790000 0.796020
502 0.798000 0.796024
503 0.810000 0.796052
504 0.792000 0.796044
505 0.766000 0.795984
506 0.762000 0.795917
507 0.796000 0.795917
508 0.770000 0.795866
509 0.768000 0.795812
510 0.772000 0.795765
511 0.768000 0.795711
512 0.764000 0.795649
513 0.776000 0.795611
514 0.758000 0.795538
515 0.748000 0.795446
516 0.758000 0.795373
517 0.740000 0.795266
518 0.744000 0.795168
519 0.782000 0.795142
520 0.774000 0.795102
521 0.758000 0.795031
522 0.744000 0.794933
523 0.762000 0.794870
524 0.748000 0.794781
525 0.738000 0.794673
526 0.792000 0.794668
527 0.816000 0.794708
528 0.794000 0.794707
529 0.768000 0.794657
530 0.760000 0.794591
531 0.774000 0.794553
532 0.800000 0.794563
533 0.784000 0.794543
534 0.792000 0.794538
535 0.796000 0.794541
536 0.788000 0.794529
537 0.790000 0.794520
538 0.800000 0.794531
539 0.810000 0.794559
540 0.810000 0.794588
541 0.794000 0.794587
542 0.790000 0.794578
543 0.784000 0.794559
544 0.792000 0.794554
545 0.782000 0.794531
546 0.796000 0.794534
547 0.786000 0.794518
548 0.784000 0.794499
549 0.804000 0.794516
550 0.774000 0.794479
551 0.778000 0.794449
552 0.796000 0.794452
553 0.758000 0.794386
554 0.766000 0.794335
555 0.766000 0.794284
556 0.770000 0.794241
557 0.780000 0.794215
558 0.790000 0.794208
559 0.776000 0.794175
560 0.780000 0.794150
561 0.786000 0.794135
562 0.792000 0.794131
563 0.780000 0.794106
564 0.782000 0.794085
565 0.776000 0.794053
566 0.774000 0.794018
567 0.762000 0.793961
568 0.762000 0.793905
569 0.754000 0.793835
570 0.786000 0.793821
571 0.786000 0.793808
572 0.778000 0.793780
573 0.758000 0.793718
574 0.800000 0.793729
575 0.796000 0.793733
576 0.780000 0.793709
577 0.784000 0.793692
578 0.786000 0.793679
579 0.812000 0.793710
580 0.802000 0.793725
581 0.804000 0.793742
582 0.806000 0.793763
583 0.770000 0.793723
584 0.818000 0.793764
585 0.812000 0.793795
586 0.802000 0.793809
587 0.784000 0.793793
588 0.794000 0.793793
589 0.824000 0.793844
590 0.786000 0.793831
591 0.786000 0.793818
592 0.790000 0.793811
593 0.786000 0.793798
594 0.784000 0.793782
595 0.774000 0.793748
596 0.770000 0.793709
597 0.780000 0.793686
598 0.758000 0.793626
599 0.804000 0.793643
600 0.762000 0.793591
601 0.786000 0.793578
602 0.766000 0.793532
603 0.750000 0.793460
604 0.776000 0.793431
605 0.790000 0.793426
606 0.774000 0.793394
607 0.768000 0.793352
608 0.754000 0.793287
609 0.780000 0.793266
610 0.754000 0.793201
611 0.752000 0.793134
612 0.778000 0.793109
613 0.774000 0.793078
614 0.774000 0.793047
615 0.770000 0.793010
616 0.776000 0.792982
617 0.770000 0.792945
618 0.756000 0.792885
619 0.768000 0.792845
620 0.756000 0.792786
621 0.738000 0.792698
622 0.740000 0.792613
623 0.770000 0.792577
624 0.776000 0.792550
625 0.778000 0.792527
626 0.754000 0.792466
627 0.734000 0.792373
628 0.750000 0.792305
629 0.760000 0.792254
630 0.778000 0.792231
631 0.766000 0.792190
632 0.750000 0.792123
633 0.756000 0.792066
634 0.790000 0.792063
635 0.758000 0.792009
636 0.758000 0.791956
637 0.760000 0.791906
638 0.754000 0.791847
639 0.758000 0.791794
640 0.756000 0.791738
641 0.770000 0.791704
642 0.768000 0.791667
643 0.776000 0.791643
644 0.776000 0.791619
645 0.774000 0.791591
646 0.790000 0.791589
647 0.784000 0.791577
648 0.784000 0.791565
649 0.782000 0.791551
650 0.774000 0.791524
651 0.796000 0.791531
652 0.786000 0.791522
653 0.796000 0.791529
654 0.772000 0.791499
655 0.782000 0.791485
656 0.774000 0.791458
657 0.784000 0.791447
658 0.780000 0.791429
659 0.750000 0.791367
660 0.778000 0.791346
661 0.762000 0.791302
662 0.772000 0.791273
663 0.764000 0.791232
664 0.782000 0.791218
665 0.764000 0.791177
666 0.738000 0.791097
667 0.760000 0.791051
668 0.766000 0.791013
669 0.760000 0.790967
670 0.766000 0.790930
671 0.770000 0.790899
672 0.774000 0.790874
673 0.766000 0.790837
674 0.786000 0.790830
675 0.788000 0.790825
676 0.776000 0.790804
677 0.754000 0.790749
678 0.762000 0.790707
679 0.782000 0.790694
680 0.774000 0.790670
681 0.788000 0.790666
682 0.788000 0.790662
683 0.780000 0.790646
684 0.780000 0.790631
685 0.786000 0.790624
686 0.794000 0.790629
687 0.772000 0.790602
688 0.780000 0.790586
689 0.764000 0.790548
690 0.786000 0.790541
691 0.782000 0.790529
692 0.762000 0.790488
693 0.796000 0.790496
694 0.780000 0.790481
695 0.794000 0.790486
696 0.766000 0.790451
697 0.764000 0.790413
698 0.768000 0.790381
699 0.780000 0.790366
700 0.808000 0.790391
701 0.762000 0.790350
702 0.756000 0.790302
703 0.768000 0.790270
704 0.780000 0.790255
705 0.780000 0.790241
706 0.780000 0.790226
707 0.780000 0.790212
708 0.794000 0.790217
709 0.784000 0.790208
710 0.810000 0.790236
711 0.788000 0.790233
712 0.786000 0.790227
713 0.782000 0.790216
714 0.760000 0.790173
715 0.768000 0.790142
716 0.764000 0.790106
717 0.760000 0.790064
718 0.800000 0.790078
719 0.792000 0.790081
720 0.780000 0.790067
721 0.806000 0.790089
722 0.794000 0.790094
723 0.788000 0.790091
724 0.782000 0.790080
725 0.760000 0.790039
726 0.760000 0.789997
727 0.766000 0.789964
728 0.778000 0.789948
729 0.782000 0.789937
730 0.786000 0.789932
731 0.778000 0.789915
732 0.808000 0.789940
733 0.796000 0.789948
734 0.810000 0.789976
735 0.770000 0.789948
736 0.782000 0.789938
737 0.752000 0.789886
738 0.754000 0.789838
739 0.760000 0.789797
740 0.756000 0.789752
741 0.794000 0.789757
742 0.776000 0.789739
743 0.776000 0.789720
744 0.812000 0.789750
745 0.800000 0.789764
746 0.784000 0.789756
747 0.790000 0.789757
748 0.772000 0.789733
749 0.746000 0.789675
750 0.740000 0.789609
751 0.748000 0.789553
752 0.752000 0.789503
753 0.722000 0.789414
754 0.770000 0.789388
755 0.742000 0.789325
756 0.778000 0.789310
757 0.788000 0.789309
758 0.776000 0.789291
759 0.766000 0.789261
760 0.810000 0.789288
761 0.800000 0.789302
762 0.748000 0.789248
763 0.762000 0.789212
764 0.784000 0.789205
765 0.788000 0.789204
766 0.788000 0.789202
767 0.764000 0.789169
768 0.770000 0.789144
769 0.770000 0.789119
770 0.760000 0.789082
771 0.746000 0.789026
772 0.760000 0.788988
773 0.774000 0.788969
774 0.756000 0.788926
775 0.782000 0.788918
776 0.764000 0.788885
777 0.760000 0.788848
778 0.752000 0.788801
779 0.752000 0.788754
780 0.748000 0.788702
781 0.768000 0.788675
782 0.764000 0.788644
783 0.738000 0.788579
784 0.754000 0.788535
785 0.770000 0.788511
786 0.790000 0.788513
787 0.778000 0.788500
788 0.790000 0.788502
789 0.772000 0.788481
790 0.786000 0.788478
791 0.752000 0.788432
792 0.762000 0.788398
793 0.776000 0.788383
794 0.754000 0.788340
795 0.774000 0.788322
796 0.746000 0.788269
797 0.764000 0.788238
798 0.756000 0.788198
799 0.724000 0.788117
800 0.748000 0.788067
801 0.730000 0.787995
802 0.760000 0.787960
803 0.736000 0.787896
804 0.750000 0.787848
805 0.722000 0.787767
806 0.766000 0.787740
807 0.744000 0.787686
808 0.754000 0.787644
809 0.748000 0.787595
810 0.762000 0.787564
811 0.728000 0.787490
812 0.742000 0.787434
813 0.772000 0.787415
814 0.778000 0.787404
815 0.778000 0.787392
816 0.742000 0.787337
817 0.766000 0.787311
818 0.758000 0.787275
819 0.770000 0.787254
820 0.758000 0.787218
821 0.720000 0.787136
822 0.760000 0.787103
823 0.740000 0.787046
824 0.752000 0.787004
825 0.752000 0.786961
826 0.726000 0.786888
827 0.748000 0.786841
828 0.760000 0.786808
829 0.756000 0.786771
830 0.730000 0.786703
831 0.724000 0.786627
832 0.760000 0.786595
833 0.742000 0.786542
834 0.758000 0.786508
835 0.774000 0.786493
836 0.768000 0.786471
837 0.758000 0.786437
838 0.764000 0.786410
839 0.774000 0.786395
840 0.706000 0.786300
841 0.738000 0.786242
842 0.736000 0.786183
843 0.742000 0.786130
844 0.754000 0.786092
845 0.752000 0.786052
846 0.746000 0.786005
847 0.752000 0.785965
848 0.754000 0.785927
849 0.740000 0.785873
850 0.760000 0.785843
851 0.780000 0.785836
852 0.786000 0.785836
853 0.760000 0.785806
854 0.766000 0.785782
855 0.778000 0.785773
856 0.752000 0.785734
857 0.742000 0.785683
858 0.762000 0.785655
859 0.772000 0.785640
860 0.778000 0.785631
861 0.764000 0.785606
862 0.794000 0.785615
863 0.792000 0.785623
864 0.766000 0.785600
865 0.770000 0.785582
866 0.786000 0.785582
867 0.804000 0.785604
868 0.794000 0.785613
869 0.778000 0.785605
870 0.776000 0.785594
871 0.768000 0.785573
872 0.752000 0.785535
873 0.772000 0.785519
874 0.762000 0.785493
875 0.774000 0.785479
876 0.778000 0.785471
877 0.752000 0.785433
878 0.740000 0.785381
879 0.740000 0.785330
880 0.754000 0.785294
881 0.740000 0.785243
882 0.744000 0.785196
883 0.740000 0.785145
884 0.744000 0.785098
885 0.732000 0.785038
886 0.750000 0.784999
887 0.752000 0.784962
888 0.734000 0.784904
889 0.734000 0.784847
890 0.750000 0.784808
891 0.776000 0.784798
892 0.764000 0.784775
893 0.758000 0.784745
894 0.766000 0.784724
895 0.760000 0.784696
896 0.784000 0.784696
897 0.752000 0.784659
898 0.758000 0.784630
899 0.758000 0.784600
900 0.760000 0.784573
901 0.760000 0.784545
902 0.774000 0.784534
903 0.782000 0.784531
904 0.788000 0.784535
905 0.788000 0.784539
906 0.774000 0.784527
907 0.766000 0.784507
908 0.778000 0.784499
909 0.768000 0.784481
910 0.768000 0.784463
911 0.798000 0.784478
912 0.776000 0.784469
913 0.788000 0.784473
914 0.774000 0.784461
915 0.776000 0.784452
916 0.792000 0.784460
917 0.788000 0.784464
918 0.782000 0.784461
919 0.802000 0.784480
920 0.810000 0.784508
921 0.810000 0.784536
922 0.798000 0.784550
923 0.786000 0.784552
924 0.784000 0.784551
925 0.768000 0.784533
926 0.766000 0.784513
927 0.746000 0.784472
928 0.744000 0.784428
929 0.756000 0.784398
930 0.770000 0.784382
931 0.780000 0.784378
932 0.774000 0.784367
933 0.766000 0.784347
934 0.744000 0.784304
935 0.764000 0.784282
936 0.770000 0.784267
937 0.790000 0.784273
938 0.800000 0.784290
939 0.790000 0.784296
940 0.792000 0.784304
941 0.776000 0.784295
942 0.758000 0.784267
943 0.764000 0.784246
944 0.780000 0.784241
945 0.764000 0.784220
946 0.762000 0.784196
947 0.768000 0.784179
948 0.780000 0.784175
949 0.764000 0.784154
950 0.782000 0.784151
951 0.758000 0.784124
952 0.774000 0.784113
953 0.766000 0.784094
954 0.762000 0.784071
955 0.762000 0.784048
956 0.764000 0.784027
957 0.764000 0.784006
958 0.750000 0.783971
959 0.736000 0.783921
960 0.740000 0.783875
961 0.750000 0.783840
962 0.760000 0.783815
963 0.744000 0.783774
964 0.732000 0.783720
965 0.740000 0.783675
966 0.760000 0.783650
967 0.742000 0.783607
968 0.712000 0.783534
969 0.722000 0.783470
970 0.754000 0.783440
971 0.730000 0.783385
972 0.754000 0.783355
973 0.766000 0.783337
974 0.750000 0.783303
975 0.768000 0.783287
976 0.760000 0.783263
977 0.754000 0.783233
978 0.772000 0.783222
979 0.776000 0.783214
980 0.746000 0.783176
981 0.780000 0.783173
982 0.760000 0.783150
983 0.772000 0.783138
984 0.738000 0.783092
985 0.770000 0.783079
986 0.760000 0.783056
987 0.752000 0.783024
988 0.758000 0.782999
989 0.782000 0.782998
990 0.760000 0.782975
991 0.754000 0.782946
992 0.748000 0.782910
993 0.740000 0.782867
994 0.740000 0.782824
995 0.768000 0.782809
996 0.740000 0.782766
997 0.754000 0.782737
998 0.752000 0.782707
999 0.740000 0.782664
