0 1.000000 1.000000
1 0.996000 0.998000
2 0.984000 0.993333
3 0.982000 0.990500
4 0.970000 0.986400
5 0.974000 0.984333
6 0.982000 0.984000
7 0.982000 0.983750
8 0.978000 0.983111
9 0.966000 0.981400
10 0.974000 0.980727
11 0.962000 0.979167
12 0.978000 0.979077
13 0.960000 0.977714
14 0.962000 0.976667
15 0.946000 0.974750
16 0.962000 0.974000
17 0.950000 0.972667
18 0.952000 0.971579
19 0.962000 0.971100
20 0.964000 0.970762
21 0.954000 0.970000
22 0.962000 0.969652
23 0.964000 0.969417
24 0.968000 0.969360
25 0.958000 0.968923
26 0.964000 0.968741
27 0.976000 0.969000
28 0.970000 0.969034
29 0.962000 0.968800
30 0.960000 0.968516
31 0.968000 0.968500
32 0.972000 0.968606
33 0.966000 0.968529
34 0.976000 0.968743
35 0.964000 0.968611
36 0.980000 0.968919
37 0.968000 0.968895
38 0.978000 0.969128
39 0.972000 0.969200
40 0.944000 0.968585
41 0.956000 0.968286
42 0.960000 0.968093
43 0.958000 0.967864
44 0.968000 0.967867
45 0.962000 0.967739
46 0.974000 0.967872
47 0.962000 0.967750
48 0.956000 0.967510
49 0.964000 0.967440
50 0.964000 0.967373
51 0.980000 0.967615
52 0.968000 0.967623
53 0.960000 0.967481
54 0.964000 0.967418
55 0.956000 0.967214
56 0.966000 0.967193
57 0.964000 0.967138
58 0.956000 0.966949
59 0.970000 0.967000
60 0.964000 0.966951
61 0.960000 0.966839
62 0.954000 0.966635
63 0.960000 0.966531
64 0.962000 0.966462
65 0.972000 0.966545
66 0.962000 0.966478
67 0.962000 0.966412
68 0.966000 0.966406
69 0.962000 0.966343
70 0.972000 0.966423
71 0.980000 0.966611
72 0.964000 0.966575
73 0.958000 0.966459
74 0.974000 0.966560
75 0.970000 0.966605
76 0.968000 0.966623
77 0.980000 0.966795
78 0.976000 0.966911
79 0.954000 0.966750
80 0.958000 0.966642
81 0.948000 0.966415
82 0.946000 0.966169
83 0.952000 0.966000
84 0.944000 0.965741
85 0.946000 0.965512
86 0.950000 0.965333
87 0.954000 0.965205
88 0.946000 0.964989
89 0.960000 0.964933
90 0.968000 0.964967
91 0.946000 0.964761
92 0.946000 0.964559
93 0.956000 0.964468
94 0.970000 0.964526
95 0.962000 0.964500
96 0.960000 0.964454
97 0.960000 0.964408
98 0.954000 0.964303
99 0.958000 0.964240
100 0.946000 0.964059
101 0.950000 0.963922
102 0.960000 0.963883
103 0.954000 0.963788
104 0.964000 0.963790
105 0.950000 0.963660
106 0.954000 0.963570
107 0.966000 0.963593
108 0.982000 0.963761
109 0.982000 0.963927
110 0.982000 0.964090
111 0.972000 0.964161
112 0.974000 0.964248
113 0.986000 0.964439
114 0.960000 0.964400
115 0.962000 0.964379
116 0.968000 0.964410
117 0.976000 0.964508
118 0.986000 0.964689
119 0.972000 0.964750
120 0.966000 0.964760
121 0.962000 0.964738
122 0.970000 0.964780
123 0.970000 0.964823
124 0.964000 0.964816
125 0.970000 0.964857
126 0.966000 0.964866
127 0.964000 0.964859
128 0.970000 0.964899
129 0.972000 0.964954
130 0.952000 0.964855
131 0.970000 0.964894
132 0.970000 0.964932
133 0.968000 0.964955
134 0.970000 0.964993
135 0.954000 0.964912
136 0.970000 0.964949
137 0.970000 0.964986
138 0.978000 0.965079
139 0.980000 0.965186
140 0.970000 0.965220
141 0.978000 0.965310
142 0.974000 0.965371
143 0.968000 0.965389
144 0.970000 0.965421
145 0.970000 0.965452
146 0.976000 0.965524
147 0.982000 0.965635
148 0.982000 0.965745
149 0.982000 0.965853
150 0.964000 0.965841
151 0.972000 0.965882
152 0.972000 0.965922
153 0.970000 0.965948
154 0.964000 0.965935
155 0.974000 0.965987
156 0.950000 0.965885
157 0.950000 0.965785
158 0.958000 0.965736
159 0.970000 0.965763
160 0.970000 0.965789
161 0.956000 0.965728
162 0.952000 0.965644
163 0.960000 0.965610
164 0.962000 0.965588
165 0.966000 0.965590
166 0.978000 0.965665
167 0.972000 0.965702
168 0.978000 0.965775
169 0.970000 0.965800
170 0.966000 0.965801
171 0.972000 0.965837
172 0.966000 0.965838
173 0.972000 0.965874
174 0.968000 0.965886
175 0.966000 0.965886
176 0.968000 0.965898
177 0.968000 0.965910
178 0.960000 0.965877
179 0.976000 0.965933
180 0.984000 0.966033
181 0.980000 0.966110
182 0.972000 0.966142
183 0.966000 0.966141
184 0.976000 0.966195
185 0.980000 0.966269
186 0.966000 0.966267
187 0.958000 0.966223
188 0.952000 0.966148
189 0.972000 0.966179
190 0.962000 0.966157
191 0.962000 0.966135
192 0.956000 0.966083
193 0.976000 0.966134
194 0.958000 0.966092
195 0.966000 0.966092
196 0.976000 0.966142
197 0.970000 0.966162
198 0.962000 0.966141
199 0.964000 0.966130
200 0.968000 0.966139
201 0.964000 0.966129
202 0.964000 0.966118
203 0.970000 0.966137
204 0.974000 0.966176
205 0.966000 0.966175
206 0.962000 0.966155
207 0.980000 0.966221
208 0.974000 0.966258
209 0.984000 0.966343
210 0.970000 0.966360
211 0.964000 0.966349
212 0.978000 0.966404
213 0.966000 0.966402
214 0.962000 0.966381
215 0.974000 0.966417
216 0.976000 0.966461
217 0.976000 0.966505
218 0.970000 0.966521
219 0.972000 0.966545
220 0.968000 0.966552
221 0.970000 0.966568
222 0.966000 0.966565
223 0.960000 0.966536
224 0.974000 0.966569
225 0.968000 0.966575
226 0.968000 0.966581
227 0.968000 0.966588
228 0.956000 0.966541
229 0.964000 0.966530
230 0.966000 0.966528
231 0.970000 0.966543
232 0.966000 0.966541
233 0.968000 0.966547
234 0.956000 0.966502
235 0.968000 0.966508
236 0.970000 0.966523
237 0.966000 0.966521
238 0.964000 0.966510
239 0.962000 0.966492
240 0.962000 0.966473
241 0.974000 0.966504
242 0.970000 0.966519
243 0.980000 0.966574
244 0.966000 0.966571
245 0.954000 0.966520
246 0.956000 0.966478
247 0.962000 0.966460
248 0.960000 0.966434
249 0.962000 0.966416
250 0.966000 0.966414
251 0.958000 0.966381
252 0.970000 0.966395
253 0.966000 0.966394
254 0.962000 0.966376
255 0.962000 0.966359
256 0.966000 0.966358
257 0.950000 0.966295
258 0.974000 0.966324
259 0.972000 0.966346
260 0.974000 0.966375
261 0.978000 0.966420
262 0.978000 0.966464
263 0.964000 0.966455
264 0.968000 0.966460
265 0.974000 0.966489
266 0.978000 0.966532
267 0.986000 0.966604
268 0.974000 0.966632
269 0.970000 0.966644
270 0.966000 0.966642
271 0.970000 0.966654
272 0.980000 0.966703
273 0.978000 0.966745
274 0.968000 0.966749
275 0.964000 0.966739
276 0.968000 0.966744
277 0.968000 0.966748
278 0.972000 0.966767
279 0.960000 0.966743
280 0.976000 0.966776
281 0.966000 0.966773
282 0.964000 0.966763
283 0.962000 0.966746
284 0.958000 0.966716
285 0.954000 0.966671
286 0.970000 0.966683
287 0.954000 0.966639
288 0.960000 0.966616
289 0.974000 0.966641
290 0.956000 0.966605
291 0.964000 0.966596
292 0.962000 0.966580
293 0.960000 0.966558
294 0.962000 0.966542
295 0.964000 0.966534
296 0.960000 0.966512
297 0.976000 0.966544
298 0.968000 0.966548
299 0.966000 0.966547
300 0.958000 0.966518
301 0.962000 0.966503
302 0.944000 0.966429
303 0.952000 0.966382
304 0.958000 0.966354
305 0.964000 0.966346
306 0.956000 0.966313
307 0.964000 0.966305
308 0.974000 0.966330
309 0.976000 0.966361
310 0.970000 0.966373
311 0.958000 0.966346
312 0.968000 0.966351
313 0.972000 0.966369
314 0.970000 0.966381
315 0.966000 0.966380
316 0.968000 0.966385
317 0.948000 0.966327
318 0.962000 0.966313
319 0.958000 0.966288
320 0.966000 0.966287
321 0.962000 0.966273
322 0.964000 0.966266
323 0.966000 0.966265
324 0.960000 0.966246
325 0.956000 0.966215
326 0.966000 0.966214
327 0.958000 0.966189
328 0.952000 0.966146
329 0.954000 0.966109
330 0.960000 0.966091
331 0.970000 0.966102
332 0.962000 0.966090
333 0.970000 0.966102
334 0.968000 0.966107
335 0.970000 0.966119
336 0.964000 0.966113
337 0.966000 0.966112
338 0.968000 0.966118
339 0.970000 0.966129
340 0.964000 0.966123
341 0.956000 0.966094
342 0.966000 0.966093
343 0.968000 0.966099
344 0.966000 0.966099
345 0.962000 0.966087
346 0.960000 0.966069
347 0.974000 0.966092
348 0.964000 0.966086
349 0.962000 0.966074
350 0.960000 0.966057
351 0.972000 0.966074
352 0.976000 0.966102
353 0.970000 0.966113
354 0.980000 0.966152
355 0.964000 0.966146
356 0.964000 0.966140
357 0.964000 0.966134
358 0.964000 0.966128
359 0.966000 0.966128
360 0.958000 0.966105
361 0.958000 0.966083
362 0.954000 0.966050
363 0.972000 0.966066
364 0.978000 0.966099
365 0.972000 0.966115
366 0.954000 0.966082
367 0.962000 0.966071
368 0.976000 0.966098
369 0.976000 0.966124
370 0.968000 0.966129
371 0.966000 0.966129
372 0.962000 0.966118
373 0.966000 0.966118
374 0.984000 0.966165
375 0.974000 0.966186
376 0.970000 0.966196
377 0.966000 0.966196
378 0.968000 0.966201
379 0.980000 0.966237
380 0.974000 0.966257
381 0.974000 0.966277
382 0.958000 0.966256
383 0.966000 0.966255
384 0.970000 0.966265
385 0.974000 0.966285
386 0.972000 0.966300
387 0.966000 0.966299
388 0.962000 0.966288
389 0.954000 0.966256
390 0.970000 0.966266
391 0.968000 0.966270
392 0.972000 0.966285
393 0.974000 0.966305
394 0.974000 0.966324
395 0.958000 0.966303
396 0.962000 0.966292
397 0.964000 0.966286
398 0.954000 0.966256
399 0.962000 0.966245
400 0.978000 0.966274
401 0.964000 0.966269
402 0.974000 0.966288
403 0.968000 0.966292
404 0.970000 0.966301
405 0.956000 0.966276
406 0.972000 0.966290
407 0.962000 0.966279
408 0.962000 0.966269
409 0.964000 0.966263
410 0.966000 0.966263
411 0.948000 0.966218
412 0.938000 0.966150
413 0.952000 0.966116
414 0.964000 0.966111
415 0.960000 0.966096
416 0.966000 0.966096
417 0.974000 0.966115
418 0.970000 0.966124
419 0.966000 0.966124
420 0.974000 0.966143
421 0.962000 0.966133
422 0.962000 0.966123
423 0.960000 0.966108
424 0.978000 0.966136
425 0.962000 0.966127
426 0.964000 0.966122
427 0.952000 0.966089
428 0.962000 0.966079
429 0.968000 0.966084
430 0.964000 0.966079
431 0.976000 0.966102
432 0.972000 0.966115
433 0.978000 0.966143
434 0.972000 0.966156
435 0.974000 0.966174
436 0.960000 0.966160
437 0.962000 0.966151
438 0.962000 0.966141
439 0.960000 0.966127
440 0.954000 0.966100
441 0.972000 0.966113
442 0.980000 0.966144
443 0.962000 0.966135
444 0.960000 0.966121
445 0.952000 0.966090
446 0.968000 0.966094
447 0.962000 0.966085
448 0.968000 0.966089
449 0.960000 0.966076
450 0.976000 0.966098
451 0.976000 0.966119
452 0.962000 0.966110
453 0.974000 0.966128
454 0.980000 0.966158
455 0.976000 0.966180
456 0.990000 0.966232
457 0.972000 0.966245
458 0.976000 0.966266
459 0.974000 0.966283
460 0.970000 0.966291
461 0.968000 0.966294
462 0.970000 0.966302
463 0.968000 0.966306
464 0.960000 0.966292
465 0.962000 0.966283
466 0.968000 0.966287
467 0.976000 0.966308
468 0.962000 0.966299
469 0.956000 0.966277
470 0.962000 0.966268
471 0.970000 0.966275
472 0.964000 0.966271
473 0.962000 0.966262
474 0.958000 0.966244
475 0.964000 0.966239
476 0.968000 0.966243
477 0.954000 0.966218
478 0.964000 0.966213
479 0.964000 0.966208
480 0.972000 0.966220
481 0.968000 0.966224
482 0.976000 0.966244
483 0.972000 0.966256
484 0.958000 0.966239
485 0.960000 0.966226
486 0.952000 0.966197
487 0.968000 0.966201
488 0.960000 0.966188
489 0.962000 0.966180
490 0.978000 0.966204
491 0.986000 0.966244
492 0.988000 0.966288
493 0.984000 0.966324
494 0.988000 0.966368
495 0.968000 0.966371
496 0.970000 0.966378
497 0.972000 0.966390
498 0.962000 0.966381
499 0.962000 0.966372
500 0.960000 0.966359
501 0.966000 0.966359
502 0.970000 0.966366
503 0.972000 0.966377
504 0.982000 0.966408
505 0.964000 0.966403
506 0.964000 0.966398
507 0.966000 0.966398
508 0.966000 0.966397
509 0.968000 0.966400
510 0.972000 0.966411
511 0.966000 0.966410
512 0.958000 0.966394
513 0.970000 0.966401
514 0.958000 0.966384
515 0.968000 0.966388
516 0.966000 0.966387
517 0.972000 0.966398
518 0.968000 0.966401
519 0.970000 0.966408
520 0.968000 0.966411
521 0.970000 0.966418
522 0.962000 0.966409
523 0.960000 0.966397
524 0.972000 0.966408
525 0.958000 0.966392
526 0.976000 0.966410
527 0.980000 0.966436
528 0.982000 0.966465
529 0.966000 0.966464
530 0.960000 0.966452
531 0.956000 0.966432
532 0.966000 0.966432
533 0.970000 0.966438
534 0.962000 0.966430
535 0.974000 0.966444
536 0.956000 0.966425
537 0.970000 0.966431
538 0.964000 0.966427
539 0.972000 0.966437
540 0.962000 0.966429
541 0.952000 0.966402
542 0.952000 0.966376
543 0.954000 0.966353
544 0.960000 0.966341
545 0.962000 0.966333
546 0.976000 0.966351
547 0.974000 0.966365
548 0.976000 0.966383
549 0.968000 0.966385
550 0.962000 0.966377
551 0.956000 0.966359
552 0.966000 0.966358
553 0.956000 0.966339
554 0.958000 0.966324
555 0.966000 0.966324
556 0.954000 0.966302
557 0.976000 0.966319
558 0.968000 0.966322
559 0.960000 0.966311
560 0.966000 0.966310
561 0.968000 0.966313
562 0.976000 0.966330
563 0.968000 0.966333
564 0.964000 0.966329
565 0.966000 0.966329
566 0.968000 0.966332
567 0.948000 0.966299
568 0.954000 0.966278
569 0.970000 0.966284
570 0.970000 0.966291
571 0.962000 0.966283
572 0.948000 0.966251
573 0.956000 0.966233
574 0.962000 0.966226
575 0.960000 0.966215
576 0.960000 0.966205
577 0.964000 0.966201
578 0.954000 0.966180
579 0.966000 0.966179
580 0.952000 0.966155
581 0.974000 0.966168
582 0.964000 0.966165
583 0.962000 0.966158
584 0.974000 0.966171
585 0.970000 0.966177
586 0.970000 0.966184
587 0.968000 0.966187
588 0.960000 0.966177
589 0.972000 0.966186
590 0.964000 0.966183
591 0.980000 0.966206
592 0.968000 0.966209
593 0.966000 0.966209
594 0.972000 0.966218
595 0.966000 0.966218
596 0.966000 0.966218
597 0.976000 0.966234
598 0.974000 0.966247
599 0.976000 0.966263
600 0.960000 0.966253
601 0.962000 0.966246
602 0.956000 0.966229
603 0.956000 0.966212
604 0.970000 0.966218
605 0.960000 0.966208
606 0.956000 0.966191
607 0.976000 0.966207
608 0.968000 0.966210
609 0.972000 0.966220
610 0.964000 0.966216
611 0.954000 0.966196
612 0.972000 0.966206
613 0.966000 0.966205
614 0.960000 0.966195
615 0.954000 0.966175
616 0.966000 0.966175
617 0.954000 0.966155
618 0.954000 0.966136
619 0.960000 0.966126
620 0.958000 0.966113
621 0.958000 0.966100
622 0.956000 0.966083
623 0.960000 0.966074
624 0.960000 0.966064
625 0.954000 0.966045
626 0.964000 0.966041
627 0.968000 0.966045
628 0.964000 0.966041
629 0.958000 0.966029
630 0.966000 0.966029
631 0.956000 0.966013
632 0.962000 0.966006
633 0.950000 0.965981
634 0.962000 0.965975
635 0.958000 0.965962
636 0.970000 0.965969
637 0.956000 0.965953
638 0.950000 0.965928
639 0.954000 0.965909
640 0.960000 0.965900
641 0.952000 0.965879
642 0.946000 0.965848
643 0.952000 0.965826
644 0.956000 0.965811
645 0.968000 0.965814
646 0.978000 0.965833
647 0.966000 0.965833
648 0.966000 0.965834
649 0.964000 0.965831
650 0.968000 0.965834
651 0.972000 0.965844
652 0.972000 0.965853
653 0.974000 0.965865
654 0.968000 0.965869
655 0.964000 0.965866
656 0.956000 0.965851
657 0.956000 0.965836
658 0.964000 0.965833
659 0.964000 0.965830
660 0.970000 0.965837
661 0.972000 0.965846
662 0.972000 0.965855
663 0.966000 0.965855
664 0.968000 0.965859
665 0.956000 0.965844
666 0.964000 0.965841
667 0.968000 0.965844
668 0.964000 0.965842
669 0.972000 0.965851
670 0.968000 0.965854
671 0.960000 0.965845
672 0.960000 0.965837
673 0.962000 0.965831
674 0.972000 0.965840
675 0.974000 0.965852
676 0.960000 0.965843
677 0.958000 0.965832
678 0.962000 0.965826
679 0.966000 0.965826
680 0.960000 0.965818
681 0.976000 0.965833
682 0.972000 0.965842
683 0.968000 0.965845
684 0.968000 0.965848
685 0.974000 0.965860
686 0.978000 0.965878
687 0.966000 0.965878
688 0.974000 0.965890
689 0.960000 0.965881
690 0.960000 0.965873
691 0.966000 0.965873
692 0.948000 0.965847
693 0.962000 0.965841
694 0.966000 0.965842
695 0.968000 0.965845
696 0.954000 0.965828
697 0.954000 0.965811
698 0.956000 0.965797
699 0.952000 0.965777
700 0.956000 0.965763
701 0.958000 0.965752
702 0.956000 0.965738
703 0.958000 0.965727
704 0.966000 0.965728
705 0.970000 0.965734
706 0.964000 0.965731
707 0.958000 0.965720
708 0.960000 0.965712
709 0.942000 0.965679
710 0.964000 0.965677
711 0.962000 0.965671
712 0.958000 0.965661
713 0.960000 0.965653
714 0.960000 0.965645
715 0.964000 0.965642
716 0.974000 0.965654
717 0.970000 0.965660
718 0.974000 0.965672
719 0.968000 0.965675
720 0.956000 0.965662
721 0.972000 0.965670
722 0.974000 0.965682
723 0.962000 0.965677
724 0.966000 0.965677
725 0.966000 0.965678
726 0.964000 0.965675
727 0.972000 0.965684
728 0.964000 0.965682
729 0.970000 0.965688
730 0.974000 0.965699
731 0.968000 0.965702
732 0.974000 0.965714
733 0.946000 0.965687
734 0.960000 0.965679
735 0.956000 0.965666
736 0.974000 0.965677
737 0.956000 0.965664
738 0.960000 0.965656
739 0.964000 0.965654
740 0.966000 0.965655
741 0.968000 0.965658
742 0.962000 0.965653
743 0.962000 0.965648
744 0.972000 0.965656
745 0.968000 0.965660
746 0.958000 0.965649
747 0.974000 0.965660
748 0.970000 0.965666
749 0.970000 0.965672
750 0.960000 0.965664
751 0.972000 0.965673
752 0.966000 0.965673
753 0.960000 0.965666
754 0.968000 0.965669
755 0.958000 0.965659
756 0.958000 0.965649
757 0.978000 0.965665
758 0.972000 0.965673
759 0.966000 0.965674
760 0.978000 0.965690
761 0.974000 0.965701
762 0.960000 0.965693
763 0.968000 0.965696
764 0.976000 0.965710
765 0.964000 0.965708
766 0.964000 0.965705
767 0.960000 0.965698
768 0.960000 0.965691
769 0.974000 0.965701
770 0.962000 0.965696
771 0.950000 0.965676
772 0.958000 0.965666
773 0.962000 0.965661
774 0.968000 0.965665
775 0.958000 0.965655
776 0.948000 0.965632
777 0.952000 0.965614
778 0.960000 0.965607
779 0.962000 0.965603
780 0.978000 0.965618
781 0.986000 0.965645
782 0.982000 0.965665
783 0.958000 0.965656
784 0.968000 0.965659
785 0.974000 0.965669
786 0.984000 0.965693
787 0.974000 0.965703
788 0.978000 0.965719
789 0.968000 0.965722
790 0.964000 0.965719
791 0.954000 0.965705
792 0.962000 0.965700
793 0.956000 0.965688
794 0.970000 0.965693
795 0.974000 0.965704
796 0.970000 0.965709
797 0.958000 0.965699
798 0.976000 0.965712
799 0.968000 0.965715
800 0.970000 0.965720
801 0.948000 0.965698
802 0.954000 0.965684
803 0.948000 0.965662
804 0.956000 0.965650
805 0.962000 0.965645
806 0.972000 0.965653
807 0.972000 0.965661
808 0.954000 0.965646
809 0.956000 0.965635
810 0.976000 0.965647
811 0.970000 0.965653
812 0.980000 0.965670
813 0.980000 0.965688
814 0.966000 0.965688
815 0.970000 0.965694
816 0.972000 0.965701
817 0.968000 0.965704
818 0.970000 0.965709
819 0.962000 0.965705
820 0.968000 0.965708
821 0.962000 0.965703
822 0.966000 0.965704
823 0.970000 0.965709
824 0.966000 0.965709
825 0.966000 0.965709
826 0.952000 0.965693
827 0.968000 0.965696
828 0.966000 0.965696
829 0.958000 0.965687
830 0.972000 0.965694
831 0.960000 0.965688
832 0.968000 0.965690
833 0.968000 0.965693
834 0.970000 0.965698
835 0.972000 0.965706
836 0.962000 0.965701
837 0.960000 0.965695
838 0.954000 0.965681
839 0.966000 0.965681
840 0.946000 0.965658
841 0.960000 0.965651
842 0.962000 0.965647
843 0.962000 0.965642
844 0.970000 0.965647
845 0.972000 0.965655
846 0.976000 0.965667
847 0.974000 0.965677
848 0.950000 0.965658
849 0.948000 0.965638
850 0.958000 0.965629
851 0.964000 0.965627
852 0.970000 0.965632
853 0.976000 0.965644
854 0.970000 0.965649
855 0.972000 0.965657
856 0.968000 0.965659
857 0.970000 0.965664
858 0.958000 0.965655
859 0.972000 0.965663
860 0.978000 0.965677
861 0.956000 0.965666
862 0.964000 0.965664
863 0.954000 0.965650
864 0.964000 0.965649
865 0.966000 0.965649
866 0.964000 0.965647
867 0.988000 0.965673
868 0.988000 0.965699
869 0.980000 0.965715
870 0.982000 0.965734
871 0.976000 0.965745
872 0.968000 0.965748
873 0.976000 0.965760
874 0.972000 0.965767
875 0.978000 0.965781
876 0.982000 0.965799
877 0.974000 0.965809
878 0.970000 0.965813
879 0.980000 0.965830
880 0.976000 0.965841
881 0.962000 0.965837
882 0.946000 0.965814
883 0.956000 0.965803
884 0.962000 0.965799
885 0.946000 0.965777
886 0.960000 0.965770
887 0.970000 0.965775
888 0.960000 0.965768
889 0.964000 0.965766
890 0.958000 0.965758
891 0.950000 0.965740
892 0.960000 0.965733
893 0.968000 0.965736
894 0.970000 0.965741
895 0.970000 0.965746
896 0.970000 0.965750
897 0.962000 0.965746
898 0.958000 0.965737
899 0.948000 0.965718
900 0.952000 0.965703
901 0.966000 0.965703
902 0.956000 0.965692
903 0.970000 0.965697
904 0.962000 0.965693
905 0.972000 0.965700
906 0.964000 0.965698
907 0.968000 0.965700
908 0.976000 0.965712
909 0.968000 0.965714
910 0.960000 0.965708
911 0.972000 0.965715
912 0.966000 0.965715
913 0.976000 0.965726
914 0.948000 0.965707
915 0.956000 0.965697
916 0.976000 0.965708
917 0.976000 0.965719
918 0.964000 0.965717
919 0.966000 0.965717
920 0.972000 0.965724
921 0.966000 0.965725
922 0.974000 0.965733
923 0.976000 0.965745
924 0.964000 0.965743
925 0.968000 0.965745
926 0.968000 0.965748
927 0.960000 0.965741
928 0.956000 0.965731
929 0.972000 0.965738
930 0.972000 0.965744
931 0.976000 0.965755
932 0.968000 0.965758
933 0.958000 0.965749
934 0.970000 0.965754
935 0.968000 0.965756
936 0.970000 0.965761
937 0.974000 0.965770
938 0.976000 0.965781
939 0.960000 0.965774
940 0.970000 0.965779
941 0.966000 0.965779
942 0.962000 0.965775
943 0.958000 0.965767
944 0.976000 0.965778
945 0.966000 0.965778
946 0.964000 0.965776
947 0.954000 0.965764
948 0.954000 0.965751
949 0.956000 0.965741
950 0.960000 0.965735
951 0.960000 0.965729
952 0.964000 0.965727
953 0.966000 0.965727
954 0.972000 0.965734
955 0.970000 0.965738
956 0.964000 0.965737
957 0.960000 0.965731
958 0.958000 0.965723
959 0.960000 0.965717
960 0.954000 0.965704
961 0.958000 0.965696
962 0.962000 0.965693
963 0.960000 0.965687
964 0.958000 0.965679
965 0.970000 0.965683
966 0.970000 0.965688
967 0.964000 0.965686
968 0.964000 0.965684
969 0.962000 0.965680
970 0.974000 0.965689
971 0.958000 0.965681
972 0.960000 0.965675
973 0.964000 0.965674
974 0.956000 0.965664
975 0.956000 0.965654
976 0.956000 0.965644
977 0.958000 0.965636
978 0.964000 0.965634
979 0.968000 0.965637
980 0.964000 0.965635
981 0.966000 0.965635
982 0.952000 0.965622
983 0.966000 0.965622
984 0.962000 0.965618
985 0.970000 0.965623
986 0.960000 0.965617
987 0.964000 0.965615
988 0.960000 0.965610
989 0.966000 0.965610
990 0.964000 0.965608
991 0.968000 0.965611
992 0.958000 0.965603
993 0.962000 0.965600
994 0.962000 0.965596
995 0.966000 0.965596
996 0.954000 0.965585
997 0.962000 0.965581
998 0.966000 0.965582
999 0.968000 0.965584
