0 1.000000 1.000000
1 0.984000 0.992000
2 0.970000 0.984667
3 0.958000 0.978000
4 0.936000 0.969600
5 0.952000 0.966667
6 0.954000 0.964857
7 0.956000 0.963750
8 0.958000 0.963111
9 0.932000 0.960000
10 0.946000 0.958727
11 0.942000 0.957333
12 0.952000 0.956923
13 0.942000 0.955857
14 0.938000 0.954667
15 0.922000 0.952625
16 0.930000 0.951294
17 0.930000 0.950111
18 0.928000 0.948947
19 0.932000 0.948100
20 0.930000 0.947238
21 0.920000 0.946000
22 0.930000 0.945304
23 0.934000 0.944833
24 0.942000 0.944720
25 0.934000 0.944308
26 0.930000 0.943778
27 0.930000 0.943286
28 0.946000 0.943379
29 0.934000 0.943067
30 0.912000 0.942065
31 0.908000 0.941000
32 0.916000 0.940242
33 0.920000 0.939647
34 0.936000 0.939543
35 0.908000 0.938667
36 0.924000 0.938270
37 0.916000 0.937684
38 0.922000 0.937282
39 0.930000 0.937100
40 0.900000 0.936195
41 0.914000 0.935667
42 0.916000 0.935209
43 0.920000 0.934864
44 0.936000 0.934889
45 0.922000 0.934609
46 0.932000 0.934553
47 0.920000 0.934250
48 0.920000 0.933959
49 0.936000 0.934000
50 0.920000 0.933725
51 0.932000 0.933692
52 0.938000 0.933774
53 0.922000 0.933556
54 0.924000 0.933382
55 0.928000 0.933286
56 0.932000 0.933263
57 0.940000 0.933379
58 0.914000 0.933051
59 0.924000 0.932900
60 0.918000 0.932656
61 0.916000 0.932387
62 0.906000 0.931968
63 0.922000 0.931813
64 0.936000 0.931877
65 0.930000 0.931848
66 0.928000 0.931791
67 0.934000 0.931824
68 0.946000 0.932029
69 0.926000 0.931943
70 0.938000 0.932028
71 0.940000 0.932139
72 0.918000 0.931945
73 0.920000 0.931784
74 0.942000 0.931920
75 0.940000 0.932026
76 0.930000 0.932000
77 0.938000 0.932077
78 0.934000 0.932101
79 0.918000 0.931925
80 0.930000 0.931901
81 0.918000 0.931732
82 0.922000 0.931614
83 0.922000 0.931500
84 0.926000 0.931435
85 0.910000 0.931186
86 0.910000 0.930943
87 0.922000 0.930841
88 0.912000 0.930629
89 0.922000 0.930533
90 0.938000 0.930615
91 0.916000 0.930457
92 0.916000 0.930301
93 0.918000 0.930170
94 0.944000 0.930316
95 0.928000 0.930292
96 0.912000 0.930103
97 0.912000 0.929918
98 0.916000 0.929778
99 0.924000 0.929720
100 0.912000 0.929545
101 0.918000 0.929431
102 0.922000 0.929359
103 0.924000 0.929308
104 0.930000 0.929314
105 0.908000 0.929113
106 0.926000 0.929084
107 0.948000 0.929259
108 0.954000 0.929486
109 0.938000 0.929564
110 0.944000 0.929694
111 0.940000 0.929786
112 0.950000 0.929965
113 0.964000 0.930263
114 0.936000 0.930313
115 0.932000 0.930328
116 0.934000 0.930359
117 0.932000 0.930373
118 0.944000 0.930487
119 0.932000 0.930500
120 0.930000 0.930496
121 0.924000 0.930443
122 0.922000 0.930374
123 0.930000 0.930371
124 0.926000 0.930336
125 0.936000 0.930381
126 0.928000 0.930362
127 0.926000 0.930328
128 0.930000 0.930326
129 0.940000 0.930400
130 0.916000 0.930290
131 0.932000 0.930303
132 0.912000 0.930165
133 0.914000 0.930045
134 0.930000 0.930044
135 0.930000 0.930044
136 0.948000 0.930175
137 0.934000 0.930203
138 0.942000 0.930288
139 0.950000 0.930429
140 0.928000 0.930411
141 0.928000 0.930394
142 0.928000 0.930378
143 0.926000 0.930347
144 0.930000 0.930345
145 0.920000 0.930274
146 0.938000 0.930327
147 0.940000 0.930392
148 0.946000 0.930497
149 0.952000 0.930640
150 0.920000 0.930570
151 0.934000 0.930592
152 0.928000 0.930575
153 0.944000 0.930662
154 0.922000 0.930606
155 0.940000 0.930667
156 0.908000 0.930522
157 0.906000 0.930367
158 0.908000 0.930226
159 0.910000 0.930100
160 0.922000 0.930050
161 0.924000 0.930012
162 0.920000 0.929951
163 0.928000 0.929939
164 0.916000 0.929855
165 0.920000 0.929795
166 0.938000 0.929844
167 0.924000 0.929810
168 0.940000 0.929870
169 0.928000 0.929859
170 0.922000 0.929813
171 0.920000 0.929756
172 0.916000 0.929676
173 0.934000 0.929701
174 0.938000 0.929749
175 0.936000 0.929784
176 0.932000 0.929797
177 0.922000 0.929753
178 0.918000 0.929687
179 0.940000 0.929744
180 0.948000 0.929845
181 0.946000 0.929934
182 0.946000 0.930022
183 0.930000 0.930022
184 0.946000 0.930108
185 0.938000 0.930151
186 0.940000 0.930203
187 0.928000 0.930191
188 0.912000 0.930095
189 0.934000 0.930116
190 0.918000 0.930052
191 0.932000 0.930063
192 0.926000 0.930041
193 0.956000 0.930175
194 0.924000 0.930144
195 0.932000 0.930153
196 0.948000 0.930244
197 0.948000 0.930333
198 0.930000 0.930332
199 0.926000 0.930310
200 0.938000 0.930348
201 0.932000 0.930356
202 0.938000 0.930394
203 0.946000 0.930471
204 0.940000 0.930517
205 0.944000 0.930583
206 0.932000 0.930589
207 0.938000 0.930625
208 0.938000 0.930660
209 0.950000 0.930752
210 0.918000 0.930692
211 0.924000 0.930660
212 0.940000 0.930704
213 0.938000 0.930738
214 0.928000 0.930726
215 0.948000 0.930806
216 0.944000 0.930866
217 0.950000 0.930954
218 0.940000 0.930995
219 0.936000 0.931018
220 0.926000 0.930995
221 0.922000 0.930955
222 0.928000 0.930942
223 0.930000 0.930937
224 0.936000 0.930960
225 0.930000 0.930956
226 0.928000 0.930943
227 0.928000 0.930930
228 0.922000 0.930891
229 0.930000 0.930887
230 0.924000 0.930857
231 0.930000 0.930853
232 0.936000 0.930876
233 0.930000 0.930872
234 0.914000 0.930800
235 0.926000 0.930780
236 0.932000 0.930785
237 0.922000 0.930748
238 0.920000 0.930703
239 0.926000 0.930683
240 0.920000 0.930639
241 0.926000 0.930620
242 0.936000 0.930642
243 0.946000 0.930705
244 0.908000 0.930612
245 0.920000 0.930569
246 0.918000 0.930518
247 0.934000 0.930532
248 0.926000 0.930514
249 0.908000 0.930424
250 0.920000 0.930382
251 0.910000 0.930302
252 0.934000 0.930316
253 0.924000 0.930291
254 0.924000 0.930267
255 0.938000 0.930297
256 0.922000 0.930265
257 0.902000 0.930155
258 0.936000 0.930178
259 0.930000 0.930177
260 0.934000 0.930192
261 0.938000 0.930221
262 0.934000 0.930236
263 0.918000 0.930189
264 0.912000 0.930121
265 0.928000 0.930113
266 0.942000 0.930157
267 0.952000 0.930239
268 0.936000 0.930260
269 0.924000 0.930237
270 0.924000 0.930214
271 0.922000 0.930184
272 0.950000 0.930256
273 0.950000 0.930328
274 0.940000 0.930364
275 0.938000 0.930391
276 0.934000 0.930404
277 0.930000 0.930403
278 0.936000 0.930423
279 0.922000 0.930393
280 0.940000 0.930427
281 0.930000 0.930426
282 0.928000 0.930417
283 0.922000 0.930387
284 0.922000 0.930358
285 0.918000 0.930315
286 0.940000 0.930348
287 0.920000 0.930312
288 0.922000 0.930284
289 0.918000 0.930241
290 0.922000 0.930213
291 0.918000 0.930171
292 0.920000 0.930137
293 0.940000 0.930170
294 0.944000 0.930217
295 0.944000 0.930264
296 0.932000 0.930269
297 0.942000 0.930309
298 0.944000 0.930355
299 0.938000 0.930380
300 0.932000 0.930385
301 0.936000 0.930404
302 0.926000 0.930389
303 0.936000 0.930408
304 0.934000 0.930420
305 0.940000 0.930451
306 0.932000 0.930456
307 0.934000 0.930468
308 0.948000 0.930524
309 0.950000 0.930587
310 0.928000 0.930579
311 0.920000 0.930545
312 0.934000 0.930556
313 0.922000 0.930529
314 0.922000 0.930502
315 0.924000 0.930481
316 0.934000 0.930492
317 0.928000 0.930484
318 0.924000 0.930464
319 0.926000 0.930450
320 0.946000 0.930498
321 0.930000 0.930497
322 0.934000 0.930508
323 0.940000 0.930537
324 0.924000 0.930517
325 0.928000 0.930509
326 0.930000 0.930508
327 0.912000 0.930451
328 0.906000 0.930377
329 0.900000 0.930285
330 0.926000 0.930272
331 0.946000 0.930319
332 0.930000 0.930318
333 0.936000 0.930335
334 0.934000 0.930346
335 0.928000 0.930339
336 0.916000 0.930297
337 0.932000 0.930302
338 0.938000 0.930324
339 0.934000 0.930335
340 0.930000 0.930334
341 0.924000 0.930316
342 0.924000 0.930297
343 0.938000 0.930320
344 0.926000 0.930307
345 0.926000 0.930295
346 0.934000 0.930305
347 0.928000 0.930299
348 0.930000 0.930298
349 0.930000 0.930297
350 0.934000 0.930308
351 0.942000 0.930341
352 0.946000 0.930385
353 0.938000 0.930407
354 0.942000 0.930439
355 0.922000 0.930416
356 0.918000 0.930381
357 0.930000 0.930380
358 0.944000 0.930418
359 0.942000 0.930450
360 0.930000 0.930449
361 0.944000 0.930486
362 0.936000 0.930501
363 0.940000 0.930527
364 0.944000 0.930564
365 0.930000 0.930563
366 0.910000 0.930507
367 0.924000 0.930489
368 0.932000 0.930493
369 0.938000 0.930514
370 0.940000 0.930539
371 0.944000 0.930575
372 0.928000 0.930568
373 0.926000 0.930556
374 0.942000 0.930587
375 0.938000 0.930606
376 0.930000 0.930605
377 0.920000 0.930577
378 0.920000 0.930549
379 0.930000 0.930547
380 0.924000 0.930530
381 0.946000 0.930571
382 0.946000 0.930611
383 0.942000 0.930641
384 0.924000 0.930623
385 0.918000 0.930591
386 0.936000 0.930605
387 0.928000 0.930598
388 0.922000 0.930576
389 0.912000 0.930528
390 0.930000 0.930527
391 0.928000 0.930520
392 0.938000 0.930539
393 0.942000 0.930569
394 0.934000 0.930577
395 0.910000 0.930525
396 0.934000 0.930534
397 0.936000 0.930548
398 0.918000 0.930516
399 0.926000 0.930505
400 0.932000 0.930509
401 0.940000 0.930532
402 0.936000 0.930546
403 0.942000 0.930574
404 0.938000 0.930593
405 0.918000 0.930562
406 0.928000 0.930555
407 0.938000 0.930574
408 0.924000 0.930557
409 0.922000 0.930537
410 0.926000 0.930526
411 0.908000 0.930471
412 0.892000 0.930378
413 0.908000 0.930324
414 0.922000 0.930304
415 0.922000 0.930284
416 0.924000 0.930269
417 0.932000 0.930273
418 0.930000 0.930272
419 0.922000 0.930252
420 0.932000 0.930257
421 0.928000 0.930251
422 0.928000 0.930246
423 0.926000 0.930236
424 0.934000 0.930245
425 0.902000 0.930178
426 0.922000 0.930159
427 0.910000 0.930112
428 0.924000 0.930098
429 0.912000 0.930056
430 0.912000 0.930014
431 0.922000 0.929995
432 0.922000 0.929977
433 0.932000 0.929982
434 0.914000 0.929945
435 0.934000 0.929954
436 0.914000 0.929918
437 0.908000 0.929868
438 0.908000 0.929818
439 0.898000 0.929745
440 0.896000 0.929669
441 0.924000 0.929656
442 0.940000 0.929679
443 0.920000 0.929658
444 0.926000 0.929649
445 0.916000 0.929619
446 0.936000 0.929633
447 0.926000 0.929625
448 0.922000 0.929608
449 0.924000 0.929596
450 0.938000 0.929614
451 0.942000 0.929642
452 0.930000 0.929642
453 0.942000 0.929670
454 0.944000 0.929701
455 0.936000 0.929715
456 0.952000 0.929764
457 0.938000 0.929782
458 0.942000 0.929808
459 0.952000 0.929857
460 0.946000 0.929892
461 0.932000 0.929896
462 0.926000 0.929888
463 0.938000 0.929905
464 0.924000 0.929892
465 0.922000 0.929876
466 0.924000 0.929863
467 0.944000 0.929893
468 0.922000 0.929876
469 0.904000 0.929821
470 0.914000 0.929788
471 0.936000 0.929801
472 0.926000 0.929793
473 0.928000 0.929789
474 0.930000 0.929789
475 0.940000 0.929811
476 0.942000 0.929836
477 0.930000 0.929837
478 0.918000 0.929812
479 0.922000 0.929796
480 0.930000 0.929796
481 0.926000 0.929788
482 0.940000 0.929810
483 0.934000 0.929818
484 0.922000 0.929802
485 0.918000 0.929778
486 0.916000 0.929749
487 0.932000 0.929754
488 0.940000 0.929775
489 0.932000 0.929780
490 0.946000 0.929813
491 0.944000 0.929841
492 0.960000 0.929903
493 0.966000 0.929976
494 0.966000 0.930048
495 0.934000 0.930056
496 0.936000 0.930068
497 0.928000 0.930064
498 0.920000 0.930044
499 0.910000 0.930004
500 0.912000 0.929968
501 0.932000 0.929972
502 0.934000 0.929980
503 0.940000 0.930000
504 0.944000 0.930028
505 0.922000 0.930012
506 0.928000 0.930008
507 0.922000 0.929992
508 0.938000 0.930008
509 0.930000 0.930008
510 0.940000 0.930027
511 0.926000 0.930020
512 0.924000 0.930008
513 0.930000 0.930008
514 0.920000 0.929988
515 0.924000 0.929977
516 0.924000 0.929965
517 0.918000 0.929942
518 0.936000 0.929954
519 0.934000 0.929962
520 0.938000 0.929977
521 0.938000 0.929992
522 0.930000 0.929992
523 0.936000 0.930004
524 0.940000 0.930023
525 0.924000 0.930011
526 0.948000 0.930046
527 0.954000 0.930091
528 0.946000 0.930121
529 0.926000 0.930113
530 0.928000 0.930109
531 0.922000 0.930094
532 0.934000 0.930101
533 0.944000 0.930127
534 0.926000 0.930120
535 0.934000 0.930127
536 0.924000 0.930115
537 0.942000 0.930138
538 0.930000 0.930137
539 0.932000 0.930141
540 0.938000 0.930155
541 0.934000 0.930162
542 0.928000 0.930158
543 0.936000 0.930169
544 0.924000 0.930158
545 0.926000 0.930150
546 0.948000 0.930183
547 0.950000 0.930219
548 0.944000 0.930244
549 0.940000 0.930262
550 0.930000 0.930261
551 0.920000 0.930243
552 0.944000 0.930268
553 0.922000 0.930253
554 0.916000 0.930227
555 0.932000 0.930230
556 0.916000 0.930205
557 0.938000 0.930219
558 0.922000 0.930204
559 0.924000 0.930193
560 0.932000 0.930196
561 0.918000 0.930174
562 0.932000 0.930178
563 0.920000 0.930160
564 0.926000 0.930152
565 0.918000 0.930131
566 0.916000 0.930106
567 0.906000 0.930063
568 0.902000 0.930014
569 0.922000 0.930000
570 0.928000 0.929996
571 0.920000 0.929979
572 0.910000 0.929944
573 0.914000 0.929916
574 0.926000 0.929910
575 0.922000 0.929896
576 0.922000 0.929882
577 0.922000 0.929869
578 0.912000 0.929838
579 0.916000 0.929814
580 0.914000 0.929787
581 0.930000 0.929787
582 0.944000 0.929811
583 0.928000 0.929808
584 0.942000 0.929829
585 0.936000 0.929840
586 0.942000 0.929860
587 0.930000 0.929861
588 0.934000 0.929868
589 0.942000 0.929888
590 0.936000 0.929898
591 0.940000 0.929916
592 0.930000 0.929916
593 0.930000 0.929916
594 0.924000 0.929906
595 0.918000 0.929886
596 0.928000 0.929883
597 0.936000 0.929893
598 0.930000 0.929893
599 0.940000 0.929910
600 0.916000 0.929887
601 0.922000 0.929874
602 0.922000 0.929861
603 0.932000 0.929864
604 0.932000 0.929868
605 0.934000 0.929875
606 0.928000 0.929871
607 0.932000 0.929875
608 0.930000 0.929875
609 0.936000 0.929885
610 0.922000 0.929872
611 0.928000 0.929869
612 0.942000 0.929889
613 0.940000 0.929906
614 0.938000 0.929919
615 0.926000 0.929912
616 0.938000 0.929925
617 0.934000 0.929932
618 0.930000 0.929932
619 0.936000 0.929942
620 0.924000 0.929932
621 0.908000 0.929897
622 0.908000 0.929862
623 0.920000 0.929846
624 0.926000 0.929840
625 0.922000 0.929827
626 0.934000 0.929834
627 0.924000 0.929825
628 0.928000 0.929822
629 0.910000 0.929790
630 0.922000 0.929778
631 0.926000 0.929772
632 0.920000 0.929757
633 0.906000 0.929719
634 0.930000 0.929720
635 0.942000 0.929739
636 0.938000 0.929752
637 0.930000 0.929752
638 0.926000 0.929746
639 0.918000 0.929728
640 0.916000 0.929707
641 0.920000 0.929692
642 0.908000 0.929658
643 0.914000 0.929634
644 0.920000 0.929619
645 0.928000 0.929616
646 0.952000 0.929651
647 0.938000 0.929664
648 0.928000 0.929661
649 0.924000 0.929652
650 0.920000 0.929637
651 0.940000 0.929653
652 0.934000 0.929660
653 0.944000 0.929682
654 0.934000 0.929689
655 0.926000 0.929683
656 0.932000 0.929686
657 0.922000 0.929675
658 0.938000 0.929687
659 0.924000 0.929679
660 0.942000 0.929697
661 0.932000 0.929701
662 0.938000 0.929713
663 0.932000 0.929717
664 0.944000 0.929738
665 0.922000 0.929727
666 0.924000 0.929718
667 0.932000 0.929722
668 0.942000 0.929740
669 0.950000 0.929770
670 0.946000 0.929794
671 0.936000 0.929804
672 0.936000 0.929813
673 0.934000 0.929819
674 0.946000 0.929843
675 0.948000 0.929870
676 0.926000 0.929864
677 0.922000 0.929853
678 0.922000 0.929841
679 0.936000 0.929850
680 0.922000 0.929838
681 0.942000 0.929856
682 0.932000 0.929859
683 0.940000 0.929874
684 0.940000 0.929889
685 0.936000 0.929898
686 0.952000 0.929930
687 0.930000 0.929930
688 0.932000 0.929933
689 0.932000 0.929936
690 0.932000 0.929939
691 0.926000 0.929934
692 0.906000 0.929899
693 0.932000 0.929902
694 0.924000 0.929894
695 0.926000 0.929888
696 0.920000 0.929874
697 0.924000 0.929865
698 0.916000 0.929845
699 0.926000 0.929840
700 0.922000 0.929829
701 0.912000 0.929803
702 0.926000 0.929798
703 0.922000 0.929787
704 0.928000 0.929784
705 0.928000 0.929782
706 0.930000 0.929782
707 0.918000 0.929766
708 0.914000 0.929743
709 0.914000 0.929721
710 0.936000 0.929730
711 0.924000 0.929722
712 0.930000 0.929722
713 0.928000 0.929720
714 0.922000 0.929709
715 0.924000 0.929701
716 0.936000 0.929710
717 0.936000 0.929719
718 0.952000 0.929750
719 0.938000 0.929761
720 0.920000 0.929748
721 0.942000 0.929765
722 0.946000 0.929787
723 0.942000 0.929804
724 0.934000 0.929810
725 0.922000 0.929799
726 0.932000 0.929802
727 0.944000 0.929821
728 0.938000 0.929833
729 0.934000 0.929838
730 0.948000 0.929863
731 0.938000 0.929874
732 0.942000 0.929891
733 0.920000 0.929877
734 0.914000 0.929856
735 0.914000 0.929834
736 0.936000 0.929843
737 0.930000 0.929843
738 0.922000 0.929832
739 0.928000 0.929830
740 0.920000 0.929816
741 0.938000 0.929827
742 0.942000 0.929844
743 0.936000 0.929852
744 0.930000 0.929852
745 0.930000 0.929853
746 0.934000 0.929858
747 0.942000 0.929874
748 0.936000 0.929883
749 0.932000 0.929885
750 0.920000 0.929872
751 0.926000 0.929867
752 0.936000 0.929875
753 0.928000 0.929873
754 0.938000 0.929883
755 0.922000 0.929873
756 0.930000 0.929873
757 0.948000 0.929897
758 0.934000 0.929903
759 0.930000 0.929903
760 0.952000 0.929932
761 0.946000 0.929953
762 0.932000 0.929955
763 0.920000 0.929942
764 0.928000 0.929940
765 0.926000 0.929935
766 0.930000 0.929935
767 0.912000 0.929911
768 0.922000 0.929901
769 0.934000 0.929906
770 0.926000 0.929901
771 0.924000 0.929894
772 0.932000 0.929897
773 0.940000 0.929910
774 0.944000 0.929928
775 0.930000 0.929928
776 0.912000 0.929905
777 0.916000 0.929887
778 0.918000 0.929872
779 0.928000 0.929869
780 0.936000 0.929877
781 0.952000 0.929905
782 0.940000 0.929918
783 0.926000 0.929913
784 0.926000 0.929908
785 0.928000 0.929906
786 0.942000 0.929921
787 0.940000 0.929934
788 0.952000 0.929962
789 0.936000 0.929970
790 0.928000 0.929967
791 0.928000 0.929965
792 0.936000 0.929972
793 0.930000 0.929972
794 0.928000 0.929970
795 0.936000 0.929977
796 0.922000 0.929967
797 0.930000 0.929967
798 0.942000 0.929982
799 0.934000 0.929987
800 0.944000 0.930005
801 0.920000 0.929993
802 0.924000 0.929985
803 0.904000 0.929953
804 0.916000 0.929935
805 0.912000 0.929913
806 0.930000 0.929913
807 0.922000 0.929903
808 0.910000 0.929879
809 0.916000 0.929862
810 0.934000 0.929867
811 0.916000 0.929850
812 0.942000 0.929865
813 0.952000 0.929892
814 0.928000 0.929890
815 0.942000 0.929904
816 0.934000 0.929909
817 0.938000 0.929919
818 0.932000 0.929922
819 0.932000 0.929924
820 0.920000 0.929912
821 0.918000 0.929898
822 0.948000 0.929920
823 0.932000 0.929922
824 0.920000 0.929910
825 0.930000 0.929910
826 0.916000 0.929894
827 0.926000 0.929889
828 0.926000 0.929884
829 0.930000 0.929884
830 0.920000 0.929872
831 0.916000 0.929856
832 0.934000 0.929861
833 0.910000 0.929837
834 0.922000 0.929828
835 0.930000 0.929828
836 0.926000 0.929823
837 0.922000 0.929814
838 0.920000 0.929802
839 0.932000 0.929805
840 0.900000 0.929769
841 0.906000 0.929741
842 0.914000 0.929722
843 0.910000 0.929699
844 0.922000 0.929690
845 0.918000 0.929676
846 0.924000 0.929669
847 0.928000 0.929667
848 0.918000 0.929654
849 0.904000 0.929624
850 0.912000 0.929603
851 0.914000 0.929585
852 0.928000 0.929583
853 0.944000 0.929600
854 0.924000 0.929593
855 0.938000 0.929603
856 0.920000 0.929592
857 0.930000 0.929592
858 0.906000 0.929565
859 0.914000 0.929547
860 0.922000 0.929538
861 0.924000 0.929531
862 0.928000 0.929530
863 0.918000 0.929516
864 0.916000 0.929501
865 0.930000 0.929501
866 0.938000 0.929511
867 0.958000 0.929544
868 0.970000 0.929590
869 0.958000 0.929623
870 0.954000 0.929651
871 0.948000 0.929672
872 0.922000 0.929663
873 0.938000 0.929673
874 0.930000 0.929673
875 0.944000 0.929689
876 0.962000 0.929726
877 0.950000 0.929749
878 0.940000 0.929761
879 0.936000 0.929768
880 0.948000 0.929789
881 0.926000 0.929785
882 0.906000 0.929758
883 0.918000 0.929744
884 0.924000 0.929738
885 0.902000 0.929707
886 0.920000 0.929696
887 0.922000 0.929687
888 0.904000 0.929658
889 0.920000 0.929647
890 0.924000 0.929641
891 0.916000 0.929626
892 0.926000 0.929622
893 0.944000 0.929638
894 0.944000 0.929654
895 0.936000 0.929661
896 0.950000 0.929683
897 0.930000 0.929684
898 0.910000 0.929662
899 0.898000 0.929627
900 0.904000 0.929598
901 0.916000 0.929583
902 0.916000 0.929568
903 0.944000 0.929584
904 0.936000 0.929591
905 0.944000 0.929607
906 0.936000 0.929614
907 0.914000 0.929597
908 0.922000 0.929589
909 0.914000 0.929571
910 0.916000 0.929557
911 0.942000 0.929570
912 0.936000 0.929577
913 0.946000 0.929595
914 0.926000 0.929591
915 0.936000 0.929598
916 0.946000 0.929616
917 0.942000 0.929630
918 0.938000 0.929639
919 0.944000 0.929654
920 0.952000 0.929679
921 0.938000 0.929688
922 0.936000 0.929694
923 0.932000 0.929697
924 0.908000 0.929674
925 0.914000 0.929657
926 0.920000 0.929646
927 0.920000 0.929636
928 0.906000 0.929610
929 0.920000 0.929600
930 0.920000 0.929590
931 0.944000 0.929605
932 0.934000 0.929610
933 0.908000 0.929587
934 0.926000 0.929583
935 0.926000 0.929579
936 0.930000 0.929580
937 0.940000 0.929591
938 0.948000 0.929610
939 0.926000 0.929606
940 0.928000 0.929605
941 0.928000 0.929603
942 0.910000 0.929582
943 0.912000 0.929564
944 0.926000 0.929560
945 0.924000 0.929554
946 0.928000 0.929552
947 0.922000 0.929544
948 0.932000 0.929547
949 0.926000 0.929543
950 0.932000 0.929546
951 0.922000 0.929538
952 0.926000 0.929534
953 0.924000 0.929528
954 0.946000 0.929546
955 0.932000 0.929548
956 0.924000 0.929542
957 0.920000 0.929532
958 0.920000 0.929522
959 0.928000 0.929521
960 0.920000 0.929511
961 0.930000 0.929511
962 0.938000 0.929520
963 0.932000 0.929523
964 0.922000 0.929515
965 0.932000 0.929518
966 0.938000 0.929526
967 0.924000 0.929521
968 0.908000 0.929498
969 0.916000 0.929485
970 0.946000 0.929502
971 0.916000 0.929488
972 0.938000 0.929496
973 0.944000 0.929511
974 0.928000 0.929510
975 0.928000 0.929508
976 0.920000 0.929498
977 0.928000 0.929497
978 0.930000 0.929497
979 0.936000 0.929504
980 0.932000 0.929507
981 0.934000 0.929511
982 0.916000 0.929497
983 0.922000 0.929490
984 0.930000 0.929490
985 0.942000 0.929503
986 0.932000 0.929506
987 0.928000 0.929504
988 0.926000 0.929501
989 0.930000 0.929501
990 0.930000 0.929502
991 0.944000 0.929516
992 0.928000 0.929515
993 0.918000 0.929503
994 0.928000 0.929502
995 0.936000 0.929508
996 0.918000 0.929496
997 0.928000 0.929495
998 0.942000 0.929508
999 0.940000 0.929518
