0 1.000000 1.000000
1 0.984000 0.992000
2 0.962000 0.982000
3 0.948000 0.973500
4 0.920000 0.962800
5 0.928000 0.957000
6 0.938000 0.954286
7 0.936000 0.952000
8 0.940000 0.950667
9 0.914000 0.947000
10 0.924000 0.944909
11 0.924000 0.943167
12 0.932000 0.942308
13 0.926000 0.941143
14 0.916000 0.939467
15 0.908000 0.937500
16 0.904000 0.935529
17 0.900000 0.933556
18 0.902000 0.931895
19 0.904000 0.930500
20 0.910000 0.929524
21 0.900000 0.928182
22 0.912000 0.927478
23 0.920000 0.927167
24 0.922000 0.926960
25 0.906000 0.926154
26 0.896000 0.925037
27 0.892000 0.923857
28 0.900000 0.923034
29 0.896000 0.922133
30 0.884000 0.920903
31 0.884000 0.919750
32 0.880000 0.918545
33 0.900000 0.918000
34 0.914000 0.917886
35 0.888000 0.917056
36 0.898000 0.916541
37 0.890000 0.915842
38 0.892000 0.915231
39 0.902000 0.914900
40 0.876000 0.913951
41 0.894000 0.913476
42 0.902000 0.913209
43 0.908000 0.913091
44 0.922000 0.913289
45 0.908000 0.913174
46 0.920000 0.913319
47 0.904000 0.913125
48 0.892000 0.912694
49 0.912000 0.912680
50 0.894000 0.912314
51 0.916000 0.912385
52 0.912000 0.912377
53 0.906000 0.912259
54 0.902000 0.912073
55 0.906000 0.911964
56 0.912000 0.911965
57 0.920000 0.912103
58 0.890000 0.911729
59 0.896000 0.911467
60 0.898000 0.911246
61 0.900000 0.911065
62 0.882000 0.910603
63 0.896000 0.910375
64 0.914000 0.910431
65 0.898000 0.910242
66 0.896000 0.910030
67 0.898000 0.909853
68 0.916000 0.909942
69 0.888000 0.909629
70 0.902000 0.909521
71 0.912000 0.909556
72 0.894000 0.909342
73 0.902000 0.909243
74 0.912000 0.909280
75 0.914000 0.909342
76 0.898000 0.909195
77 0.904000 0.909128
78 0.900000 0.909013
79 0.888000 0.908750
80 0.900000 0.908642
81 0.884000 0.908341
82 0.882000 0.908024
83 0.880000 0.907690
84 0.892000 0.907506
85 0.878000 0.907163
86 0.868000 0.906713
87 0.880000 0.906409
88 0.876000 0.906067
89 0.888000 0.905867
90 0.890000 0.905692
91 0.876000 0.905370
92 0.888000 0.905183
93 0.894000 0.905064
94 0.916000 0.905179
95 0.898000 0.905104
96 0.888000 0.904928
97 0.884000 0.904714
98 0.882000 0.904485
99 0.884000 0.904280
100 0.880000 0.904040
101 0.896000 0.903961
102 0.884000 0.903767
103 0.892000 0.903654
104 0.902000 0.903638
105 0.894000 0.903547
106 0.898000 0.903495
107 0.904000 0.903500
108 0.924000 0.903688
109 0.912000 0.903764
110 0.908000 0.903802
111 0.878000 0.903571
112 0.892000 0.903469
113 0.910000 0.903526
114 0.908000 0.903565
115 0.918000 0.903690
116 0.902000 0.903675
117 0.908000 0.903712
118 0.898000 0.903664
119 0.898000 0.903617
120 0.892000 0.903521
121 0.890000 0.903410
122 0.902000 0.903398
123 0.898000 0.903355
124 0.896000 0.903296
125 0.908000 0.903333
126 0.904000 0.903339
127 0.914000 0.903422
128 0.904000 0.903426
129 0.904000 0.903431
130 0.868000 0.903160
131 0.888000 0.903045
132 0.876000 0.902842
133 0.882000 0.902687
134 0.890000 0.902593
135 0.896000 0.902544
136 0.906000 0.902569
137 0.878000 0.902391
138 0.898000 0.902360
139 0.922000 0.902500
140 0.890000 0.902411
141 0.884000 0.902282
142 0.896000 0.902238
143 0.876000 0.902056
144 0.888000 0.901959
145 0.888000 0.901863
146 0.894000 0.901810
147 0.908000 0.901851
148 0.908000 0.901893
149 0.912000 0.901960
150 0.888000 0.901868
151 0.898000 0.901842
152 0.892000 0.901778
153 0.914000 0.901857
154 0.886000 0.901755
155 0.888000 0.901667
156 0.880000 0.901529
157 0.878000 0.901380
158 0.870000 0.901182
159 0.880000 0.901050
160 0.890000 0.900981
161 0.892000 0.900926
162 0.886000 0.900834
163 0.892000 0.900780
164 0.888000 0.900703
165 0.884000 0.900602
166 0.912000 0.900671
167 0.886000 0.900583
168 0.894000 0.900544
169 0.888000 0.900471
170 0.874000 0.900316
171 0.890000 0.900256
172 0.878000 0.900127
173 0.886000 0.900046
174 0.898000 0.900034
175 0.894000 0.900000
176 0.888000 0.899932
177 0.888000 0.899865
178 0.886000 0.899788
179 0.908000 0.899833
180 0.910000 0.899890
181 0.910000 0.899945
182 0.910000 0.900000
183 0.882000 0.899902
184 0.896000 0.899881
185 0.902000 0.899892
186 0.912000 0.899957
187 0.902000 0.899968
188 0.880000 0.899862
189 0.884000 0.899779
190 0.880000 0.899675
191 0.878000 0.899563
192 0.878000 0.899451
193 0.910000 0.899505
194 0.870000 0.899354
195 0.892000 0.899316
196 0.908000 0.899360
197 0.894000 0.899333
198 0.884000 0.899256
199 0.908000 0.899300
200 0.898000 0.899294
201 0.902000 0.899307
202 0.892000 0.899271
203 0.908000 0.899314
204 0.904000 0.899337
205 0.910000 0.899388
206 0.898000 0.899382
207 0.906000 0.899413
208 0.894000 0.899388
209 0.910000 0.899438
210 0.886000 0.899374
211 0.874000 0.899255
212 0.896000 0.899239
213 0.898000 0.899234
214 0.892000 0.899200
215 0.902000 0.899213
216 0.898000 0.899207
217 0.906000 0.899239
218 0.898000 0.899233
219 0.906000 0.899264
220 0.888000 0.899213
221 0.892000 0.899180
222 0.896000 0.899166
223 0.896000 0.899152
224 0.916000 0.899227
225 0.892000 0.899195
226 0.904000 0.899216
227 0.906000 0.899246
228 0.902000 0.899258
229 0.908000 0.899296
230 0.892000 0.899264
231 0.904000 0.899284
232 0.912000 0.899339
233 0.904000 0.899359
234 0.882000 0.899285
235 0.908000 0.899322
236 0.902000 0.899333
237 0.896000 0.899319
238 0.902000 0.899331
239 0.914000 0.899392
240 0.896000 0.899378
241 0.888000 0.899331
242 0.892000 0.899300
243 0.900000 0.899303
244 0.878000 0.899216
245 0.898000 0.899211
246 0.896000 0.899198
247 0.906000 0.899226
248 0.890000 0.899189
249 0.896000 0.899176
250 0.886000 0.899124
251 0.874000 0.899024
252 0.910000 0.899067
253 0.896000 0.899055
254 0.898000 0.899051
255 0.904000 0.899070
256 0.896000 0.899058
257 0.872000 0.898953
258 0.900000 0.898958
259 0.884000 0.898900
260 0.910000 0.898943
261 0.902000 0.898954
262 0.898000 0.898951
263 0.878000 0.898871
264 0.870000 0.898762
265 0.904000 0.898782
266 0.914000 0.898839
267 0.912000 0.898888
268 0.904000 0.898907
269 0.892000 0.898881
270 0.898000 0.898878
271 0.890000 0.898846
272 0.916000 0.898908
273 0.924000 0.899000
274 0.920000 0.899076
275 0.902000 0.899087
276 0.910000 0.899126
277 0.906000 0.899151
278 0.904000 0.899168
279 0.892000 0.899143
280 0.894000 0.899125
281 0.908000 0.899156
282 0.908000 0.899187
283 0.892000 0.899162
284 0.888000 0.899123
285 0.886000 0.899077
286 0.906000 0.899101
287 0.892000 0.899076
288 0.902000 0.899087
289 0.894000 0.899069
290 0.888000 0.899031
291 0.886000 0.898986
292 0.888000 0.898949
293 0.920000 0.899020
294 0.918000 0.899085
295 0.912000 0.899128
296 0.892000 0.899104
297 0.912000 0.899148
298 0.912000 0.899191
299 0.908000 0.899220
300 0.912000 0.899262
301 0.900000 0.899265
302 0.898000 0.899261
303 0.906000 0.899283
304 0.918000 0.899344
305 0.904000 0.899359
306 0.906000 0.899381
307 0.906000 0.899403
308 0.920000 0.899469
309 0.916000 0.899523
310 0.896000 0.899511
311 0.884000 0.899462
312 0.892000 0.899438
313 0.886000 0.899395
314 0.880000 0.899333
315 0.900000 0.899335
316 0.902000 0.899344
317 0.892000 0.899321
318 0.890000 0.899292
319 0.906000 0.899312
320 0.918000 0.899371
321 0.902000 0.899379
322 0.906000 0.899399
323 0.916000 0.899451
324 0.898000 0.899446
325 0.908000 0.899472
326 0.910000 0.899505
327 0.890000 0.899476
328 0.872000 0.899392
329 0.880000 0.899333
330 0.900000 0.899335
331 0.918000 0.899392
332 0.896000 0.899381
333 0.916000 0.899431
334 0.894000 0.899415
335 0.898000 0.899411
336 0.894000 0.899395
337 0.914000 0.899438
338 0.910000 0.899469
339 0.912000 0.899506
340 0.902000 0.899513
341 0.900000 0.899515
342 0.904000 0.899528
343 0.910000 0.899558
344 0.904000 0.899571
345 0.884000 0.899526
346 0.906000 0.899545
347 0.902000 0.899552
348 0.890000 0.899524
349 0.904000 0.899537
350 0.896000 0.899527
351 0.904000 0.899540
352 0.912000 0.899575
353 0.900000 0.899576
354 0.912000 0.899611
355 0.892000 0.899590
356 0.892000 0.899569
357 0.902000 0.899575
358 0.900000 0.899577
359 0.904000 0.899589
360 0.894000 0.899573
361 0.922000 0.899635
362 0.910000 0.899664
363 0.912000 0.899698
364 0.914000 0.899737
365 0.898000 0.899732
366 0.888000 0.899700
367 0.906000 0.899717
368 0.916000 0.899762
369 0.910000 0.899789
370 0.912000 0.899822
371 0.896000 0.899812
372 0.896000 0.899802
373 0.904000 0.899813
374 0.920000 0.899867
375 0.914000 0.899904
376 0.912000 0.899936
377 0.890000 0.899910
378 0.884000 0.899868
379 0.906000 0.899884
380 0.894000 0.899869
381 0.916000 0.899911
382 0.918000 0.899958
383 0.918000 0.900005
384 0.890000 0.899979
385 0.890000 0.899953
386 0.902000 0.899959
387 0.898000 0.899954
388 0.886000 0.899918
389 0.872000 0.899846
390 0.892000 0.899826
391 0.904000 0.899837
392 0.904000 0.899847
393 0.912000 0.899878
394 0.900000 0.899878
395 0.884000 0.899838
396 0.894000 0.899824
397 0.892000 0.899804
398 0.888000 0.899774
399 0.892000 0.899755
400 0.894000 0.899741
401 0.916000 0.899781
402 0.910000 0.899806
403 0.910000 0.899832
404 0.904000 0.899842
405 0.872000 0.899773
406 0.884000 0.899735
407 0.902000 0.899740
408 0.892000 0.899721
409 0.898000 0.899717
410 0.910000 0.899742
411 0.872000 0.899675
412 0.866000 0.899593
413 0.890000 0.899570
414 0.898000 0.899566
415 0.904000 0.899577
416 0.908000 0.899597
417 0.910000 0.899622
418 0.926000 0.899685
419 0.912000 0.899714
420 0.910000 0.899739
421 0.914000 0.899773
422 0.900000 0.899773
423 0.892000 0.899755
424 0.902000 0.899760
425 0.888000 0.899732
426 0.906000 0.899747
427 0.900000 0.899748
428 0.900000 0.899748
429 0.874000 0.899688
430 0.890000 0.899666
431 0.898000 0.899662
432 0.902000 0.899667
433 0.896000 0.899659
434 0.882000 0.899618
435 0.900000 0.899619
436 0.888000 0.899593
437 0.890000 0.899571
438 0.892000 0.899554
439 0.878000 0.899505
440 0.880000 0.899460
441 0.902000 0.899466
442 0.914000 0.899499
443 0.896000 0.899491
444 0.902000 0.899497
445 0.900000 0.899498
446 0.900000 0.899499
447 0.906000 0.899513
448 0.904000 0.899523
449 0.900000 0.899524
450 0.904000 0.899534
451 0.918000 0.899575
452 0.900000 0.899576
453 0.922000 0.899626
454 0.938000 0.899710
455 0.932000 0.899781
456 0.930000 0.899847
457 0.930000 0.899913
458 0.920000 0.899956
459 0.920000 0.900000
460 0.912000 0.900026
461 0.904000 0.900035
462 0.894000 0.900022
463 0.916000 0.900056
464 0.914000 0.900086
465 0.902000 0.900090
466 0.914000 0.900120
467 0.930000 0.900184
468 0.914000 0.900213
469 0.886000 0.900183
470 0.898000 0.900178
471 0.922000 0.900225
472 0.906000 0.900237
473 0.906000 0.900249
474 0.916000 0.900282
475 0.906000 0.900294
476 0.918000 0.900331
477 0.892000 0.900314
478 0.886000 0.900284
479 0.876000 0.900233
480 0.888000 0.900208
481 0.898000 0.900203
482 0.912000 0.900228
483 0.906000 0.900240
484 0.894000 0.900227
485 0.890000 0.900206
486 0.894000 0.900193
487 0.896000 0.900184
488 0.898000 0.900180
489 0.906000 0.900192
490 0.910000 0.900212
491 0.912000 0.900236
492 0.940000 0.900316
493 0.934000 0.900385
494 0.936000 0.900457
495 0.896000 0.900448
496 0.910000 0.900467
497 0.904000 0.900474
498 0.898000 0.900469
499 0.876000 0.900420
500 0.888000 0.900395
501 0.912000 0.900418
502 0.920000 0.900457
503 0.916000 0.900488
504 0.928000 0.900543
505 0.896000 0.900534
506 0.908000 0.900548
507 0.912000 0.900571
508 0.896000 0.900562
509 0.888000 0.900537
510 0.898000 0.900532
511 0.884000 0.900500
512 0.888000 0.900476
513 0.882000 0.900440
514 0.876000 0.900392
515 0.880000 0.900353
516 0.896000 0.900344
517 0.892000 0.900328
518 0.892000 0.900312
519 0.914000 0.900338
520 0.916000 0.900369
521 0.902000 0.900372
522 0.890000 0.900352
523 0.898000 0.900347
524 0.898000 0.900343
525 0.878000 0.900300
526 0.922000 0.900342
527 0.930000 0.900398
528 0.928000 0.900450
529 0.892000 0.900434
530 0.896000 0.900426
531 0.898000 0.900421
532 0.914000 0.900447
533 0.920000 0.900483
534 0.896000 0.900475
535 0.898000 0.900470
536 0.898000 0.900466
537 0.916000 0.900494
538 0.910000 0.900512
539 0.916000 0.900541
540 0.914000 0.900566
541 0.900000 0.900565
542 0.906000 0.900575
543 0.902000 0.900577
544 0.902000 0.900580
545 0.892000 0.900564
546 0.914000 0.900589
547 0.916000 0.900617
548 0.912000 0.900638
549 0.904000 0.900644
550 0.890000 0.900624
551 0.886000 0.900598
552 0.902000 0.900600
553 0.882000 0.900567
554 0.888000 0.900544
555 0.910000 0.900561
556 0.890000 0.900542
557 0.914000 0.900566
558 0.900000 0.900565
559 0.892000 0.900550
560 0.902000 0.900553
561 0.906000 0.900562
562 0.920000 0.900597
563 0.894000 0.900585
564 0.898000 0.900581
565 0.892000 0.900565
566 0.900000 0.900564
567 0.888000 0.900542
568 0.876000 0.900499
569 0.890000 0.900481
570 0.904000 0.900487
571 0.910000 0.900503
572 0.892000 0.900489
573 0.872000 0.900439
574 0.900000 0.900438
575 0.900000 0.900438
576 0.896000 0.900430
577 0.896000 0.900422
578 0.892000 0.900408
579 0.902000 0.900410
580 0.898000 0.900406
581 0.904000 0.900412
582 0.914000 0.900436
583 0.896000 0.900428
584 0.914000 0.900451
585 0.904000 0.900457
586 0.894000 0.900446
587 0.884000 0.900418
588 0.900000 0.900418
589 0.904000 0.900424
590 0.894000 0.900413
591 0.910000 0.900429
592 0.904000 0.900435
593 0.898000 0.900431
594 0.904000 0.900437
595 0.896000 0.900430
596 0.900000 0.900429
597 0.890000 0.900411
598 0.886000 0.900387
599 0.910000 0.900403
600 0.894000 0.900393
601 0.900000 0.900392
602 0.902000 0.900395
603 0.910000 0.900411
604 0.894000 0.900400
605 0.908000 0.900413
606 0.894000 0.900402
607 0.892000 0.900388
608 0.894000 0.900378
609 0.908000 0.900390
610 0.892000 0.900376
611 0.894000 0.900366
612 0.916000 0.900392
613 0.910000 0.900407
614 0.912000 0.900426
615 0.900000 0.900425
616 0.906000 0.900434
617 0.904000 0.900440
618 0.900000 0.900439
619 0.902000 0.900442
620 0.902000 0.900444
621 0.882000 0.900415
622 0.864000 0.900356
623 0.898000 0.900353
624 0.908000 0.900365
625 0.890000 0.900348
626 0.908000 0.900360
627 0.886000 0.900338
628 0.896000 0.900331
629 0.894000 0.900321
630 0.902000 0.900323
631 0.904000 0.900329
632 0.894000 0.900319
633 0.884000 0.900293
634 0.898000 0.900290
635 0.908000 0.900302
636 0.894000 0.900292
637 0.888000 0.900273
638 0.878000 0.900238
639 0.882000 0.900209
640 0.882000 0.900181
641 0.888000 0.900162
642 0.868000 0.900112
643 0.886000 0.900090
644 0.894000 0.900081
645 0.898000 0.900077
646 0.916000 0.900102
647 0.904000 0.900108
648 0.894000 0.900099
649 0.896000 0.900092
650 0.892000 0.900080
651 0.912000 0.900098
652 0.902000 0.900101
653 0.914000 0.900122
654 0.896000 0.900116
655 0.892000 0.900104
656 0.890000 0.900088
657 0.890000 0.900073
658 0.898000 0.900070
659 0.886000 0.900048
660 0.896000 0.900042
661 0.892000 0.900030
662 0.906000 0.900039
663 0.900000 0.900039
664 0.912000 0.900057
665 0.890000 0.900042
666 0.880000 0.900012
667 0.896000 0.900006
668 0.908000 0.900018
669 0.904000 0.900024
670 0.902000 0.900027
671 0.900000 0.900027
672 0.910000 0.900042
673 0.902000 0.900045
674 0.918000 0.900071
675 0.922000 0.900104
676 0.898000 0.900100
677 0.894000 0.900091
678 0.894000 0.900082
679 0.904000 0.900088
680 0.894000 0.900079
681 0.912000 0.900097
682 0.900000 0.900097
683 0.912000 0.900114
684 0.908000 0.900126
685 0.910000 0.900140
686 0.920000 0.900169
687 0.890000 0.900154
688 0.910000 0.900168
689 0.900000 0.900168
690 0.902000 0.900171
691 0.888000 0.900153
692 0.880000 0.900124
693 0.898000 0.900121
694 0.886000 0.900101
695 0.900000 0.900101
696 0.886000 0.900080
697 0.890000 0.900066
698 0.892000 0.900054
699 0.906000 0.900063
700 0.906000 0.900071
701 0.888000 0.900054
702 0.882000 0.900028
703 0.870000 0.899986
704 0.898000 0.899983
705 0.902000 0.899986
706 0.898000 0.899983
707 0.894000 0.899975
708 0.884000 0.899952
709 0.874000 0.899915
710 0.906000 0.899924
711 0.896000 0.899919
712 0.896000 0.899913
713 0.890000 0.899899
714 0.890000 0.899885
715 0.884000 0.899863
716 0.900000 0.899863
717 0.890000 0.899850
718 0.918000 0.899875
719 0.914000 0.899894
720 0.898000 0.899892
721 0.916000 0.899914
722 0.910000 0.899928
723 0.910000 0.899942
724 0.908000 0.899953
725 0.896000 0.899948
726 0.912000 0.899964
727 0.932000 0.900008
728 0.930000 0.900049
729 0.918000 0.900074
730 0.926000 0.900109
731 0.912000 0.900126
732 0.918000 0.900150
733 0.896000 0.900144
734 0.888000 0.900128
735 0.876000 0.900095
736 0.896000 0.900090
737 0.894000 0.900081
738 0.882000 0.900057
739 0.900000 0.900057
740 0.890000 0.900043
741 0.906000 0.900051
742 0.908000 0.900062
743 0.906000 0.900070
744 0.920000 0.900097
745 0.902000 0.900099
746 0.898000 0.900096
747 0.908000 0.900107
748 0.902000 0.900109
749 0.898000 0.900107
750 0.886000 0.900088
751 0.886000 0.900069
752 0.886000 0.900050
753 0.884000 0.900029
754 0.908000 0.900040
755 0.898000 0.900037
756 0.900000 0.900037
757 0.906000 0.900045
758 0.904000 0.900050
759 0.900000 0.900050
760 0.912000 0.900066
761 0.908000 0.900076
762 0.902000 0.900079
763 0.890000 0.900065
764 0.900000 0.900065
765 0.906000 0.900073
766 0.908000 0.900083
767 0.898000 0.900081
768 0.900000 0.900081
769 0.906000 0.900088
770 0.904000 0.900093
771 0.896000 0.900088
772 0.898000 0.900085
773 0.920000 0.900111
774 0.920000 0.900137
775 0.898000 0.900134
776 0.890000 0.900121
777 0.882000 0.900098
778 0.888000 0.900082
779 0.888000 0.900067
780 0.904000 0.900072
781 0.924000 0.900102
782 0.918000 0.900125
783 0.902000 0.900128
784 0.900000 0.900127
785 0.914000 0.900145
786 0.920000 0.900170
787 0.922000 0.900198
788 0.930000 0.900236
789 0.910000 0.900248
790 0.914000 0.900265
791 0.904000 0.900270
792 0.906000 0.900277
793 0.896000 0.900272
794 0.886000 0.900254
795 0.900000 0.900254
796 0.886000 0.900236
797 0.900000 0.900236
798 0.908000 0.900245
799 0.898000 0.900242
800 0.910000 0.900255
801 0.888000 0.900239
802 0.894000 0.900232
803 0.866000 0.900189
804 0.886000 0.900171
805 0.872000 0.900136
806 0.902000 0.900139
807 0.890000 0.900126
808 0.898000 0.900124
809 0.886000 0.900106
810 0.910000 0.900118
811 0.886000 0.900101
812 0.908000 0.900111
813 0.912000 0.900125
814 0.894000 0.900118
815 0.900000 0.900118
816 0.896000 0.900113
817 0.898000 0.900110
818 0.902000 0.900112
819 0.896000 0.900107
820 0.888000 0.900093
821 0.872000 0.900058
822 0.902000 0.900061
823 0.888000 0.900046
824 0.880000 0.900022
825 0.900000 0.900022
826 0.880000 0.899998
827 0.880000 0.899973
828 0.888000 0.899959
829 0.892000 0.899949
830 0.880000 0.899925
831 0.876000 0.899897
832 0.888000 0.899882
833 0.874000 0.899851
834 0.874000 0.899820
835 0.892000 0.899811
836 0.886000 0.899795
837 0.874000 0.899764
838 0.882000 0.899743
839 0.890000 0.899731
840 0.860000 0.899684
841 0.872000 0.899651
842 0.868000 0.899613
843 0.880000 0.899590
844 0.896000 0.899586
845 0.882000 0.899565
846 0.896000 0.899561
847 0.898000 0.899559
848 0.898000 0.899557
849 0.882000 0.899536
850 0.906000 0.899544
851 0.904000 0.899549
852 0.916000 0.899569
853 0.902000 0.899571
854 0.896000 0.899567
855 0.914000 0.899584
856 0.892000 0.899575
857 0.888000 0.899562
858 0.886000 0.899546
859 0.884000 0.899528
860 0.894000 0.899521
861 0.904000 0.899527
862 0.884000 0.899509
863 0.890000 0.899498
864 0.880000 0.899475
865 0.886000 0.899460
866 0.884000 0.899442
867 0.906000 0.899449
868 0.934000 0.899489
869 0.918000 0.899510
870 0.904000 0.899515
871 0.900000 0.899516
872 0.890000 0.899505
873 0.912000 0.899519
874 0.902000 0.899522
875 0.908000 0.899532
876 0.930000 0.899567
877 0.920000 0.899590
878 0.910000 0.899602
879 0.902000 0.899605
880 0.914000 0.899621
881 0.900000 0.899621
882 0.882000 0.899601
883 0.888000 0.899588
884 0.884000 0.899571
885 0.874000 0.899542
886 0.896000 0.899538
887 0.890000 0.899527
888 0.874000 0.899498
889 0.896000 0.899494
890 0.896000 0.899490
891 0.894000 0.899484
892 0.888000 0.899471
893 0.910000 0.899483
894 0.918000 0.899504
895 0.904000 0.899509
896 0.922000 0.899534
897 0.892000 0.899526
898 0.884000 0.899508
899 0.878000 0.899484
900 0.884000 0.899467
901 0.892000 0.899459
902 0.892000 0.899451
903 0.922000 0.899476
904 0.920000 0.899498
905 0.920000 0.899521
906 0.918000 0.899541
907 0.892000 0.899533
908 0.884000 0.899516
909 0.878000 0.899492
910 0.886000 0.899477
911 0.918000 0.899498
912 0.908000 0.899507
913 0.916000 0.899525
914 0.898000 0.899523
915 0.900000 0.899524
916 0.910000 0.899535
917 0.914000 0.899551
918 0.910000 0.899563
919 0.924000 0.899589
920 0.934000 0.899626
921 0.910000 0.899638
922 0.906000 0.899645
923 0.898000 0.899643
924 0.896000 0.899639
925 0.900000 0.899639
926 0.900000 0.899640
927 0.902000 0.899642
928 0.888000 0.899630
929 0.900000 0.899630
930 0.904000 0.899635
931 0.916000 0.899652
932 0.910000 0.899663
933 0.890000 0.899653
934 0.904000 0.899658
935 0.902000 0.899660
936 0.902000 0.899663
937 0.914000 0.899678
938 0.920000 0.899700
939 0.904000 0.899704
940 0.908000 0.899713
941 0.906000 0.899720
942 0.880000 0.899699
943 0.880000 0.899678
944 0.906000 0.899685
945 0.896000 0.899681
946 0.896000 0.899677
947 0.892000 0.899669
948 0.898000 0.899667
949 0.890000 0.899657
950 0.900000 0.899657
951 0.892000 0.899649
952 0.888000 0.899637
953 0.900000 0.899637
954 0.926000 0.899665
955 0.914000 0.899680
956 0.908000 0.899689
957 0.886000 0.899674
958 0.882000 0.899656
959 0.888000 0.899644
960 0.878000 0.899621
961 0.888000 0.899609
962 0.894000 0.899603
963 0.896000 0.899600
964 0.880000 0.899579
965 0.886000 0.899565
966 0.910000 0.899576
967 0.898000 0.899574
968 0.876000 0.899550
969 0.886000 0.899536
970 0.902000 0.899539
971 0.870000 0.899508
972 0.894000 0.899503
973 0.910000 0.899513
974 0.888000 0.899502
975 0.898000 0.899500
976 0.892000 0.899492
977 0.888000 0.899481
978 0.898000 0.899479
979 0.892000 0.899471
980 0.882000 0.899454
981 0.904000 0.899458
982 0.890000 0.899449
983 0.900000 0.899449
984 0.900000 0.899450
985 0.914000 0.899465
986 0.892000 0.899457
987 0.874000 0.899431
988 0.880000 0.899412
989 0.898000 0.899410
990 0.896000 0.899407
991 0.906000 0.899413
992 0.896000 0.899410
993 0.894000 0.899404
994 0.898000 0.899403
995 0.910000 0.899414
996 0.890000 0.899404
997 0.898000 0.899403
998 0.908000 0.899411
999 0.898000 0.899410
