0 1.000000 1.000000
1 0.992000 0.996000
2 0.980000 0.990667
3 0.980000 0.988000
4 0.966000 0.983600
5 0.972000 0.981667
6 0.978000 0.981143
7 0.978000 0.980750
8 0.976000 0.980222
9 0.960000 0.978200
10 0.968000 0.977273
11 0.962000 0.976000
12 0.976000 0.976000
13 0.960000 0.974857
14 0.958000 0.973733
15 0.938000 0.971500
16 0.954000 0.970471
17 0.946000 0.969111
18 0.944000 0.967789
19 0.956000 0.967200
20 0.952000 0.966476
21 0.944000 0.965455
22 0.950000 0.964783
23 0.956000 0.964417
24 0.962000 0.964320
25 0.958000 0.964077
26 0.962000 0.964000
27 0.968000 0.964143
28 0.962000 0.964069
29 0.948000 0.963533
30 0.952000 0.963161
31 0.952000 0.962812
32 0.958000 0.962667
33 0.958000 0.962529
34 0.966000 0.962629
35 0.952000 0.962333
36 0.964000 0.962378
37 0.956000 0.962211
38 0.958000 0.962103
39 0.958000 0.962000
40 0.936000 0.961366
41 0.952000 0.961143
42 0.956000 0.961023
43 0.954000 0.960864
44 0.962000 0.960889
45 0.954000 0.960739
46 0.966000 0.960851
47 0.952000 0.960667
48 0.944000 0.960327
49 0.958000 0.960280
50 0.958000 0.960235
51 0.968000 0.960385
52 0.960000 0.960377
53 0.950000 0.960185
54 0.956000 0.960109
55 0.954000 0.960000
56 0.960000 0.960000
57 0.958000 0.959966
58 0.952000 0.959831
59 0.960000 0.959833
60 0.952000 0.959705
61 0.948000 0.959516
62 0.938000 0.959175
63 0.944000 0.958937
64 0.950000 0.958800
65 0.958000 0.958788
66 0.956000 0.958746
67 0.958000 0.958735
68 0.964000 0.958812
69 0.952000 0.958714
70 0.964000 0.958789
71 0.966000 0.958889
72 0.958000 0.958877
73 0.950000 0.958757
74 0.962000 0.958800
75 0.956000 0.958763
76 0.952000 0.958675
77 0.962000 0.958718
78 0.962000 0.958759
79 0.940000 0.958525
80 0.950000 0.958420
81 0.938000 0.958171
82 0.940000 0.957952
83 0.946000 0.957810
84 0.938000 0.957576
85 0.936000 0.957326
86 0.944000 0.957172
87 0.954000 0.957136
88 0.946000 0.957011
89 0.958000 0.957022
90 0.962000 0.957077
91 0.942000 0.956913
92 0.944000 0.956774
93 0.952000 0.956723
94 0.968000 0.956842
95 0.958000 0.956854
96 0.956000 0.956845
97 0.956000 0.956837
98 0.948000 0.956747
99 0.956000 0.956740
100 0.944000 0.956614
101 0.948000 0.956529
102 0.956000 0.956524
103 0.952000 0.956481
104 0.962000 0.956533
105 0.942000 0.956396
106 0.952000 0.956355
107 0.960000 0.956389
108 0.976000 0.956569
109 0.976000 0.956745
110 0.978000 0.956937
111 0.966000 0.957018
112 0.970000 0.957133
113 0.982000 0.957351
114 0.954000 0.957322
115 0.958000 0.957328
116 0.966000 0.957402
117 0.970000 0.957508
118 0.982000 0.957714
119 0.962000 0.957750
120 0.956000 0.957736
121 0.954000 0.957705
122 0.962000 0.957740
123 0.962000 0.957774
124 0.952000 0.957728
125 0.956000 0.957714
126 0.960000 0.957732
127 0.954000 0.957703
128 0.966000 0.957767
129 0.966000 0.957831
130 0.944000 0.957725
131 0.958000 0.957727
132 0.960000 0.957744
133 0.956000 0.957731
134 0.960000 0.957748
135 0.938000 0.957603
136 0.962000 0.957635
137 0.962000 0.957667
138 0.966000 0.957727
139 0.970000 0.957814
140 0.966000 0.957872
141 0.974000 0.957986
142 0.968000 0.958056
143 0.960000 0.958069
144 0.964000 0.958110
145 0.962000 0.958137
146 0.970000 0.958218
147 0.974000 0.958324
148 0.976000 0.958443
149 0.974000 0.958547
150 0.960000 0.958556
151 0.964000 0.958592
152 0.960000 0.958601
153 0.960000 0.958610
154 0.950000 0.958555
155 0.964000 0.958590
156 0.940000 0.958471
157 0.944000 0.958380
158 0.938000 0.958252
159 0.950000 0.958200
160 0.956000 0.958186
161 0.954000 0.958160
162 0.950000 0.958110
163 0.956000 0.958098
164 0.954000 0.958073
165 0.958000 0.958072
166 0.970000 0.958144
167 0.964000 0.958179
168 0.964000 0.958213
169 0.958000 0.958212
170 0.958000 0.958211
171 0.960000 0.958221
172 0.954000 0.958197
173 0.962000 0.958218
174 0.962000 0.958240
175 0.960000 0.958250
176 0.964000 0.958282
177 0.958000 0.958281
178 0.950000 0.958235
179 0.972000 0.958311
180 0.982000 0.958442
181 0.974000 0.958527
182 0.974000 0.958612
183 0.962000 0.958630
184 0.966000 0.958670
185 0.974000 0.958753
186 0.966000 0.958791
187 0.956000 0.958777
188 0.946000 0.958709
189 0.964000 0.958737
190 0.950000 0.958691
191 0.950000 0.958646
192 0.948000 0.958591
193 0.970000 0.958649
194 0.948000 0.958595
195 0.956000 0.958582
196 0.966000 0.958619
197 0.966000 0.958657
198 0.952000 0.958623
199 0.950000 0.958580
200 0.962000 0.958597
201 0.954000 0.958574
202 0.960000 0.958581
203 0.962000 0.958598
204 0.966000 0.958634
205 0.962000 0.958650
206 0.948000 0.958599
207 0.964000 0.958625
208 0.966000 0.958660
209 0.976000 0.958743
210 0.958000 0.958739
211 0.956000 0.958726
212 0.968000 0.958770
213 0.948000 0.958720
214 0.952000 0.958688
215 0.968000 0.958731
216 0.964000 0.958756
217 0.966000 0.958789
218 0.960000 0.958795
219 0.966000 0.958827
220 0.960000 0.958833
221 0.950000 0.958793
222 0.958000 0.958789
223 0.952000 0.958759
224 0.958000 0.958756
225 0.964000 0.958779
226 0.958000 0.958775
227 0.956000 0.958763
228 0.948000 0.958716
229 0.956000 0.958704
230 0.962000 0.958719
231 0.960000 0.958724
232 0.960000 0.958730
233 0.958000 0.958726
234 0.944000 0.958664
235 0.964000 0.958686
236 0.962000 0.958700
237 0.960000 0.958706
238 0.958000 0.958703
239 0.956000 0.958692
240 0.952000 0.958664
241 0.964000 0.958686
242 0.964000 0.958708
243 0.968000 0.958746
244 0.948000 0.958702
245 0.944000 0.958642
246 0.942000 0.958575
247 0.950000 0.958540
248 0.952000 0.958514
249 0.958000 0.958512
250 0.964000 0.958534
251 0.956000 0.958524
252 0.970000 0.958569
253 0.966000 0.958598
254 0.956000 0.958588
255 0.956000 0.958578
256 0.960000 0.958584
257 0.938000 0.958504
258 0.968000 0.958541
259 0.964000 0.958562
260 0.964000 0.958582
261 0.968000 0.958618
262 0.970000 0.958662
263 0.956000 0.958652
264 0.958000 0.958649
265 0.966000 0.958677
266 0.974000 0.958734
267 0.984000 0.958828
268 0.970000 0.958870
269 0.966000 0.958896
270 0.956000 0.958886
271 0.956000 0.958875
272 0.970000 0.958916
273 0.970000 0.958956
274 0.966000 0.958982
275 0.960000 0.958986
276 0.958000 0.958982
277 0.956000 0.958971
278 0.966000 0.958996
279 0.950000 0.958964
280 0.962000 0.958975
281 0.954000 0.958957
282 0.954000 0.958940
283 0.948000 0.958901
284 0.950000 0.958870
285 0.946000 0.958825
286 0.968000 0.958857
287 0.948000 0.958819
288 0.952000 0.958796
289 0.968000 0.958828
290 0.954000 0.958811
291 0.960000 0.958815
292 0.958000 0.958812
293 0.962000 0.958823
294 0.958000 0.958820
295 0.960000 0.958824
296 0.956000 0.958815
297 0.974000 0.958866
298 0.968000 0.958896
299 0.964000 0.958913
300 0.952000 0.958890
301 0.954000 0.958874
302 0.936000 0.958799
303 0.948000 0.958763
304 0.952000 0.958741
305 0.962000 0.958752
306 0.954000 0.958736
307 0.962000 0.958747
308 0.972000 0.958790
309 0.976000 0.958845
310 0.966000 0.958868
311 0.950000 0.958840
312 0.962000 0.958850
313 0.966000 0.958873
314 0.964000 0.958889
315 0.956000 0.958880
316 0.962000 0.958890
317 0.942000 0.958836
318 0.956000 0.958828
319 0.950000 0.958800
320 0.960000 0.958804
321 0.950000 0.958776
322 0.952000 0.958755
323 0.956000 0.958747
324 0.962000 0.958757
325 0.952000 0.958736
326 0.962000 0.958746
327 0.950000 0.958720
328 0.944000 0.958675
329 0.944000 0.958630
330 0.954000 0.958616
331 0.966000 0.958639
332 0.956000 0.958631
333 0.962000 0.958641
334 0.958000 0.958639
335 0.960000 0.958643
336 0.958000 0.958641
337 0.962000 0.958651
338 0.964000 0.958667
339 0.966000 0.958688
340 0.956000 0.958680
341 0.950000 0.958655
342 0.958000 0.958653
343 0.966000 0.958674
344 0.956000 0.958667
345 0.950000 0.958642
346 0.954000 0.958628
347 0.962000 0.958638
348 0.956000 0.958630
349 0.950000 0.958606
350 0.954000 0.958593
351 0.968000 0.958619
352 0.968000 0.958646
353 0.958000 0.958644
354 0.964000 0.958659
355 0.956000 0.958652
356 0.960000 0.958655
357 0.958000 0.958654
358 0.960000 0.958657
359 0.960000 0.958661
360 0.944000 0.958620
361 0.954000 0.958608
362 0.946000 0.958573
363 0.962000 0.958582
364 0.972000 0.958619
365 0.968000 0.958645
366 0.948000 0.958616
367 0.952000 0.958598
368 0.966000 0.958618
369 0.964000 0.958632
370 0.962000 0.958642
371 0.964000 0.958656
372 0.956000 0.958649
373 0.948000 0.958620
374 0.966000 0.958640
375 0.962000 0.958649
376 0.964000 0.958663
377 0.958000 0.958661
378 0.954000 0.958649
379 0.968000 0.958674
380 0.964000 0.958688
381 0.972000 0.958723
382 0.956000 0.958715
383 0.958000 0.958714
384 0.962000 0.958722
385 0.962000 0.958731
386 0.958000 0.958729
387 0.948000 0.958701
388 0.950000 0.958679
389 0.944000 0.958641
390 0.966000 0.958660
391 0.960000 0.958663
392 0.962000 0.958672
393 0.958000 0.958670
394 0.956000 0.958663
395 0.944000 0.958626
396 0.956000 0.958620
397 0.952000 0.958603
398 0.942000 0.958561
399 0.954000 0.958550
400 0.962000 0.958559
401 0.954000 0.958547
402 0.964000 0.958561
403 0.960000 0.958564
404 0.958000 0.958563
405 0.952000 0.958547
406 0.962000 0.958555
407 0.954000 0.958544
408 0.948000 0.958518
409 0.950000 0.958498
410 0.954000 0.958487
411 0.936000 0.958432
412 0.930000 0.958363
413 0.938000 0.958314
414 0.950000 0.958294
415 0.950000 0.958274
416 0.950000 0.958254
417 0.960000 0.958258
418 0.956000 0.958253
419 0.952000 0.958238
420 0.964000 0.958252
421 0.956000 0.958246
422 0.952000 0.958232
423 0.950000 0.958212
424 0.966000 0.958231
425 0.948000 0.958207
426 0.956000 0.958201
427 0.950000 0.958182
428 0.956000 0.958177
429 0.956000 0.958172
430 0.948000 0.958148
431 0.962000 0.958157
432 0.960000 0.958162
433 0.962000 0.958171
434 0.958000 0.958170
435 0.958000 0.958170
436 0.940000 0.958128
437 0.940000 0.958087
438 0.938000 0.958041
439 0.932000 0.957982
440 0.932000 0.957923
441 0.962000 0.957932
442 0.970000 0.957959
443 0.952000 0.957946
444 0.954000 0.957937
445 0.944000 0.957906
446 0.962000 0.957915
447 0.960000 0.957920
448 0.958000 0.957920
449 0.954000 0.957911
450 0.966000 0.957929
451 0.966000 0.957947
452 0.958000 0.957947
453 0.968000 0.957969
454 0.970000 0.957996
455 0.962000 0.958004
456 0.978000 0.958048
457 0.962000 0.958057
458 0.970000 0.958083
459 0.966000 0.958100
460 0.964000 0.958113
461 0.956000 0.958108
462 0.956000 0.958104
463 0.962000 0.958112
464 0.952000 0.958099
465 0.952000 0.958086
466 0.954000 0.958077
467 0.962000 0.958085
468 0.948000 0.958064
469 0.942000 0.958030
470 0.942000 0.957996
471 0.958000 0.957996
472 0.954000 0.957987
473 0.948000 0.957966
474 0.950000 0.957949
475 0.958000 0.957950
476 0.964000 0.957962
477 0.948000 0.957941
478 0.958000 0.957942
479 0.962000 0.957950
480 0.966000 0.957967
481 0.962000 0.957975
482 0.968000 0.957996
483 0.960000 0.958000
484 0.954000 0.957992
485 0.950000 0.957975
486 0.944000 0.957947
487 0.956000 0.957943
488 0.954000 0.957935
489 0.950000 0.957918
490 0.968000 0.957939
491 0.978000 0.957980
492 0.982000 0.958028
493 0.984000 0.958081
494 0.986000 0.958137
495 0.958000 0.958137
496 0.954000 0.958129
497 0.962000 0.958137
498 0.952000 0.958124
499 0.952000 0.958112
500 0.944000 0.958084
501 0.960000 0.958088
502 0.962000 0.958095
503 0.966000 0.958111
504 0.976000 0.958147
505 0.956000 0.958142
506 0.956000 0.958138
507 0.954000 0.958130
508 0.960000 0.958134
509 0.962000 0.958141
510 0.966000 0.958157
511 0.956000 0.958152
512 0.950000 0.958136
513 0.962000 0.958144
514 0.948000 0.958124
515 0.962000 0.958132
516 0.960000 0.958135
517 0.960000 0.958139
518 0.960000 0.958143
519 0.962000 0.958150
520 0.958000 0.958150
521 0.956000 0.958146
522 0.954000 0.958138
523 0.950000 0.958122
524 0.960000 0.958126
525 0.948000 0.958106
526 0.970000 0.958129
527 0.976000 0.958163
528 0.980000 0.958204
529 0.956000 0.958200
530 0.958000 0.958200
531 0.950000 0.958184
532 0.956000 0.958180
533 0.962000 0.958187
534 0.946000 0.958164
535 0.964000 0.958175
536 0.946000 0.958153
537 0.964000 0.958164
538 0.958000 0.958163
539 0.966000 0.958178
540 0.964000 0.958189
541 0.950000 0.958173
542 0.948000 0.958155
543 0.954000 0.958147
544 0.952000 0.958136
545 0.956000 0.958132
546 0.966000 0.958146
547 0.964000 0.958157
548 0.970000 0.958179
549 0.962000 0.958185
550 0.950000 0.958171
551 0.948000 0.958152
552 0.958000 0.958152
553 0.948000 0.958134
554 0.944000 0.958108
555 0.958000 0.958108
556 0.946000 0.958086
557 0.968000 0.958104
558 0.960000 0.958107
559 0.952000 0.958096
560 0.958000 0.958096
561 0.958000 0.958096
562 0.964000 0.958107
563 0.952000 0.958096
564 0.954000 0.958088
565 0.950000 0.958074
566 0.952000 0.958063
567 0.934000 0.958021
568 0.932000 0.957975
569 0.958000 0.957975
570 0.960000 0.957979
571 0.958000 0.957979
572 0.944000 0.957955
573 0.950000 0.957941
574 0.958000 0.957941
575 0.952000 0.957931
576 0.948000 0.957913
577 0.954000 0.957907
578 0.944000 0.957883
579 0.960000 0.957886
580 0.948000 0.957869
581 0.964000 0.957880
582 0.956000 0.957877
583 0.954000 0.957870
584 0.962000 0.957877
585 0.960000 0.957881
586 0.964000 0.957891
587 0.964000 0.957901
588 0.956000 0.957898
589 0.964000 0.957908
590 0.966000 0.957922
591 0.974000 0.957949
592 0.954000 0.957943
593 0.958000 0.957943
594 0.966000 0.957956
595 0.952000 0.957946
596 0.958000 0.957946
597 0.972000 0.957970
598 0.962000 0.957977
599 0.964000 0.957987
600 0.952000 0.957977
601 0.954000 0.957970
602 0.950000 0.957957
603 0.948000 0.957940
604 0.958000 0.957940
605 0.956000 0.957937
606 0.944000 0.957914
607 0.962000 0.957921
608 0.956000 0.957918
609 0.958000 0.957918
610 0.952000 0.957908
611 0.950000 0.957895
612 0.970000 0.957915
613 0.964000 0.957925
614 0.958000 0.957925
615 0.948000 0.957909
616 0.964000 0.957919
617 0.950000 0.957906
618 0.952000 0.957897
619 0.958000 0.957897
620 0.948000 0.957881
621 0.946000 0.957862
622 0.944000 0.957839
623 0.950000 0.957827
624 0.946000 0.957808
625 0.938000 0.957776
626 0.954000 0.957770
627 0.958000 0.957771
628 0.950000 0.957758
629 0.940000 0.957730
630 0.948000 0.957715
631 0.944000 0.957693
632 0.952000 0.957684
633 0.934000 0.957647
634 0.950000 0.957635
635 0.952000 0.957626
636 0.960000 0.957630
637 0.946000 0.957611
638 0.938000 0.957581
639 0.948000 0.957566
640 0.950000 0.957554
641 0.944000 0.957533
642 0.934000 0.957496
643 0.944000 0.957475
644 0.948000 0.957460
645 0.954000 0.957455
646 0.974000 0.957481
647 0.958000 0.957481
648 0.958000 0.957482
649 0.958000 0.957483
650 0.952000 0.957475
651 0.962000 0.957482
652 0.956000 0.957479
653 0.958000 0.957480
654 0.958000 0.957481
655 0.950000 0.957470
656 0.946000 0.957452
657 0.946000 0.957435
658 0.956000 0.957432
659 0.950000 0.957421
660 0.958000 0.957422
661 0.962000 0.957429
662 0.964000 0.957439
663 0.962000 0.957446
664 0.964000 0.957456
665 0.948000 0.957441
666 0.954000 0.957436
667 0.954000 0.957431
668 0.954000 0.957426
669 0.966000 0.957439
670 0.962000 0.957446
671 0.956000 0.957443
672 0.950000 0.957432
673 0.954000 0.957427
674 0.964000 0.957437
675 0.972000 0.957459
676 0.954000 0.957453
677 0.954000 0.957448
678 0.958000 0.957449
679 0.966000 0.957462
680 0.954000 0.957457
681 0.970000 0.957475
682 0.968000 0.957490
683 0.960000 0.957494
684 0.958000 0.957495
685 0.962000 0.957501
686 0.968000 0.957517
687 0.952000 0.957509
688 0.966000 0.957521
689 0.948000 0.957507
690 0.952000 0.957499
691 0.954000 0.957494
692 0.938000 0.957466
693 0.958000 0.957467
694 0.958000 0.957468
695 0.962000 0.957474
696 0.948000 0.957461
697 0.950000 0.957450
698 0.946000 0.957433
699 0.944000 0.957414
700 0.948000 0.957401
701 0.952000 0.957393
702 0.950000 0.957383
703 0.952000 0.957375
704 0.954000 0.957370
705 0.956000 0.957368
706 0.956000 0.957366
707 0.954000 0.957362
708 0.944000 0.957343
709 0.934000 0.957310
710 0.958000 0.957311
711 0.944000 0.957292
712 0.950000 0.957282
713 0.956000 0.957280
714 0.946000 0.957264
715 0.948000 0.957251
716 0.960000 0.957255
717 0.956000 0.957253
718 0.970000 0.957271
719 0.962000 0.957278
720 0.938000 0.957251
721 0.962000 0.957258
722 0.966000 0.957270
723 0.954000 0.957265
724 0.952000 0.957258
725 0.950000 0.957248
726 0.950000 0.957238
727 0.962000 0.957245
728 0.960000 0.957248
729 0.962000 0.957255
730 0.970000 0.957272
731 0.966000 0.957284
732 0.972000 0.957304
733 0.940000 0.957281
734 0.958000 0.957282
735 0.952000 0.957274
736 0.968000 0.957289
737 0.954000 0.957285
738 0.954000 0.957280
739 0.960000 0.957284
740 0.956000 0.957282
741 0.960000 0.957286
742 0.952000 0.957279
743 0.950000 0.957269
744 0.954000 0.957264
745 0.958000 0.957265
746 0.956000 0.957264
747 0.970000 0.957281
748 0.966000 0.957292
749 0.962000 0.957299
750 0.952000 0.957292
751 0.958000 0.957293
752 0.962000 0.957299
753 0.952000 0.957292
754 0.960000 0.957295
755 0.948000 0.957283
756 0.952000 0.957276
757 0.970000 0.957293
758 0.960000 0.957296
759 0.960000 0.957300
760 0.968000 0.957314
761 0.962000 0.957320
762 0.952000 0.957313
763 0.960000 0.957317
764 0.966000 0.957328
765 0.956000 0.957326
766 0.960000 0.957330
767 0.948000 0.957318
768 0.952000 0.957311
769 0.964000 0.957319
770 0.952000 0.957313
771 0.948000 0.957301
772 0.954000 0.957296
773 0.958000 0.957297
774 0.958000 0.957298
775 0.950000 0.957289
776 0.942000 0.957269
777 0.942000 0.957249
778 0.948000 0.957237
779 0.950000 0.957228
780 0.964000 0.957237
781 0.976000 0.957261
782 0.972000 0.957280
783 0.950000 0.957270
784 0.960000 0.957274
785 0.964000 0.957282
786 0.972000 0.957301
787 0.958000 0.957302
788 0.968000 0.957316
789 0.954000 0.957311
790 0.960000 0.957315
791 0.946000 0.957301
792 0.950000 0.957291
793 0.948000 0.957280
794 0.960000 0.957283
795 0.962000 0.957289
796 0.966000 0.957300
797 0.948000 0.957288
798 0.972000 0.957307
799 0.964000 0.957315
800 0.968000 0.957328
801 0.946000 0.957314
802 0.948000 0.957303
803 0.932000 0.957271
804 0.946000 0.957257
805 0.946000 0.957243
806 0.956000 0.957242
807 0.954000 0.957238
808 0.942000 0.957219
809 0.946000 0.957205
810 0.958000 0.957206
811 0.956000 0.957204
812 0.972000 0.957223
813 0.974000 0.957243
814 0.964000 0.957252
815 0.970000 0.957267
816 0.972000 0.957285
817 0.964000 0.957293
818 0.962000 0.957299
819 0.952000 0.957293
820 0.956000 0.957291
821 0.960000 0.957294
822 0.964000 0.957303
823 0.964000 0.957311
824 0.954000 0.957307
825 0.964000 0.957315
826 0.946000 0.957301
827 0.958000 0.957302
828 0.956000 0.957300
829 0.952000 0.957294
830 0.962000 0.957300
831 0.954000 0.957296
832 0.958000 0.957297
833 0.956000 0.957295
834 0.960000 0.957298
835 0.972000 0.957316
836 0.960000 0.957319
837 0.956000 0.957317
838 0.950000 0.957309
839 0.956000 0.957307
840 0.934000 0.957279
841 0.942000 0.957261
842 0.942000 0.957243
843 0.946000 0.957230
844 0.950000 0.957221
845 0.960000 0.957225
846 0.966000 0.957235
847 0.968000 0.957248
848 0.950000 0.957239
849 0.944000 0.957224
850 0.950000 0.957215
851 0.956000 0.957214
852 0.966000 0.957224
853 0.974000 0.957244
854 0.960000 0.957247
855 0.970000 0.957262
856 0.958000 0.957263
857 0.958000 0.957263
858 0.940000 0.957243
859 0.952000 0.957237
860 0.958000 0.957238
861 0.944000 0.957223
862 0.948000 0.957212
863 0.942000 0.957194
864 0.946000 0.957182
865 0.956000 0.957180
866 0.956000 0.957179
867 0.976000 0.957200
868 0.978000 0.957224
869 0.972000 0.957241
870 0.970000 0.957256
871 0.964000 0.957264
872 0.960000 0.957267
873 0.972000 0.957284
874 0.960000 0.957287
875 0.972000 0.957304
876 0.978000 0.957327
877 0.968000 0.957339
878 0.968000 0.957352
879 0.970000 0.957366
880 0.968000 0.957378
881 0.958000 0.957379
882 0.938000 0.957357
883 0.944000 0.957342
884 0.952000 0.957336
885 0.940000 0.957316
886 0.956000 0.957315
887 0.966000 0.957324
888 0.950000 0.957316
889 0.950000 0.957308
890 0.948000 0.957297
891 0.946000 0.957285
892 0.954000 0.957281
893 0.956000 0.957280
894 0.964000 0.957287
895 0.958000 0.957288
896 0.964000 0.957295
897 0.952000 0.957290
898 0.944000 0.957275
899 0.938000 0.957253
900 0.940000 0.957234
901 0.950000 0.957226
902 0.950000 0.957218
903 0.960000 0.957221
904 0.950000 0.957213
905 0.962000 0.957219
906 0.954000 0.957215
907 0.958000 0.957216
908 0.962000 0.957221
909 0.950000 0.957213
910 0.952000 0.957207
911 0.964000 0.957215
912 0.956000 0.957214
913 0.970000 0.957228
914 0.944000 0.957213
915 0.950000 0.957205
916 0.970000 0.957219
917 0.966000 0.957229
918 0.954000 0.957225
919 0.956000 0.957224
920 0.964000 0.957231
921 0.956000 0.957230
922 0.966000 0.957239
923 0.966000 0.957249
924 0.950000 0.957241
925 0.960000 0.957244
926 0.954000 0.957241
927 0.954000 0.957237
928 0.946000 0.957225
929 0.956000 0.957224
930 0.956000 0.957222
931 0.964000 0.957230
932 0.958000 0.957230
933 0.948000 0.957221
934 0.960000 0.957224
935 0.954000 0.957220
936 0.962000 0.957225
937 0.966000 0.957235
938 0.970000 0.957248
939 0.956000 0.957247
940 0.958000 0.957248
941 0.960000 0.957251
942 0.952000 0.957245
943 0.944000 0.957231
944 0.956000 0.957230
945 0.950000 0.957222
946 0.948000 0.957212
947 0.944000 0.957198
948 0.948000 0.957189
949 0.950000 0.957181
950 0.952000 0.957176
951 0.952000 0.957170
952 0.954000 0.957167
953 0.960000 0.957170
954 0.974000 0.957187
955 0.966000 0.957197
956 0.960000 0.957200
957 0.958000 0.957200
958 0.950000 0.957193
959 0.956000 0.957192
960 0.948000 0.957182
961 0.952000 0.957177
962 0.954000 0.957173
963 0.954000 0.957170
964 0.950000 0.957163
965 0.962000 0.957168
966 0.960000 0.957171
967 0.954000 0.957167
968 0.950000 0.957160
969 0.950000 0.957153
970 0.970000 0.957166
971 0.946000 0.957154
972 0.956000 0.957153
973 0.964000 0.957160
974 0.948000 0.957151
975 0.944000 0.957137
976 0.944000 0.957124
977 0.950000 0.957117
978 0.958000 0.957117
979 0.962000 0.957122
980 0.958000 0.957123
981 0.956000 0.957122
982 0.938000 0.957103
983 0.950000 0.957096
984 0.956000 0.957094
985 0.962000 0.957099
986 0.952000 0.957094
987 0.956000 0.957093
988 0.958000 0.957094
989 0.956000 0.957093
990 0.954000 0.957090
991 0.960000 0.957093
992 0.952000 0.957088
993 0.948000 0.957078
994 0.950000 0.957071
995 0.952000 0.957066
996 0.944000 0.957053
997 0.948000 0.957044
998 0.950000 0.957037
999 0.958000 0.957038
