0 1.000000 1.000000
1 0.924000 0.962000
2 0.854000 0.926000
3 0.802000 0.895000
4 0.812000 0.878400
5 0.780000 0.862000
6 0.724000 0.842286
7 0.682000 0.822250
8 0.662000 0.804444
9 0.638000 0.787800
10 0.614000 0.772000
11 0.592000 0.757000
12 0.592000 0.744308
13 0.578000 0.732429
14 0.528000 0.718800
15 0.530000 0.707000
16 0.486000 0.694000
17 0.456000 0.680778
18 0.418000 0.666947
19 0.424000 0.654800
20 0.380000 0.641714
21 0.388000 0.630182
22 0.380000 0.619304
23 0.356000 0.608333
24 0.374000 0.598960
25 0.362000 0.589846
26 0.344000 0.580741
27 0.326000 0.571643
28 0.280000 0.561586
29 0.274000 0.552000
30 0.308000 0.544129
31 0.224000 0.534125
32 0.248000 0.525455
33 0.242000 0.517118
34 0.260000 0.509771
35 0.230000 0.502000
36 0.250000 0.495189
37 0.232000 0.488263
38 0.232000 0.481692
39 0.226000 0.475300
40 0.226000 0.469220
41 0.234000 0.463619
42 0.278000 0.459302
43 0.242000 0.454364
44 0.202000 0.448756
45 0.188000 0.443087
46 0.192000 0.437745
47 0.180000 0.432375
48 0.168000 0.426980
49 0.178000 0.422000
50 0.166000 0.416980
51 0.168000 0.412192
52 0.204000 0.408264
53 0.174000 0.403926
54 0.158000 0.399455
55 0.154000 0.395071
56 0.166000 0.391053
57 0.148000 0.386862
58 0.130000 0.382508
59 0.110000 0.377967
60 0.120000 0.373738
61 0.114000 0.369548
62 0.142000 0.365937
63 0.158000 0.362687
64 0.088000 0.358462
65 0.088000 0.354364
66 0.090000 0.350418
67 0.060000 0.346147
68 0.088000 0.342406
69 0.080000 0.338657
70 0.112000 0.335465
71 0.130000 0.332611
72 0.076000 0.329096
73 0.060000 0.325459
74 0.076000 0.322133
75 0.076000 0.318895
76 0.070000 0.315662
77 0.096000 0.312846
78 0.068000 0.309747
79 0.060000 0.306625
80 0.082000 0.303852
81 0.050000 0.300756
82 0.054000 0.297783
83 0.084000 0.295238
84 0.074000 0.292635
85 0.072000 0.290070
86 0.110000 0.288000
87 0.086000 0.285705
88 0.118000 0.283820
89 0.138000 0.282200
90 0.106000 0.280264
91 0.126000 0.278587
92 0.070000 0.276344
93 0.112000 0.274596
94 0.086000 0.272611
95 0.044000 0.270229
96 0.036000 0.267814
97 0.048000 0.265571
98 0.094000 0.263838
99 0.088000 0.262080
100 0.060000 0.260079
101 0.024000 0.257765
102 0.048000 0.255728
103 0.070000 0.253942
104 0.020000 0.251714
105 0.034000 0.249660
106 0.032000 0.247626
107 0.014000 0.245463
108 0.010000 0.243303
109 0.010000 0.241182
110 0.000000 0.239009
111 0.014000 0.237000
112 0.058000 0.235416
113 0.052000 0.233807
114 0.044000 0.232157
115 0.072000 0.230776
116 -0.018000 0.228650
117 0.008000 0.226780
118 0.008000 0.224941
119 0.000000 0.223067
120 0.004000 0.221256
121 0.004000 0.219475
122 0.046000 0.218065
123 0.054000 0.216742
124 0.044000 0.215360
125 0.052000 0.214063
126 0.050000 0.212772
127 0.016000 0.211234
128 -0.012000 0.209504
129 0.082000 0.208523
130 0.062000 0.207405
131 0.038000 0.206121
132 0.066000 0.205068
133 0.104000 0.204313
134 0.082000 0.203407
135 0.050000 0.202279
136 0.070000 0.201314
137 0.044000 0.200174
138 0.060000 0.199165
139 0.054000 0.198129
140 0.054000 0.197106
141 0.050000 0.196070
142 0.020000 0.194839
143 0.046000 0.193806
144 0.032000 0.192690
145 0.000000 0.191370
146 0.026000 0.190245
147 0.044000 0.189257
148 0.042000 0.188268
149 0.040000 0.187280
150 0.026000 0.186212
151 0.016000 0.185092
152 0.034000 0.184105
153 0.018000 0.183026
154 0.004000 0.181871
155 -0.002000 0.180692
156 0.012000 0.179618
157 0.024000 0.178633
158 0.022000 0.177648
159 0.002000 0.176550
160 0.024000 0.175602
161 0.042000 0.174778
162 0.000000 0.173706
163 0.016000 0.172744
164 -0.006000 0.171661
165 0.010000 0.170687
166 0.002000 0.169677
167 -0.020000 0.168548
168 -0.030000 0.167373
169 -0.040000 0.166153
170 -0.040000 0.164947
171 -0.040000 0.163756
172 -0.010000 0.162751
173 0.052000 0.162115
174 0.052000 0.161486
175 0.044000 0.160818
176 0.016000 0.160000
177 0.064000 0.159461
178 0.000000 0.158570
179 0.036000 0.157889
180 0.012000 0.157083
181 0.034000 0.156407
182 0.002000 0.155563
183 0.024000 0.154848
184 0.042000 0.154238
185 0.038000 0.153613
186 0.044000 0.153027
187 -0.028000 0.152064
188 0.000000 0.151259
189 -0.012000 0.150400
190 -0.038000 0.149414
191 -0.020000 0.148531
192 0.020000 0.147865
193 -0.014000 0.147031
194 0.030000 0.146431
195 0.008000 0.145724
196 0.016000 0.145066
197 0.022000 0.144444
198 0.014000 0.143789
199 -0.008000 0.143030
