0 1.000000 1.000000
1 0.950000 0.975000
2 0.886000 0.945333
3 0.814000 0.912500
4 0.778000 0.885600
5 0.772000 0.866667
6 0.764000 0.852000
7 0.736000 0.837500
8 0.720000 0.824444
9 0.684000 0.810400
10 0.712000 0.801455
11 0.670000 0.790500
12 0.670000 0.781231
13 0.672000 0.773429
14 0.684000 0.767467
15 0.644000 0.759750
16 0.606000 0.750706
17 0.612000 0.743000
18 0.584000 0.734632
19 0.574000 0.726600
20 0.570000 0.719143
21 0.608000 0.714091
22 0.588000 0.708609
23 0.574000 0.703000
24 0.540000 0.696480
25 0.558000 0.691154
26 0.530000 0.685185
27 0.520000 0.679286
28 0.524000 0.673931
29 0.526000 0.669000
30 0.522000 0.664258
31 0.500000 0.659125
32 0.478000 0.653636
33 0.504000 0.649235
34 0.534000 0.645943
35 0.506000 0.642056
36 0.508000 0.638432
37 0.490000 0.634526
38 0.470000 0.630308
39 0.444000 0.625650
40 0.430000 0.620878
41 0.394000 0.615476
42 0.396000 0.610372
43 0.402000 0.605636
44 0.392000 0.600889
45 0.424000 0.597043
46 0.406000 0.592979
47 0.392000 0.588792
48 0.356000 0.584041
49 0.354000 0.579440
50 0.330000 0.574549
51 0.340000 0.570038
52 0.332000 0.565547
53 0.346000 0.561481
54 0.338000 0.557418
55 0.352000 0.553750
56 0.336000 0.549930
57 0.332000 0.546172
58 0.324000 0.542407
59 0.362000 0.539400
60 0.350000 0.536295
61 0.392000 0.533968
62 0.384000 0.531587
63 0.380000 0.529219
64 0.338000 0.526277
65 0.316000 0.523091
66 0.304000 0.519821
67 0.292000 0.516471
68 0.320000 0.513623
69 0.298000 0.510543
70 0.276000 0.507239
71 0.260000 0.503806
72 0.238000 0.500164
73 0.298000 0.497432
74 0.314000 0.494987
75 0.318000 0.492658
76 0.316000 0.490364
77 0.282000 0.487692
78 0.266000 0.484886
79 0.260000 0.482075
80 0.234000 0.479012
81 0.240000 0.476098
82 0.280000 0.473735
83 0.212000 0.470619
84 0.226000 0.467741
85 0.236000 0.465047
86 0.230000 0.462345
87 0.222000 0.459614
88 0.226000 0.456989
89 0.260000 0.454800
90 0.242000 0.452462
91 0.234000 0.450087
92 0.238000 0.447806
93 0.220000 0.445383
94 0.214000 0.442947
95 0.176000 0.440167
96 0.206000 0.437753
97 0.184000 0.435163
98 0.214000 0.432929
99 0.192000 0.430520
100 0.158000 0.427822
101 0.164000 0.425235
102 0.204000 0.423087
103 0.212000 0.421058
104 0.190000 0.418857
105 0.220000 0.416981
106 0.182000 0.414785
107 0.152000 0.412352
108 0.170000 0.410128
109 0.148000 0.407745
110 0.192000 0.405802
111 0.206000 0.404018
112 0.232000 0.402496
113 0.196000 0.400684
114 0.184000 0.398800
115 0.200000 0.397086
116 0.188000 0.395299
117 0.164000 0.393339
118 0.192000 0.391647
119 0.186000 0.389933
120 0.150000 0.387950
121 0.122000 0.385770
122 0.150000 0.383854
123 0.166000 0.382097
124 0.166000 0.380368
125 0.184000 0.378810
126 0.156000 0.377055
127 0.164000 0.375391
128 0.202000 0.374047
129 0.142000 0.372262
130 0.164000 0.370672
131 0.170000 0.369152
132 0.142000 0.367444
133 0.160000 0.365896
134 0.098000 0.363911
135 0.138000 0.362250
136 0.092000 0.360277
137 0.146000 0.358725
138 0.120000 0.357007
139 0.120000 0.355314
140 0.084000 0.353390
141 0.112000 0.351690
142 0.092000 0.349874
143 0.142000 0.348431
144 0.110000 0.346786
145 0.098000 0.345082
146 0.096000 0.343388
147 0.114000 0.341838
148 0.142000 0.340497
149 0.164000 0.339320
150 0.108000 0.337788
151 0.092000 0.336171
152 0.102000 0.334641
153 0.162000 0.333519
154 0.152000 0.332348
155 0.112000 0.330936
156 0.116000 0.329567
157 0.132000 0.328316
158 0.138000 0.327119
159 0.118000 0.325813
160 0.132000 0.324609
161 0.144000 0.323494
162 0.172000 0.322564
163 0.164000 0.321598
164 0.174000 0.320703
165 0.150000 0.319675
166 0.176000 0.318814
167 0.158000 0.317857
168 0.154000 0.316888
169 0.146000 0.315882
170 0.094000 0.314585
171 0.148000 0.313616
172 0.136000 0.312590
173 0.136000 0.311575
174 0.114000 0.310446
175 0.106000 0.309284
176 0.118000 0.308203
177 0.162000 0.307382
178 0.120000 0.306335
179 0.144000 0.305433
180 0.114000 0.304376
181 0.080000 0.303143
182 0.096000 0.302011
183 0.090000 0.300859
184 0.074000 0.299632
185 0.080000 0.298452
186 0.098000 0.297380
187 0.130000 0.296489
188 0.120000 0.295556
189 0.078000 0.294411
190 0.074000 0.293257
191 0.126000 0.292385
192 0.086000 0.291316
193 0.098000 0.290320
194 0.082000 0.289251
195 0.096000 0.288265
196 0.088000 0.287249
197 0.078000 0.286192
198 0.084000 0.285176
199 0.082000 0.284160
200 0.078000 0.283134
201 0.072000 0.282089
202 0.048000 0.280936
203 0.052000 0.279814
204 0.036000 0.278624
205 0.000000 0.277272
206 0.020000 0.276029
207 0.012000 0.274760
208 0.002000 0.273455
209 0.000000 0.272152
210 -0.002000 0.270853
211 0.046000 0.269792
212 0.090000 0.268948
213 0.040000 0.267879
214 0.028000 0.266763
215 0.058000 0.265796
216 0.032000 0.264719
217 0.052000 0.263743
218 0.044000 0.262740
219 0.060000 0.261818
220 0.034000 0.260787
221 0.026000 0.259730
222 -0.002000 0.258556
223 0.026000 0.257518
224 0.036000 0.256533
225 0.014000 0.255460
226 0.032000 0.254476
227 0.060000 0.253623
228 0.034000 0.252664
229 0.034000 0.251713
230 0.048000 0.250831
231 0.074000 0.250069
232 0.074000 0.249313
233 0.108000 0.248709
234 0.058000 0.247898
235 0.026000 0.246958
236 0.008000 0.245949
237 0.016000 0.244983
238 0.042000 0.244134
239 0.044000 0.243300
240 0.036000 0.242440
241 0.042000 0.241612
242 0.042000 0.240790
243 0.036000 0.239951
244 0.034000 0.239110
245 0.026000 0.238244
246 0.030000 0.237401
247 -0.006000 0.236419
248 -0.020000 0.235390
249 -0.064000 0.234192
250 -0.056000 0.233036
251 -0.012000 0.232063
252 -0.016000 0.231083
253 -0.032000 0.230047
254 -0.052000 0.228941
255 -0.042000 0.227883
256 -0.058000 0.226770
257 -0.054000 0.225682
258 -0.010000 0.224772
259 0.006000 0.223931
260 -0.018000 0.223004
261 0.010000 0.222191
262 0.006000 0.221369
263 -0.006000 0.220508
264 0.010000 0.219713
265 0.004000 0.218902
266 -0.024000 0.217993
267 -0.012000 0.217134
268 0.022000 0.216409
269 0.034000 0.215733
270 0.010000 0.214974
271 0.014000 0.214235
272 0.008000 0.213480
273 0.014000 0.212752
274 0.032000 0.212095
275 0.024000 0.211413
276 0.064000 0.210881
277 0.036000 0.210252
278 -0.022000 0.209419
279 -0.018000 0.208607
280 -0.028000 0.207765
281 -0.030000 0.206922
282 -0.006000 0.206170
283 0.004000 0.205458
284 0.022000 0.204814
285 -0.016000 0.204042
286 -0.018000 0.203268
287 -0.012000 0.202521
288 0.000000 0.201820
289 0.008000 0.201152
290 0.030000 0.200564
291 0.018000 0.199938
292 0.022000 0.199331
293 0.048000 0.198816
294 0.030000 0.198244
295 0.002000 0.197581
296 -0.038000 0.196788
297 -0.018000 0.196067
298 -0.046000 0.195258
299 -0.010000 0.194573
300 -0.050000 0.193761
301 -0.016000 0.193066
302 0.000000 0.192429
303 -0.008000 0.191770
304 0.008000 0.191167
305 0.016000 0.190595
306 0.030000 0.190072
307 0.002000 0.189461
308 -0.004000 0.188835
309 0.004000 0.188239
310 0.050000 0.187794
311 0.042000 0.187327
312 0.014000 0.186773
313 0.002000 0.186185
314 -0.002000 0.185587
315 0.016000 0.185051
316 0.030000 0.184562
317 -0.026000 0.183899
318 0.014000 0.183367
319 0.002000 0.182800
320 0.020000 0.182293
321 0.010000 0.181758
322 0.016000 0.181245
323 0.008000 0.180710
324 0.002000 0.180160
325 -0.012000 0.179571
326 -0.016000 0.178972
327 0.016000 0.178476
328 -0.024000 0.177860
329 -0.040000 0.177200
330 -0.040000 0.176544
331 -0.014000 0.175970
332 0.000000 0.175441
333 -0.012000 0.174880
334 -0.022000 0.174293
335 -0.006000 0.173756
336 -0.042000 0.173116
337 -0.012000 0.172568
338 0.012000 0.172094
339 -0.014000 0.171547
340 0.040000 0.171161
341 0.070000 0.170865
342 0.046000 0.170501
343 0.050000 0.170151
344 0.036000 0.169762
345 -0.056000 0.169110
346 0.002000 0.168628
347 0.002000 0.168149
348 0.010000 0.167696
349 0.020000 0.167274
350 0.040000 0.166912
351 0.028000 0.166517
352 -0.002000 0.166040
353 -0.036000 0.165469
354 -0.056000 0.164845
355 -0.062000 0.164208
356 -0.032000 0.163658
357 0.006000 0.163218
358 -0.006000 0.162747
359 -0.034000 0.162200
360 -0.006000 0.161734
361 0.020000 0.161343
362 -0.008000 0.160876
363 0.012000 0.160467
364 0.028000 0.160104
365 0.038000 0.159770
366 0.002000 0.159341
367 0.038000 0.159011
368 0.056000 0.158732
369 0.056000 0.158454
370 0.050000 0.158162
371 0.032000 0.157823
372 0.018000 0.157448
373 -0.018000 0.156979
374 -0.032000 0.156475
375 -0.032000 0.155973
376 -0.006000 0.155544
377 -0.024000 0.155069
378 0.058000 0.154813
379 0.040000 0.154511
380 -0.020000 0.154052
381 0.006000 0.153665
382 0.028000 0.153337
383 -0.048000 0.152812
384 0.000000 0.152416
385 0.050000 0.152150
386 0.028000 0.151829
387 -0.002000 0.151433
388 0.002000 0.151049
389 0.014000 0.150697
390 -0.008000 0.150292
391 0.008000 0.149929
392 -0.002000 0.149542
393 -0.010000 0.149137
394 0.010000 0.148785
395 -0.008000 0.148389
396 0.006000 0.148030
397 0.052000 0.147789
398 0.034000 0.147504
399 0.004000 0.147145
400 -0.020000 0.146728
401 0.026000 0.146428
402 0.018000 0.146109
403 0.002000 0.145752
404 0.004000 0.145402
405 -0.006000 0.145030
406 0.042000 0.144776
407 -0.024000 0.144363
408 0.012000 0.144039
409 0.030000 0.143761
410 0.022000 0.143465
411 0.034000 0.143199
412 0.000000 0.142852
413 -0.008000 0.142488
414 -0.036000 0.142058
415 0.012000 0.141745
416 0.002000 0.141410
417 0.034000 0.141153
418 -0.014000 0.140783
419 -0.016000 0.140410
420 -0.018000 0.140033
421 -0.004000 0.139692
422 -0.004000 0.139352
423 -0.004000 0.139014
424 0.044000 0.138791
425 0.046000 0.138573
426 0.012000 0.138276
427 0.006000 0.137967
428 0.020000 0.137692
429 0.022000 0.137423
430 0.084000 0.137299
431 0.070000 0.137144
432 0.064000 0.136975
433 0.076000 0.136834
434 0.062000 0.136662
435 0.080000 0.136532
436 0.058000 0.136352
437 0.062000 0.136183
438 0.024000 0.135927
439 0.054000 0.135741
440 -0.012000 0.135406
441 -0.024000 0.135045
442 -0.020000 0.134695
443 0.004000 0.134401
444 0.016000 0.134135
445 0.018000 0.133874
446 0.004000 0.133584
447 -0.050000 0.133174
448 -0.006000 0.132864
449 -0.014000 0.132538
450 0.030000 0.132310
451 -0.008000 0.132000
452 0.020000 0.131753
453 -0.016000 0.131427
454 0.024000 0.131191
455 0.014000 0.130934
456 -0.004000 0.130639
457 -0.004000 0.130345
458 0.052000 0.130174
459 0.040000 0.129978
460 0.046000 0.129796
461 0.042000 0.129606
462 0.054000 0.129443
463 0.058000 0.129289
464 0.032000 0.129080
465 0.014000 0.128833
466 -0.004000 0.128548
467 -0.010000 0.128252
468 0.000000 0.127979
469 0.006000 0.127719
470 0.010000 0.127469
471 0.012000 0.127225
472 -0.012000 0.126930
473 0.012000 0.126688
474 0.000000 0.126421
475 0.000000 0.126155
476 -0.008000 0.125874
477 0.020000 0.125653
478 0.024000 0.125441
479 0.040000 0.125262
480 0.042000 0.125089
481 0.020000 0.124871
482 0.038000 0.124692
483 0.034000 0.124504
484 0.042000 0.124334
485 0.022000 0.124123
486 0.008000 0.123885
487 0.034000 0.123701
488 0.022000 0.123493
489 0.060000 0.123363
490 0.018000 0.123149
491 0.006000 0.122911
492 0.012000 0.122686
493 0.018000 0.122474
494 0.014000 0.122255
495 0.002000 0.122012
496 0.022000 0.121811
497 0.006000 0.121578
498 0.002000 0.121339
499 0.014000 0.121124
500 0.046000 0.120974
501 0.052000 0.120837
502 0.042000 0.120680
503 0.060000 0.120560
504 0.050000 0.120420
505 0.002000 0.120186
506 0.004000 0.119957
507 0.030000 0.119780
508 -0.030000 0.119485
509 -0.004000 0.119243
510 0.038000 0.119084
511 0.054000 0.118957
512 0.044000 0.118811
513 0.038000 0.118654
514 0.026000 0.118474
515 0.026000 0.118295
516 0.056000 0.118174
517 0.052000 0.118046
518 0.020000 0.117857
519 0.000000 0.117631
520 0.018000 0.117440
521 0.056000 0.117322
522 0.024000 0.117143
523 0.008000 0.116935
524 0.014000 0.116739
525 -0.006000 0.116506
526 0.016000 0.116315
527 0.018000 0.116129
528 0.018000 0.115943
529 -0.004000 0.115717
530 -0.012000 0.115476
531 0.038000 0.115331
532 0.000000 0.115114
533 0.020000 0.114936
534 0.032000 0.114781
535 0.038000 0.114638
536 -0.014000 0.114399
537 -0.018000 0.114152
538 0.030000 0.113996
539 0.028000 0.113837
540 -0.012000 0.113604
541 0.008000 0.113410
542 -0.002000 0.113197
543 0.030000 0.113044
544 0.010000 0.112855
545 -0.014000 0.112623
546 0.008000 0.112431
547 0.012000 0.112248
548 0.036000 0.112109
549 -0.014000 0.111880
550 -0.008000 0.111662
551 -0.052000 0.111366
552 -0.012000 0.111143
553 -0.002000 0.110939
554 0.010000 0.110757
555 0.020000 0.110594
556 0.004000 0.110402
557 0.004000 0.110211
558 0.008000 0.110029
559 -0.006000 0.109821
560 -0.026000 0.109579
561 -0.006000 0.109374
562 0.034000 0.109240
563 0.010000 0.109064
564 -0.008000 0.108857
565 -0.014000 0.108640
566 0.016000 0.108476
567 -0.004000 0.108278
568 -0.014000 0.108063
569 -0.002000 0.107870
570 0.020000 0.107716
571 -0.012000 0.107507
572 0.002000 0.107323
573 0.010000 0.107153
574 -0.020000 0.106932
575 -0.016000 0.106719
576 -0.004000 0.106527
577 -0.058000 0.106242
578 -0.028000 0.106010
579 0.032000 0.105883
580 0.024000 0.105742
581 0.020000 0.105595
582 0.000000 0.105413
583 -0.010000 0.105216
584 -0.020000 0.105002
585 -0.002000 0.104819
586 0.004000 0.104647
587 0.000000 0.104469
588 0.000000 0.104292
589 0.028000 0.104163
590 0.026000 0.104030
591 0.028000 0.103902
592 0.028000 0.103774
593 0.014000 0.103623
594 0.014000 0.103472
595 0.048000 0.103379
596 0.052000 0.103293
597 0.024000 0.103161
598 0.028000 0.103035
599 0.034000 0.102920
600 0.012000 0.102769
601 0.036000 0.102658
602 0.052000 0.102574
603 0.042000 0.102474
604 0.030000 0.102354
605 -0.004000 0.102178
606 0.004000 0.102016
607 -0.020000 0.101816
608 -0.016000 0.101622
609 0.010000 0.101472
610 0.044000 0.101378
611 0.038000 0.101275
612 0.004000 0.101116
613 0.012000 0.100971
614 0.012000 0.100826
615 0.002000 0.100666
616 -0.032000 0.100451
617 0.012000 0.100307
618 0.004000 0.100152
619 -0.024000 0.099952
620 -0.024000 0.099752
621 -0.026000 0.099550
622 -0.008000 0.099377
623 0.010000 0.099234
624 -0.008000 0.099062
625 -0.018000 0.098875
626 -0.044000 0.098648
627 -0.056000 0.098401
628 -0.054000 0.098159
629 -0.022000 0.097968
630 -0.026000 0.097772
631 0.010000 0.097633
632 0.048000 0.097555
633 0.024000 0.097438
634 -0.004000 0.097279
635 0.008000 0.097138
636 -0.016000 0.096961
637 -0.016000 0.096784
638 -0.026000 0.096592
639 -0.008000 0.096428
640 -0.036000 0.096222
641 -0.020000 0.096040
642 0.006000 0.095900
643 0.006000 0.095761
644 -0.034000 0.095560
645 -0.044000 0.095344
646 -0.026000 0.095156
647 -0.026000 0.094969
648 -0.020000 0.094792
649 -0.040000 0.094585
650 -0.040000 0.094378
651 0.012000 0.094252
652 -0.016000 0.094083
653 0.010000 0.093954
654 0.000000 0.093811
655 -0.014000 0.093646
656 0.010000 0.093519
657 0.026000 0.093416
658 0.002000 0.093278
659 0.006000 0.093145
660 -0.018000 0.092977
661 -0.032000 0.092789
662 -0.008000 0.092637
663 0.012000 0.092515
664 0.050000 0.092451
665 0.054000 0.092393
666 0.030000 0.092300
667 0.024000 0.092198
668 0.006000 0.092069
669 0.052000 0.092009
670 0.002000 0.091875
671 0.004000 0.091744
672 0.024000 0.091643
673 -0.012000 0.091490
674 -0.032000 0.091307
675 0.008000 0.091183
676 0.066000 0.091146
677 -0.016000 0.090988
678 0.022000 0.090887
679 -0.008000 0.090741
680 0.034000 0.090658
681 0.024000 0.090560
682 0.050000 0.090501
683 0.022000 0.090401
684 0.036000 0.090321
685 0.026000 0.090227
686 0.022000 0.090128
687 0.004000 0.090003
688 0.028000 0.089913
689 0.070000 0.089884
690 0.058000 0.089838
691 0.020000 0.089737
692 0.052000 0.089683
693 0.022000 0.089585
694 0.010000 0.089471
695 -0.014000 0.089322
696 -0.008000 0.089182
697 -0.030000 0.089011
698 0.000000 0.088884
699 0.072000 0.088860
700 0.084000 0.088853
701 0.024000 0.088761
702 0.048000 0.088703
703 0.032000 0.088622
704 0.018000 0.088522
705 -0.002000 0.088394
706 -0.004000 0.088263
707 -0.012000 0.088121
708 0.004000 0.088003
709 -0.004000 0.087873
710 0.000000 0.087750
711 0.002000 0.087629
712 0.022000 0.087537
713 0.016000 0.087437
714 0.014000 0.087334
715 -0.004000 0.087207
716 -0.010000 0.087071
717 -0.026000 0.086914
718 -0.018000 0.086768
719 -0.054000 0.086572
720 -0.048000 0.086386
721 -0.044000 0.086205
722 -0.040000 0.086030
723 0.014000 0.085931
724 -0.004000 0.085807
725 0.038000 0.085741
726 0.000000 0.085623
727 0.016000 0.085527
728 -0.016000 0.085388
729 -0.002000 0.085268
730 0.008000 0.085163
731 -0.034000 0.085000
732 0.002000 0.084887
733 0.018000 0.084796
734 0.018000 0.084705
735 0.016000 0.084611
736 0.082000 0.084608
737 0.030000 0.084534
738 -0.012000 0.084403
739 -0.026000 0.084254
740 -0.042000 0.084084
741 0.024000 0.084003
742 0.006000 0.083898
743 -0.002000 0.083782
744 -0.014000 0.083651
745 0.042000 0.083595
746 0.048000 0.083548
747 0.030000 0.083476
748 0.056000 0.083439
749 -0.008000 0.083317
750 -0.038000 0.083156
751 0.002000 0.083048
752 0.010000 0.082951
753 0.006000 0.082849
754 -0.022000 0.082710
755 0.012000 0.082616
756 0.030000 0.082547
757 -0.016000 0.082417
758 0.010000 0.082321
759 0.020000 0.082239
760 -0.012000 0.082116
761 -0.004000 0.082003
762 -0.022000 0.081866
763 -0.010000 0.081746
764 0.008000 0.081650
765 -0.002000 0.081540
766 0.010000 0.081447
767 -0.016000 0.081320
768 0.000000 0.081215
769 -0.010000 0.081096
770 -0.022000 0.080962
771 0.014000 0.080876
772 -0.004000 0.080766
773 -0.006000 0.080654
774 -0.002000 0.080547
775 0.038000 0.080492
776 -0.006000 0.080381
777 -0.004000 0.080272
778 -0.024000 0.080139
779 -0.024000 0.080005
780 -0.060000 0.079826
781 -0.026000 0.079691
782 -0.032000 0.079548
783 -0.030000 0.079408
784 -0.012000 0.079292
785 0.026000 0.079224
786 -0.012000 0.079108
787 0.010000 0.079020
788 -0.032000 0.078880
789 0.032000 0.078820
790 -0.010000 0.078708
791 -0.008000 0.078598
792 0.014000 0.078517
793 -0.006000 0.078411
794 -0.026000 0.078279
795 0.004000 0.078186
796 -0.014000 0.078070
797 -0.036000 0.077927
798 -0.034000 0.077787
799 -0.002000 0.077688
800 0.024000 0.077620
801 0.000000 0.077524
802 -0.016000 0.077407
803 -0.020000 0.077286
804 -0.038000 0.077143
805 -0.030000 0.077010
806 0.008000 0.076924
807 0.006000 0.076837
808 -0.006000 0.076734
809 -0.004000 0.076635
810 0.034000 0.076582
811 0.022000 0.076515
812 0.012000 0.076435
813 0.008000 0.076351
814 0.020000 0.076282
815 0.010000 0.076201
816 -0.010000 0.076095
817 -0.016000 0.075983
818 -0.002000 0.075888
819 0.038000 0.075841
820 0.032000 0.075788
821 -0.006000 0.075689
822 -0.014000 0.075580
823 -0.002000 0.075485
824 0.004000 0.075399
825 -0.002000 0.075305
826 -0.002000 0.075212
827 -0.014000 0.075104
828 -0.004000 0.075008
829 -0.038000 0.074872
830 -0.012000 0.074768
831 0.020000 0.074702
832 -0.010000 0.074600
833 -0.010000 0.074499
834 -0.056000 0.074343
835 -0.030000 0.074218
836 -0.024000 0.074100
837 -0.008000 0.074002
838 -0.052000 0.073852
839 -0.042000 0.073714
840 -0.062000 0.073553
841 -0.044000 0.073413
842 -0.072000 0.073241
843 -0.036000 0.073111
844 -0.056000 0.072959
845 0.006000 0.072879
846 0.002000 0.072796
847 -0.016000 0.072691
848 -0.002000 0.072603
849 0.014000 0.072534
850 -0.030000 0.072414
851 -0.018000 0.072308
852 -0.014000 0.072206
853 -0.004000 0.072117
854 0.006000 0.072040
855 0.034000 0.071995
856 0.044000 0.071963
857 -0.004000 0.071874
858 -0.034000 0.071751
859 -0.046000 0.071614
860 -0.004000 0.071526
861 0.010000 0.071455
862 -0.042000 0.071323
863 -0.034000 0.071201
864 0.010000 0.071131
865 0.030000 0.071083
866 -0.002000 0.070999
867 0.008000 0.070926
868 -0.004000 0.070840
869 0.002000 0.070761
870 -0.024000 0.070652
871 0.006000 0.070578
872 0.000000 0.070497
873 -0.008000 0.070407
874 0.044000 0.070377
875 0.020000 0.070320
876 -0.026000 0.070210
877 0.022000 0.070155
878 0.022000 0.070100
879 0.010000 0.070032
880 0.018000 0.069973
881 -0.020000 0.069871
882 -0.030000 0.069758
883 -0.032000 0.069643
884 -0.004000 0.069559
885 -0.034000 0.069442
886 -0.080000 0.069274
887 -0.028000 0.069164
888 -0.002000 0.069084
889 0.016000 0.069025
890 0.028000 0.068979
891 0.018000 0.068922
892 -0.026000 0.068815
893 -0.014000 0.068723
894 -0.008000 0.068637
895 0.014000 0.068576
896 0.010000 0.068511
897 0.010000 0.068445
898 0.000000 0.068369
899 -0.006000 0.068287
900 -0.026000 0.068182
901 -0.010000 0.068095
902 0.038000 0.068062
903 -0.004000 0.067982
904 -0.010000 0.067896
905 -0.018000 0.067801
906 -0.038000 0.067685
907 0.000000 0.067610
908 0.010000 0.067547
909 0.010000 0.067484
910 0.028000 0.067440
911 0.002000 0.067368
912 -0.004000 0.067290
913 0.002000 0.067219
914 0.012000 0.067158
915 0.020000 0.067107
916 0.040000 0.067077
917 0.090000 0.067102
918 0.048000 0.067082
919 0.006000 0.067015
920 -0.022000 0.066919
921 -0.004000 0.066842
922 -0.006000 0.066763
923 0.016000 0.066708
924 -0.002000 0.066634
925 0.004000 0.066566
926 0.034000 0.066531
927 -0.038000 0.066418
928 -0.006000 0.066340
929 -0.044000 0.066222
930 -0.020000 0.066129
931 -0.036000 0.066019
932 0.004000 0.065953
933 0.022000 0.065906
934 0.006000 0.065842
935 -0.016000 0.065754
936 -0.040000 0.065641
937 -0.014000 0.065557
938 0.048000 0.065538
939 0.022000 0.065491
940 -0.006000 0.065416
941 0.014000 0.065361
942 0.026000 0.065319
943 0.028000 0.065280
944 -0.014000 0.065196
945 0.022000 0.065150
946 -0.004000 0.065077
947 -0.022000 0.064985
948 -0.026000 0.064889
949 -0.044000 0.064775
950 0.014000 0.064721
951 0.006000 0.064660
952 -0.004000 0.064588
953 -0.006000 0.064514
954 0.020000 0.064467
955 0.014000 0.064414
956 -0.042000 0.064303
957 -0.032000 0.064203
958 -0.010000 0.064125
959 0.002000 0.064060
960 0.036000 0.064031
961 0.000000 0.063965
962 0.004000 0.063902
963 0.030000 0.063867
964 0.002000 0.063803
965 0.026000 0.063764
966 -0.026000 0.063671
967 -0.010000 0.063595
968 -0.020000 0.063509
969 -0.056000 0.063386
970 -0.068000 0.063250
971 -0.048000 0.063136
972 -0.004000 0.063067
973 -0.040000 0.062961
974 -0.034000 0.062862
975 -0.048000 0.062748
976 -0.040000 0.062643
977 -0.032000 0.062546
978 -0.048000 0.062433
979 0.018000 0.062388
980 0.010000 0.062334
981 -0.028000 0.062242
982 -0.038000 0.062140
983 -0.050000 0.062026
984 -0.046000 0.061917
985 -0.026000 0.061828
986 -0.010000 0.061755
987 -0.032000 0.061660
988 -0.010000 0.061587
989 -0.010000 0.061515
990 -0.008000 0.061445
991 0.004000 0.061387
992 0.040000 0.061366
993 0.024000 0.061328
994 0.050000 0.061317
995 -0.024000 0.061231
996 -0.008000 0.061161
997 -0.016000 0.061084
998 -0.010000 0.061013
999 -0.006000 0.060946
