0 1.000000 1.000000
1 0.996000 0.998000
2 0.984000 0.993333
3 0.982000 0.990500
4 0.972000 0.986800
5 0.976000 0.985000
6 0.986000 0.985143
7 0.984000 0.985000
8 0.980000 0.984444
9 0.974000 0.983400
10 0.978000 0.982909
11 0.968000 0.981667
12 0.980000 0.981538
13 0.966000 0.980429
14 0.966000 0.979467
15 0.956000 0.978000
16 0.968000 0.977412
17 0.956000 0.976222
18 0.954000 0.975053
19 0.962000 0.974400
20 0.966000 0.974000
21 0.954000 0.973091
22 0.962000 0.972609
23 0.966000 0.972333
24 0.970000 0.972240
25 0.960000 0.971769
26 0.968000 0.971630
27 0.980000 0.971929
28 0.976000 0.972069
29 0.966000 0.971867
30 0.962000 0.971548
31 0.970000 0.971500
32 0.976000 0.971636
33 0.972000 0.971647
34 0.980000 0.971886
35 0.970000 0.971833
36 0.982000 0.972108
37 0.970000 0.972053
38 0.978000 0.972205
39 0.972000 0.972200
40 0.946000 0.971561
41 0.956000 0.971190
42 0.962000 0.970977
43 0.960000 0.970727
44 0.970000 0.970711
45 0.968000 0.970652
46 0.978000 0.970809
47 0.968000 0.970750
48 0.962000 0.970571
49 0.972000 0.970600
50 0.976000 0.970706
51 0.984000 0.970962
52 0.970000 0.970943
53 0.964000 0.970815
54 0.970000 0.970800
55 0.962000 0.970643
56 0.970000 0.970632
57 0.966000 0.970552
58 0.958000 0.970339
59 0.978000 0.970467
60 0.972000 0.970492
61 0.966000 0.970419
62 0.958000 0.970222
63 0.964000 0.970125
64 0.970000 0.970123
65 0.978000 0.970242
66 0.968000 0.970209
67 0.962000 0.970088
68 0.968000 0.970058
69 0.964000 0.969971
70 0.974000 0.970028
71 0.980000 0.970167
72 0.968000 0.970137
73 0.962000 0.970027
74 0.978000 0.970133
75 0.970000 0.970132
76 0.970000 0.970130
77 0.980000 0.970256
78 0.978000 0.970354
79 0.956000 0.970175
80 0.962000 0.970074
81 0.956000 0.969902
82 0.946000 0.969614
83 0.952000 0.969405
84 0.944000 0.969106
85 0.948000 0.968860
86 0.952000 0.968667
87 0.956000 0.968523
88 0.952000 0.968337
89 0.962000 0.968267
90 0.968000 0.968264
91 0.950000 0.968065
92 0.948000 0.967849
93 0.962000 0.967787
94 0.972000 0.967832
95 0.964000 0.967792
96 0.964000 0.967753
97 0.962000 0.967694
98 0.960000 0.967616
99 0.962000 0.967560
100 0.954000 0.967426
101 0.954000 0.967294
102 0.962000 0.967243
103 0.956000 0.967135
104 0.966000 0.967124
105 0.958000 0.967038
106 0.960000 0.966972
107 0.970000 0.967000
108 0.984000 0.967156
109 0.984000 0.967309
110 0.982000 0.967441
111 0.974000 0.967500
112 0.978000 0.967593
113 0.990000 0.967789
114 0.964000 0.967757
115 0.968000 0.967759
116 0.974000 0.967812
117 0.982000 0.967932
118 0.990000 0.968118
119 0.974000 0.968167
120 0.970000 0.968182
121 0.966000 0.968164
122 0.974000 0.968211
123 0.972000 0.968242
124 0.970000 0.968256
125 0.970000 0.968270
126 0.966000 0.968252
127 0.966000 0.968234
128 0.970000 0.968248
129 0.972000 0.968277
130 0.954000 0.968168
131 0.972000 0.968197
132 0.970000 0.968211
133 0.968000 0.968209
134 0.972000 0.968237
135 0.958000 0.968162
136 0.972000 0.968190
137 0.972000 0.968217
138 0.980000 0.968302
139 0.982000 0.968400
140 0.976000 0.968454
141 0.982000 0.968549
142 0.980000 0.968629
143 0.972000 0.968653
144 0.980000 0.968731
145 0.978000 0.968795
146 0.978000 0.968857
147 0.988000 0.968986
148 0.980000 0.969060
149 0.984000 0.969160
150 0.972000 0.969179
151 0.974000 0.969211
152 0.976000 0.969255
153 0.972000 0.969273
154 0.968000 0.969265
155 0.978000 0.969321
156 0.952000 0.969210
157 0.952000 0.969101
158 0.962000 0.969057
159 0.974000 0.969087
160 0.970000 0.969093
161 0.958000 0.969025
162 0.954000 0.968933
163 0.962000 0.968890
164 0.970000 0.968897
165 0.974000 0.968928
166 0.982000 0.969006
167 0.980000 0.969071
168 0.986000 0.969172
169 0.976000 0.969212
170 0.970000 0.969216
171 0.978000 0.969267
172 0.974000 0.969295
173 0.974000 0.969322
174 0.970000 0.969326
175 0.970000 0.969330
176 0.972000 0.969345
177 0.970000 0.969348
178 0.962000 0.969307
179 0.978000 0.969356
180 0.990000 0.969470
181 0.982000 0.969538
182 0.978000 0.969585
183 0.968000 0.969576
184 0.978000 0.969622
185 0.984000 0.969699
186 0.970000 0.969701
187 0.962000 0.969660
188 0.954000 0.969577
189 0.974000 0.969600
190 0.968000 0.969592
191 0.974000 0.969615
192 0.966000 0.969596
193 0.976000 0.969629
194 0.964000 0.969600
195 0.970000 0.969602
196 0.976000 0.969635
197 0.970000 0.969636
198 0.964000 0.969608
199 0.968000 0.969600
200 0.968000 0.969592
201 0.964000 0.969564
202 0.962000 0.969527
203 0.970000 0.969529
204 0.974000 0.969551
205 0.968000 0.969544
206 0.970000 0.969546
207 0.978000 0.969587
208 0.976000 0.969617
209 0.984000 0.969686
210 0.972000 0.969697
211 0.966000 0.969679
212 0.980000 0.969728
213 0.970000 0.969729
214 0.966000 0.969712
215 0.976000 0.969741
216 0.978000 0.969779
217 0.982000 0.969835
218 0.972000 0.969845
219 0.974000 0.969864
220 0.970000 0.969864
221 0.970000 0.969865
222 0.966000 0.969848
223 0.962000 0.969812
224 0.974000 0.969831
225 0.968000 0.969823
226 0.970000 0.969824
227 0.970000 0.969825
228 0.958000 0.969773
229 0.968000 0.969765
230 0.970000 0.969766
231 0.972000 0.969776
232 0.972000 0.969785
233 0.970000 0.969786
234 0.960000 0.969745
235 0.974000 0.969763
236 0.976000 0.969789
237 0.972000 0.969798
238 0.970000 0.969799
239 0.966000 0.969783
240 0.964000 0.969759
241 0.976000 0.969785
242 0.970000 0.969786
243 0.980000 0.969828
244 0.968000 0.969820
245 0.958000 0.969772
246 0.960000 0.969733
247 0.968000 0.969726
248 0.964000 0.969703
249 0.964000 0.969680
250 0.966000 0.969665
251 0.962000 0.969635
252 0.972000 0.969644
253 0.970000 0.969646
254 0.972000 0.969655
255 0.964000 0.969633
256 0.966000 0.969619
257 0.950000 0.969543
258 0.974000 0.969560
259 0.972000 0.969569
260 0.974000 0.969586
261 0.976000 0.969611
262 0.976000 0.969635
263 0.968000 0.969629
264 0.976000 0.969653
265 0.976000 0.969677
266 0.980000 0.969715
267 0.986000 0.969776
268 0.976000 0.969799
269 0.974000 0.969815
270 0.968000 0.969808
271 0.970000 0.969809
272 0.980000 0.969846
273 0.978000 0.969876
274 0.968000 0.969869
275 0.966000 0.969855
276 0.972000 0.969863
277 0.968000 0.969856
278 0.972000 0.969864
279 0.964000 0.969843
280 0.980000 0.969879
281 0.970000 0.969879
282 0.966000 0.969866
283 0.964000 0.969845
284 0.960000 0.969811
285 0.958000 0.969769
286 0.976000 0.969791
287 0.958000 0.969750
288 0.960000 0.969716
289 0.978000 0.969745
290 0.958000 0.969704
291 0.968000 0.969699
292 0.970000 0.969700
293 0.966000 0.969687
294 0.966000 0.969675
295 0.966000 0.969662
296 0.960000 0.969630
297 0.976000 0.969651
298 0.970000 0.969652
299 0.966000 0.969640
300 0.960000 0.969608
301 0.968000 0.969603
302 0.952000 0.969545
303 0.962000 0.969520
304 0.970000 0.969521
305 0.970000 0.969523
306 0.962000 0.969498
307 0.968000 0.969494
308 0.976000 0.969515
309 0.980000 0.969548
310 0.978000 0.969576
311 0.962000 0.969551
312 0.970000 0.969553
313 0.976000 0.969573
314 0.970000 0.969575
315 0.968000 0.969570
316 0.970000 0.969571
317 0.954000 0.969522
318 0.966000 0.969511
319 0.960000 0.969481
320 0.970000 0.969483
321 0.970000 0.969484
322 0.970000 0.969486
323 0.974000 0.969500
324 0.974000 0.969514
325 0.964000 0.969497
326 0.970000 0.969498
327 0.968000 0.969494
328 0.958000 0.969459
329 0.956000 0.969418
330 0.964000 0.969402
331 0.972000 0.969410
332 0.968000 0.969405
333 0.974000 0.969419
334 0.972000 0.969427
335 0.976000 0.969446
336 0.966000 0.969436
337 0.964000 0.969420
338 0.970000 0.969422
339 0.972000 0.969429
340 0.970000 0.969431
341 0.962000 0.969409
342 0.972000 0.969417
343 0.968000 0.969413
344 0.966000 0.969403
345 0.962000 0.969382
346 0.962000 0.969360
347 0.976000 0.969379
348 0.968000 0.969375
349 0.966000 0.969366
350 0.964000 0.969350
351 0.982000 0.969386
352 0.980000 0.969416
353 0.972000 0.969424
354 0.982000 0.969459
355 0.970000 0.969461
356 0.970000 0.969462
357 0.966000 0.969453
358 0.964000 0.969437
359 0.968000 0.969433
360 0.960000 0.969407
361 0.960000 0.969381
362 0.960000 0.969355
363 0.978000 0.969379
364 0.982000 0.969414
365 0.976000 0.969432
366 0.964000 0.969417
367 0.968000 0.969413
368 0.978000 0.969436
369 0.978000 0.969459
370 0.972000 0.969466
371 0.974000 0.969478
372 0.970000 0.969480
373 0.972000 0.969487
374 0.988000 0.969536
375 0.980000 0.969564
376 0.970000 0.969565
377 0.972000 0.969571
378 0.970000 0.969573
379 0.982000 0.969605
380 0.974000 0.969617
381 0.974000 0.969628
382 0.964000 0.969614
383 0.970000 0.969615
384 0.970000 0.969616
385 0.978000 0.969637
386 0.976000 0.969654
387 0.968000 0.969649
388 0.964000 0.969635
389 0.956000 0.969600
390 0.970000 0.969601
391 0.970000 0.969602
392 0.974000 0.969613
393 0.976000 0.969629
394 0.974000 0.969641
395 0.962000 0.969621
396 0.964000 0.969607
397 0.966000 0.969598
398 0.954000 0.969559
399 0.962000 0.969540
400 0.980000 0.969566
401 0.970000 0.969567
402 0.978000 0.969588
403 0.968000 0.969584
404 0.974000 0.969595
405 0.958000 0.969567
406 0.974000 0.969577
407 0.964000 0.969564
408 0.962000 0.969545
409 0.966000 0.969537
410 0.968000 0.969533
411 0.952000 0.969490
412 0.940000 0.969419
413 0.956000 0.969386
414 0.968000 0.969383
415 0.960000 0.969361
416 0.968000 0.969357
417 0.976000 0.969373
418 0.972000 0.969379
419 0.970000 0.969381
420 0.978000 0.969401
421 0.972000 0.969408
422 0.970000 0.969409
423 0.962000 0.969392
424 0.980000 0.969416
425 0.964000 0.969404
426 0.968000 0.969400
427 0.958000 0.969374
428 0.966000 0.969366
429 0.970000 0.969367
430 0.966000 0.969360
431 0.976000 0.969375
432 0.976000 0.969390
433 0.982000 0.969419
434 0.976000 0.969434
435 0.976000 0.969450
436 0.968000 0.969446
437 0.968000 0.969443
438 0.966000 0.969435
439 0.962000 0.969418
440 0.958000 0.969392
441 0.978000 0.969412
442 0.982000 0.969440
443 0.962000 0.969423
444 0.962000 0.969407
445 0.956000 0.969377
446 0.974000 0.969387
447 0.964000 0.969375
448 0.970000 0.969376
449 0.964000 0.969364
450 0.980000 0.969388
451 0.978000 0.969407
452 0.966000 0.969400
453 0.978000 0.969419
454 0.982000 0.969446
455 0.978000 0.969465
456 0.992000 0.969514
457 0.976000 0.969528
458 0.978000 0.969547
459 0.976000 0.969561
460 0.972000 0.969566
461 0.968000 0.969563
462 0.972000 0.969568
463 0.972000 0.969573
464 0.964000 0.969561
465 0.964000 0.969549
466 0.970000 0.969550
467 0.978000 0.969568
468 0.964000 0.969557
469 0.958000 0.969532
470 0.964000 0.969520
471 0.970000 0.969521
472 0.966000 0.969514
473 0.964000 0.969502
474 0.958000 0.969478
475 0.966000 0.969471
476 0.970000 0.969472
477 0.958000 0.969448
478 0.968000 0.969445
479 0.966000 0.969437
480 0.976000 0.969451
481 0.972000 0.969456
482 0.978000 0.969474
483 0.974000 0.969483
484 0.964000 0.969472
485 0.964000 0.969461
486 0.956000 0.969433
487 0.972000 0.969439
488 0.964000 0.969427
489 0.964000 0.969416
490 0.978000 0.969434
491 0.986000 0.969467
492 0.988000 0.969505
493 0.986000 0.969538
494 0.990000 0.969580
495 0.974000 0.969589
496 0.972000 0.969594
497 0.976000 0.969606
498 0.968000 0.969603
499 0.966000 0.969596
500 0.964000 0.969585
501 0.968000 0.969582
502 0.970000 0.969583
503 0.972000 0.969587
504 0.984000 0.969616
505 0.968000 0.969613
506 0.966000 0.969606
507 0.970000 0.969606
508 0.966000 0.969599
509 0.970000 0.969600
510 0.978000 0.969616
511 0.976000 0.969629
512 0.966000 0.969622
513 0.974000 0.969630
514 0.966000 0.969623
515 0.974000 0.969632
516 0.972000 0.969636
517 0.974000 0.969645
518 0.970000 0.969645
519 0.976000 0.969658
520 0.974000 0.969666
521 0.978000 0.969682
522 0.968000 0.969679
523 0.960000 0.969660
524 0.974000 0.969669
525 0.960000 0.969650
526 0.978000 0.969666
527 0.984000 0.969693
528 0.990000 0.969732
529 0.970000 0.969732
530 0.968000 0.969729
531 0.962000 0.969714
532 0.970000 0.969715
533 0.974000 0.969723
534 0.972000 0.969727
535 0.980000 0.969746
536 0.962000 0.969732
537 0.974000 0.969740
538 0.968000 0.969737
539 0.976000 0.969748
540 0.966000 0.969741
541 0.958000 0.969720
542 0.968000 0.969716
543 0.964000 0.969706
544 0.962000 0.969692
545 0.964000 0.969681
546 0.978000 0.969697
547 0.980000 0.969715
548 0.978000 0.969730
549 0.972000 0.969735
550 0.964000 0.969724
551 0.960000 0.969707
552 0.968000 0.969703
553 0.956000 0.969679
554 0.962000 0.969665
555 0.968000 0.969662
556 0.956000 0.969637
557 0.976000 0.969649
558 0.970000 0.969649
559 0.964000 0.969639
560 0.968000 0.969636
561 0.970000 0.969637
562 0.976000 0.969648
563 0.970000 0.969649
564 0.966000 0.969642
565 0.970000 0.969643
566 0.974000 0.969651
567 0.952000 0.969620
568 0.960000 0.969603
569 0.970000 0.969604
570 0.970000 0.969604
571 0.962000 0.969591
572 0.956000 0.969567
573 0.962000 0.969554
574 0.962000 0.969541
575 0.960000 0.969524
576 0.962000 0.969511
577 0.970000 0.969512
578 0.960000 0.969496
579 0.972000 0.969500
580 0.964000 0.969491
581 0.978000 0.969505
582 0.968000 0.969503
583 0.964000 0.969493
584 0.978000 0.969508
585 0.976000 0.969519
586 0.972000 0.969523
587 0.972000 0.969527
588 0.962000 0.969514
589 0.972000 0.969519
590 0.968000 0.969516
591 0.982000 0.969537
592 0.974000 0.969545
593 0.968000 0.969542
594 0.976000 0.969553
595 0.970000 0.969554
596 0.972000 0.969558
597 0.978000 0.969572
598 0.976000 0.969583
599 0.982000 0.969603
600 0.968000 0.969601
601 0.966000 0.969595
602 0.966000 0.969589
603 0.964000 0.969579
604 0.976000 0.969590
605 0.964000 0.969581
606 0.960000 0.969565
607 0.978000 0.969579
608 0.970000 0.969580
609 0.974000 0.969587
610 0.966000 0.969581
611 0.960000 0.969565
612 0.976000 0.969576
613 0.972000 0.969580
614 0.964000 0.969571
615 0.958000 0.969552
616 0.970000 0.969553
617 0.958000 0.969534
618 0.958000 0.969515
619 0.964000 0.969506
620 0.962000 0.969494
621 0.962000 0.969482
622 0.964000 0.969474
623 0.970000 0.969474
624 0.966000 0.969469
625 0.958000 0.969450
626 0.968000 0.969448
627 0.974000 0.969455
628 0.976000 0.969466
629 0.966000 0.969460
630 0.976000 0.969471
631 0.962000 0.969459
632 0.964000 0.969450
633 0.954000 0.969426
634 0.966000 0.969420
635 0.964000 0.969412
636 0.976000 0.969422
637 0.960000 0.969408
638 0.954000 0.969383
639 0.954000 0.969359
640 0.966000 0.969354
641 0.960000 0.969340
642 0.956000 0.969319
643 0.956000 0.969298
644 0.962000 0.969287
645 0.972000 0.969291
646 0.984000 0.969314
647 0.974000 0.969321
648 0.972000 0.969325
649 0.972000 0.969329
650 0.974000 0.969336
651 0.970000 0.969337
652 0.970000 0.969338
653 0.976000 0.969349
654 0.974000 0.969356
655 0.966000 0.969351
656 0.962000 0.969339
657 0.960000 0.969325
658 0.966000 0.969320
659 0.970000 0.969321
660 0.972000 0.969325
661 0.978000 0.969338
662 0.976000 0.969348
663 0.970000 0.969349
664 0.966000 0.969344
665 0.956000 0.969324
666 0.964000 0.969316
667 0.970000 0.969317
668 0.966000 0.969312
669 0.976000 0.969322
670 0.970000 0.969323
671 0.964000 0.969315
672 0.962000 0.969305
673 0.964000 0.969297
674 0.976000 0.969307
675 0.974000 0.969314
676 0.964000 0.969306
677 0.962000 0.969295
678 0.968000 0.969293
679 0.970000 0.969294
680 0.966000 0.969289
681 0.978000 0.969302
682 0.974000 0.969309
683 0.972000 0.969313
684 0.970000 0.969314
685 0.974000 0.969321
686 0.984000 0.969342
687 0.970000 0.969343
688 0.978000 0.969356
689 0.966000 0.969351
690 0.968000 0.969349
691 0.968000 0.969347
692 0.950000 0.969319
693 0.968000 0.969317
694 0.970000 0.969318
695 0.970000 0.969319
696 0.958000 0.969303
697 0.958000 0.969287
698 0.960000 0.969273
699 0.958000 0.969257
700 0.966000 0.969252
701 0.962000 0.969242
702 0.962000 0.969232
703 0.964000 0.969224
704 0.972000 0.969228
705 0.976000 0.969238
706 0.968000 0.969236
707 0.966000 0.969232
708 0.966000 0.969227
709 0.950000 0.969200
710 0.968000 0.969198
711 0.964000 0.969191
712 0.964000 0.969184
713 0.962000 0.969174
714 0.962000 0.969164
715 0.964000 0.969156
716 0.974000 0.969163
717 0.970000 0.969164
718 0.974000 0.969171
719 0.970000 0.969172
720 0.958000 0.969157
721 0.974000 0.969163
722 0.974000 0.969170
723 0.964000 0.969163
724 0.968000 0.969161
725 0.966000 0.969157
726 0.966000 0.969153
727 0.974000 0.969159
728 0.970000 0.969160
729 0.974000 0.969167
730 0.978000 0.969179
731 0.972000 0.969183
732 0.978000 0.969195
733 0.950000 0.969169
734 0.962000 0.969159
735 0.958000 0.969144
736 0.974000 0.969151
737 0.960000 0.969138
738 0.966000 0.969134
739 0.970000 0.969135
740 0.968000 0.969134
741 0.968000 0.969132
742 0.966000 0.969128
743 0.962000 0.969118
744 0.978000 0.969130
745 0.972000 0.969134
746 0.960000 0.969122
747 0.976000 0.969131
748 0.972000 0.969135
749 0.970000 0.969136
750 0.960000 0.969124
751 0.972000 0.969128
752 0.972000 0.969131
753 0.970000 0.969133
754 0.974000 0.969139
755 0.960000 0.969127
756 0.960000 0.969115
757 0.978000 0.969127
758 0.972000 0.969130
759 0.974000 0.969137
760 0.982000 0.969154
761 0.978000 0.969165
762 0.964000 0.969159
763 0.974000 0.969165
764 0.980000 0.969179
765 0.966000 0.969175
766 0.970000 0.969176
767 0.962000 0.969167
768 0.962000 0.969157
769 0.974000 0.969164
770 0.962000 0.969154
771 0.952000 0.969132
772 0.960000 0.969120
773 0.964000 0.969114
774 0.972000 0.969117
775 0.960000 0.969106
776 0.954000 0.969086
777 0.956000 0.969069
778 0.962000 0.969060
779 0.964000 0.969054
780 0.980000 0.969068
781 0.992000 0.969097
782 0.988000 0.969121
783 0.962000 0.969112
784 0.970000 0.969113
785 0.974000 0.969120
786 0.984000 0.969139
787 0.974000 0.969145
788 0.978000 0.969156
789 0.968000 0.969154
790 0.964000 0.969148
791 0.954000 0.969129
792 0.962000 0.969120
793 0.958000 0.969106
794 0.970000 0.969107
795 0.978000 0.969118
796 0.972000 0.969122
797 0.962000 0.969113
798 0.978000 0.969124
799 0.970000 0.969125
800 0.972000 0.969129
801 0.956000 0.969112
802 0.958000 0.969098
803 0.954000 0.969080
804 0.962000 0.969071
805 0.966000 0.969067
806 0.972000 0.969071
807 0.972000 0.969074
808 0.954000 0.969056
809 0.956000 0.969040
810 0.978000 0.969051
811 0.970000 0.969052
812 0.980000 0.969065
813 0.982000 0.969081
814 0.972000 0.969085
815 0.982000 0.969100
816 0.978000 0.969111
817 0.974000 0.969117
818 0.976000 0.969126
819 0.964000 0.969120
820 0.972000 0.969123
821 0.964000 0.969117
822 0.970000 0.969118
823 0.974000 0.969124
824 0.974000 0.969130
825 0.972000 0.969133
826 0.954000 0.969115
827 0.968000 0.969114
828 0.968000 0.969112
829 0.962000 0.969104
830 0.974000 0.969110
831 0.968000 0.969108
832 0.974000 0.969114
833 0.972000 0.969118
834 0.970000 0.969119
835 0.976000 0.969127
836 0.970000 0.969128
837 0.968000 0.969126
838 0.956000 0.969111
839 0.972000 0.969114
840 0.956000 0.969099
841 0.968000 0.969097
842 0.972000 0.969101
843 0.972000 0.969104
844 0.978000 0.969115
845 0.976000 0.969123
846 0.980000 0.969136
847 0.976000 0.969144
848 0.956000 0.969128
849 0.950000 0.969106
850 0.968000 0.969105
851 0.970000 0.969106
852 0.970000 0.969107
853 0.978000 0.969117
854 0.972000 0.969120
855 0.974000 0.969126
856 0.972000 0.969130
857 0.972000 0.969133
858 0.962000 0.969125
859 0.974000 0.969130
860 0.982000 0.969145
861 0.960000 0.969135
862 0.970000 0.969136
863 0.960000 0.969125
864 0.970000 0.969126
865 0.968000 0.969125
866 0.968000 0.969123
867 0.988000 0.969145
868 0.988000 0.969167
869 0.980000 0.969179
870 0.986000 0.969199
871 0.984000 0.969216
872 0.974000 0.969221
873 0.980000 0.969233
874 0.976000 0.969241
875 0.980000 0.969253
876 0.988000 0.969275
877 0.976000 0.969282
878 0.974000 0.969288
879 0.984000 0.969305
880 0.978000 0.969314
881 0.970000 0.969315
882 0.954000 0.969298
883 0.958000 0.969285
884 0.968000 0.969284
885 0.946000 0.969257
886 0.960000 0.969247
887 0.968000 0.969245
888 0.966000 0.969242
889 0.968000 0.969240
890 0.962000 0.969232
891 0.954000 0.969215
892 0.960000 0.969205
893 0.972000 0.969208
894 0.974000 0.969213
895 0.976000 0.969221
896 0.976000 0.969229
897 0.966000 0.969225
898 0.970000 0.969226
899 0.958000 0.969213
900 0.960000 0.969203
901 0.972000 0.969206
902 0.962000 0.969198
903 0.974000 0.969204
904 0.964000 0.969198
905 0.972000 0.969201
906 0.964000 0.969195
907 0.968000 0.969194
908 0.980000 0.969206
909 0.970000 0.969207
910 0.964000 0.969201
911 0.976000 0.969208
912 0.970000 0.969209
913 0.980000 0.969221
914 0.952000 0.969202
915 0.960000 0.969192
916 0.978000 0.969202
917 0.978000 0.969211
918 0.968000 0.969210
919 0.974000 0.969215
920 0.978000 0.969225
921 0.972000 0.969228
922 0.978000 0.969237
923 0.982000 0.969251
924 0.968000 0.969250
925 0.974000 0.969255
926 0.972000 0.969258
927 0.964000 0.969252
928 0.962000 0.969244
929 0.976000 0.969252
930 0.976000 0.969259
931 0.982000 0.969273
932 0.972000 0.969275
933 0.964000 0.969270
934 0.974000 0.969275
935 0.974000 0.969280
936 0.970000 0.969281
937 0.976000 0.969288
938 0.980000 0.969299
939 0.962000 0.969291
940 0.970000 0.969292
941 0.970000 0.969293
942 0.966000 0.969290
943 0.964000 0.969284
944 0.982000 0.969297
945 0.968000 0.969296
946 0.970000 0.969297
947 0.960000 0.969287
948 0.958000 0.969275
949 0.964000 0.969269
950 0.968000 0.969268
951 0.968000 0.969267
952 0.966000 0.969263
953 0.966000 0.969260
954 0.972000 0.969263
955 0.980000 0.969274
956 0.972000 0.969277
957 0.968000 0.969276
958 0.964000 0.969270
959 0.968000 0.969269
960 0.958000 0.969257
961 0.960000 0.969247
962 0.968000 0.969246
963 0.962000 0.969239
964 0.962000 0.969231
965 0.970000 0.969232
966 0.974000 0.969237
967 0.968000 0.969236
968 0.964000 0.969230
969 0.962000 0.969223
970 0.976000 0.969230
971 0.964000 0.969224
972 0.964000 0.969219
973 0.966000 0.969216
974 0.962000 0.969208
975 0.960000 0.969199
976 0.958000 0.969187
977 0.964000 0.969182
978 0.968000 0.969181
979 0.970000 0.969182
980 0.968000 0.969180
981 0.968000 0.969179
982 0.958000 0.969168
983 0.972000 0.969171
984 0.972000 0.969174
985 0.976000 0.969181
986 0.966000 0.969177
987 0.968000 0.969176
988 0.962000 0.969169
989 0.970000 0.969170
990 0.966000 0.969166
991 0.970000 0.969167
992 0.960000 0.969158
993 0.968000 0.969157
994 0.968000 0.969156
995 0.968000 0.969155
996 0.956000 0.969141
997 0.966000 0.969138
998 0.974000 0.969143
999 0.978000 0.969152
