0 1.000000 1.000000
1 0.916000 0.958000
2 0.832000 0.916000
3 0.774000 0.880500
4 0.790000 0.862400
5 0.750000 0.843667
6 0.696000 0.822571
7 0.638000 0.799500
8 0.606000 0.778000
9 0.586000 0.758800
10 0.558000 0.740545
11 0.548000 0.724500
12 0.502000 0.707385
13 0.496000 0.692286
14 0.470000 0.677467
15 0.462000 0.664000
16 0.436000 0.650588
17 0.420000 0.637778
18 0.386000 0.624526
19 0.396000 0.613100
20 0.364000 0.601238
21 0.348000 0.589727
22 0.370000 0.580174
23 0.328000 0.569667
24 0.316000 0.559520
25 0.326000 0.550538
26 0.304000 0.541407
27 0.320000 0.533500
28 0.268000 0.524345
29 0.282000 0.516267
30 0.290000 0.508968
31 0.248000 0.500812
32 0.232000 0.492667
33 0.244000 0.485353
34 0.228000 0.478000
35 0.214000 0.470667
36 0.198000 0.463297
37 0.206000 0.456526
38 0.184000 0.449538
39 0.182000 0.442850
40 0.180000 0.436439
41 0.174000 0.430190
42 0.188000 0.424558
43 0.160000 0.418545
44 0.176000 0.413156
45 0.154000 0.407522
46 0.128000 0.401574
47 0.154000 0.396417
48 0.172000 0.391837
49 0.142000 0.386840
50 0.148000 0.382157
51 0.138000 0.377462
52 0.150000 0.373170
53 0.160000 0.369222
54 0.092000 0.364182
55 0.112000 0.359679
56 0.130000 0.355649
57 0.100000 0.351241
58 0.096000 0.346915
59 0.104000 0.342867
60 0.128000 0.339344
61 0.104000 0.335548
62 0.122000 0.332159
63 0.078000 0.328188
64 0.096000 0.324615
65 0.078000 0.320879
66 0.056000 0.316925
67 0.088000 0.313559
68 0.050000 0.309739
69 0.080000 0.306457
70 0.054000 0.302901
71 0.072000 0.299694
72 0.056000 0.296356
73 0.030000 0.292757
74 0.040000 0.289387
75 0.026000 0.285921
76 0.000000 0.282208
77 0.012000 0.278744
78 0.066000 0.276051
79 0.034000 0.273025
80 0.038000 0.270123
81 0.032000 0.267220
82 0.022000 0.264265
83 0.074000 0.262000
84 0.074000 0.259788
85 0.056000 0.257419
86 0.046000 0.254989
87 0.062000 0.252795
88 0.044000 0.250449
89 -0.006000 0.247600
90 0.022000 0.245121
91 0.032000 0.242804
92 0.040000 0.240624
93 0.004000 0.238106
94 0.028000 0.235895
95 0.002000 0.233458
96 -0.016000 0.230887
97 0.002000 0.228551
98 0.018000 0.226424
99 -0.006000 0.224100
100 0.052000 0.222396
101 0.062000 0.220824
102 0.054000 0.219204
103 0.058000 0.217654
104 0.048000 0.216038
105 0.074000 0.214698
106 0.048000 0.213140
107 0.016000 0.211315
108 0.032000 0.209670
109 0.044000 0.208164
110 0.014000 0.206414
111 -0.002000 0.204554
112 -0.036000 0.202425
113 -0.018000 0.200491
114 0.030000 0.199009
115 0.008000 0.197362
116 -0.006000 0.195624
117 -0.014000 0.193847
118 0.006000 0.192269
119 0.016000 0.190800
120 -0.036000 0.188926
121 -0.036000 0.187082
122 -0.020000 0.185398
123 -0.066000 0.183371
124 -0.004000 0.181872
125 -0.016000 0.180302
126 -0.052000 0.178472
127 -0.070000 0.176531
128 -0.042000 0.174837
129 -0.002000 0.173477
130 -0.032000 0.171908
131 -0.014000 0.170500
132 -0.046000 0.168872
133 -0.044000 0.167284
134 0.008000 0.166104
135 0.028000 0.165088
136 -0.012000 0.163796
137 -0.012000 0.162522
138 -0.024000 0.161180
139 -0.018000 0.159900
140 -0.012000 0.158681
141 -0.034000 0.157324
142 0.058000 0.156629
143 0.044000 0.155847
144 -0.004000 0.154745
145 -0.002000 0.153671
146 0.008000 0.152680
147 -0.032000 0.151432
148 -0.014000 0.150322
149 -0.044000 0.149027
150 -0.006000 0.148000
151 0.008000 0.147079
152 -0.046000 0.145817
153 -0.004000 0.144844
154 -0.016000 0.143806
155 -0.012000 0.142808
156 -0.026000 0.141732
157 -0.016000 0.140734
158 0.002000 0.139862
159 0.018000 0.139100
160 0.020000 0.138360
161 0.032000 0.137704
162 0.056000 0.137202
163 0.034000 0.136573
164 0.000000 0.135745
165 0.016000 0.135024
166 0.030000 0.134395
167 0.028000 0.133762
168 0.032000 0.133160
169 0.028000 0.132541
170 -0.008000 0.131719
171 -0.012000 0.130884
172 -0.018000 0.130023
173 -0.006000 0.129241
174 0.006000 0.128537
175 -0.024000 0.127670
176 -0.004000 0.126927
177 -0.002000 0.126202
178 -0.030000 0.125330
179 -0.022000 0.124511
180 -0.056000 0.123514
181 -0.050000 0.122560
182 -0.054000 0.121596
183 -0.014000 0.120859
184 -0.006000 0.120173
185 -0.012000 0.119462
186 0.036000 0.119016
187 0.044000 0.118617
188 0.014000 0.118063
189 -0.004000 0.117421
190 0.010000 0.116859
191 -0.014000 0.116177
192 -0.016000 0.115492
193 -0.014000 0.114825
194 0.012000 0.114297
195 0.030000 0.113867
196 0.038000 0.113482
197 -0.002000 0.112899
198 0.022000 0.112442
199 0.040000 0.112080
