0 1.000000 1.000000
1 0.996000 0.998000
2 0.984000 0.993333
3 0.982000 0.990500
4 0.974000 0.987200
5 0.980000 0.986000
6 0.988000 0.986286
7 0.986000 0.986250
8 0.980000 0.985556
9 0.974000 0.984400
10 0.978000 0.983818
11 0.970000 0.982667
12 0.984000 0.982769
13 0.970000 0.981857
14 0.968000 0.980933
15 0.958000 0.979500
16 0.970000 0.978941
17 0.958000 0.977778
18 0.954000 0.976526
19 0.968000 0.976100
20 0.968000 0.975714
21 0.956000 0.974818
22 0.966000 0.974435
23 0.970000 0.974250
24 0.974000 0.974240
25 0.968000 0.974000
26 0.974000 0.974000
27 0.980000 0.974214
28 0.980000 0.974414
29 0.972000 0.974333
30 0.968000 0.974129
31 0.976000 0.974187
32 0.984000 0.974485
33 0.976000 0.974529
34 0.988000 0.974914
35 0.974000 0.974889
36 0.982000 0.975081
37 0.974000 0.975053
38 0.984000 0.975282
39 0.978000 0.975350
40 0.954000 0.974829
41 0.960000 0.974476
42 0.972000 0.974419
43 0.968000 0.974273
44 0.974000 0.974267
45 0.972000 0.974217
46 0.978000 0.974298
47 0.968000 0.974167
48 0.966000 0.974000
49 0.972000 0.973960
50 0.978000 0.974039
51 0.984000 0.974231
52 0.972000 0.974189
53 0.968000 0.974074
54 0.974000 0.974073
55 0.968000 0.973964
56 0.972000 0.973930
57 0.968000 0.973828
58 0.958000 0.973559
59 0.980000 0.973667
60 0.972000 0.973639
61 0.968000 0.973548
62 0.962000 0.973365
63 0.968000 0.973281
64 0.974000 0.973292
65 0.978000 0.973364
66 0.972000 0.973343
67 0.962000 0.973176
68 0.970000 0.973130
69 0.968000 0.973057
70 0.974000 0.973070
71 0.980000 0.973167
72 0.970000 0.973123
73 0.966000 0.973027
74 0.982000 0.973147
75 0.972000 0.973132
76 0.970000 0.973091
77 0.980000 0.973179
78 0.978000 0.973241
79 0.962000 0.973100
80 0.966000 0.973012
81 0.962000 0.972878
82 0.952000 0.972627
83 0.956000 0.972429
84 0.948000 0.972141
85 0.952000 0.971907
86 0.960000 0.971770
87 0.964000 0.971682
88 0.952000 0.971461
89 0.960000 0.971333
90 0.968000 0.971297
91 0.956000 0.971130
92 0.954000 0.970946
93 0.964000 0.970872
94 0.972000 0.970884
95 0.968000 0.970854
96 0.966000 0.970804
97 0.964000 0.970735
98 0.964000 0.970667
99 0.964000 0.970600
100 0.954000 0.970436
101 0.960000 0.970333
102 0.964000 0.970272
103 0.960000 0.970173
104 0.968000 0.970152
105 0.962000 0.970075
106 0.964000 0.970019
107 0.972000 0.970037
108 0.986000 0.970183
109 0.984000 0.970309
110 0.982000 0.970414
111 0.976000 0.970464
112 0.982000 0.970566
113 0.990000 0.970737
114 0.968000 0.970713
115 0.972000 0.970724
116 0.976000 0.970769
117 0.984000 0.970881
118 0.988000 0.971025
119 0.976000 0.971067
120 0.976000 0.971107
121 0.972000 0.971115
122 0.974000 0.971138
123 0.974000 0.971161
124 0.974000 0.971184
125 0.978000 0.971238
126 0.972000 0.971244
127 0.970000 0.971234
128 0.972000 0.971240
129 0.974000 0.971262
130 0.958000 0.971160
131 0.974000 0.971182
132 0.974000 0.971203
133 0.972000 0.971209
134 0.976000 0.971244
135 0.960000 0.971162
136 0.972000 0.971168
137 0.978000 0.971217
138 0.984000 0.971309
139 0.984000 0.971400
140 0.980000 0.971461
141 0.984000 0.971549
142 0.984000 0.971636
143 0.978000 0.971681
144 0.982000 0.971752
145 0.980000 0.971808
146 0.978000 0.971850
147 0.988000 0.971959
148 0.980000 0.972013
149 0.986000 0.972107
150 0.978000 0.972146
151 0.978000 0.972184
152 0.976000 0.972209
153 0.972000 0.972208
154 0.970000 0.972194
155 0.978000 0.972231
156 0.956000 0.972127
157 0.958000 0.972038
158 0.968000 0.972013
159 0.976000 0.972037
160 0.974000 0.972050
161 0.964000 0.972000
162 0.962000 0.971939
163 0.966000 0.971902
164 0.972000 0.971903
165 0.974000 0.971916
166 0.982000 0.971976
167 0.982000 0.972036
168 0.990000 0.972142
169 0.982000 0.972200
170 0.972000 0.972199
171 0.982000 0.972256
172 0.976000 0.972277
173 0.976000 0.972299
174 0.970000 0.972286
175 0.970000 0.972273
176 0.976000 0.972294
177 0.978000 0.972326
178 0.966000 0.972291
179 0.980000 0.972333
180 0.990000 0.972431
181 0.982000 0.972484
182 0.982000 0.972536
183 0.972000 0.972533
184 0.980000 0.972573
185 0.986000 0.972645
186 0.972000 0.972642
187 0.970000 0.972628
188 0.954000 0.972529
189 0.976000 0.972547
190 0.970000 0.972534
191 0.980000 0.972573
192 0.974000 0.972580
193 0.980000 0.972619
194 0.968000 0.972595
195 0.970000 0.972582
196 0.976000 0.972599
197 0.972000 0.972596
198 0.966000 0.972563
199 0.968000 0.972540
200 0.968000 0.972517
201 0.966000 0.972485
202 0.964000 0.972443
203 0.972000 0.972441
204 0.978000 0.972468
205 0.972000 0.972466
206 0.972000 0.972464
207 0.978000 0.972490
208 0.982000 0.972536
209 0.986000 0.972600
210 0.974000 0.972607
211 0.966000 0.972575
212 0.980000 0.972610
213 0.972000 0.972607
214 0.968000 0.972586
215 0.978000 0.972611
216 0.978000 0.972636
217 0.984000 0.972688
218 0.976000 0.972703
219 0.976000 0.972718
220 0.970000 0.972706
221 0.968000 0.972685
222 0.962000 0.972637
223 0.962000 0.972589
224 0.976000 0.972604
225 0.970000 0.972593
226 0.974000 0.972599
227 0.974000 0.972605
228 0.962000 0.972559
229 0.974000 0.972565
230 0.974000 0.972571
231 0.974000 0.972578
232 0.976000 0.972592
233 0.974000 0.972598
234 0.968000 0.972579
235 0.976000 0.972593
236 0.980000 0.972624
237 0.972000 0.972622
238 0.970000 0.972611
239 0.968000 0.972592
240 0.968000 0.972573
241 0.982000 0.972612
242 0.974000 0.972617
243 0.980000 0.972648
244 0.968000 0.972629
245 0.962000 0.972585
246 0.964000 0.972551
247 0.974000 0.972556
248 0.968000 0.972538
249 0.970000 0.972528
250 0.974000 0.972534
251 0.964000 0.972500
252 0.974000 0.972506
253 0.972000 0.972504
254 0.972000 0.972502
255 0.966000 0.972477
256 0.966000 0.972451
257 0.952000 0.972372
258 0.974000 0.972378
259 0.976000 0.972392
260 0.976000 0.972406
261 0.978000 0.972427
262 0.978000 0.972449
263 0.970000 0.972439
264 0.978000 0.972460
265 0.976000 0.972474
266 0.982000 0.972509
267 0.986000 0.972560
268 0.978000 0.972580
269 0.980000 0.972607
270 0.976000 0.972620
271 0.974000 0.972625
272 0.980000 0.972652
273 0.980000 0.972679
274 0.974000 0.972684
275 0.970000 0.972674
276 0.972000 0.972671
277 0.968000 0.972655
278 0.972000 0.972652
279 0.966000 0.972629
280 0.984000 0.972669
281 0.970000 0.972660
282 0.968000 0.972643
283 0.968000 0.972627
284 0.962000 0.972589
285 0.960000 0.972545
286 0.978000 0.972564
287 0.960000 0.972521
288 0.960000 0.972478
289 0.980000 0.972503
290 0.970000 0.972495
291 0.974000 0.972500
292 0.978000 0.972519
293 0.972000 0.972517
294 0.972000 0.972515
295 0.968000 0.972500
296 0.964000 0.972471
297 0.978000 0.972490
298 0.972000 0.972488
299 0.970000 0.972480
300 0.966000 0.972458
301 0.978000 0.972477
302 0.958000 0.972429
303 0.974000 0.972434
304 0.972000 0.972433
305 0.972000 0.972431
306 0.962000 0.972397
307 0.970000 0.972390
308 0.976000 0.972401
309 0.980000 0.972426
310 0.980000 0.972450
311 0.970000 0.972442
312 0.976000 0.972454
313 0.978000 0.972471
314 0.974000 0.972476
315 0.972000 0.972475
316 0.974000 0.972479
317 0.960000 0.972440
318 0.972000 0.972439
319 0.960000 0.972400
320 0.970000 0.972393
321 0.972000 0.972391
322 0.974000 0.972396
323 0.978000 0.972414
324 0.978000 0.972431
325 0.966000 0.972411
326 0.970000 0.972404
327 0.968000 0.972390
328 0.966000 0.972371
329 0.962000 0.972339
330 0.970000 0.972332
331 0.978000 0.972349
332 0.970000 0.972342
333 0.976000 0.972353
334 0.974000 0.972358
335 0.978000 0.972375
336 0.968000 0.972362
337 0.968000 0.972349
338 0.976000 0.972360
339 0.976000 0.972371
340 0.974000 0.972375
341 0.964000 0.972351
342 0.974000 0.972356
343 0.968000 0.972343
344 0.968000 0.972330
345 0.964000 0.972306
346 0.964000 0.972282
347 0.978000 0.972299
348 0.970000 0.972292
349 0.968000 0.972280
350 0.972000 0.972279
351 0.982000 0.972307
352 0.980000 0.972329
353 0.976000 0.972339
354 0.984000 0.972372
355 0.974000 0.972376
356 0.972000 0.972375
357 0.972000 0.972374
358 0.970000 0.972368
359 0.970000 0.972361
360 0.964000 0.972338
361 0.970000 0.972331
362 0.966000 0.972314
363 0.980000 0.972335
364 0.986000 0.972373
365 0.978000 0.972388
366 0.964000 0.972365
367 0.972000 0.972364
368 0.978000 0.972379
369 0.976000 0.972389
370 0.974000 0.972394
371 0.974000 0.972398
372 0.974000 0.972402
373 0.972000 0.972401
374 0.988000 0.972443
375 0.984000 0.972473
376 0.976000 0.972483
377 0.978000 0.972497
378 0.974000 0.972501
379 0.988000 0.972542
380 0.974000 0.972546
381 0.974000 0.972550
382 0.966000 0.972533
383 0.970000 0.972526
384 0.972000 0.972525
385 0.980000 0.972544
386 0.976000 0.972553
387 0.968000 0.972541
388 0.970000 0.972535
389 0.962000 0.972508
390 0.972000 0.972506
391 0.970000 0.972500
392 0.974000 0.972504
393 0.978000 0.972518
394 0.978000 0.972532
395 0.966000 0.972515
396 0.968000 0.972504
397 0.968000 0.972492
398 0.954000 0.972446
399 0.964000 0.972425
400 0.982000 0.972449
401 0.976000 0.972458
402 0.984000 0.972486
403 0.972000 0.972485
404 0.980000 0.972504
405 0.964000 0.972483
406 0.974000 0.972486
407 0.964000 0.972466
408 0.964000 0.972445
409 0.966000 0.972429
410 0.970000 0.972423
411 0.956000 0.972383
412 0.942000 0.972310
413 0.956000 0.972271
414 0.970000 0.972265
415 0.968000 0.972255
416 0.970000 0.972249
417 0.982000 0.972273
418 0.978000 0.972286
419 0.976000 0.972295
420 0.982000 0.972318
421 0.978000 0.972332
422 0.972000 0.972331
423 0.968000 0.972321
424 0.984000 0.972348
425 0.966000 0.972333
426 0.972000 0.972333
427 0.964000 0.972313
428 0.972000 0.972312
429 0.970000 0.972307
430 0.970000 0.972302
431 0.980000 0.972319
432 0.976000 0.972328
433 0.984000 0.972355
434 0.980000 0.972372
435 0.976000 0.972381
436 0.970000 0.972375
437 0.970000 0.972370
438 0.968000 0.972360
439 0.966000 0.972345
440 0.962000 0.972322
441 0.980000 0.972339
442 0.984000 0.972366
443 0.968000 0.972356
444 0.964000 0.972337
445 0.964000 0.972318
446 0.980000 0.972336
447 0.970000 0.972330
448 0.976000 0.972339
449 0.966000 0.972324
450 0.980000 0.972341
451 0.982000 0.972363
452 0.968000 0.972353
453 0.978000 0.972366
454 0.982000 0.972387
455 0.978000 0.972399
456 0.992000 0.972442
457 0.976000 0.972450
458 0.980000 0.972466
459 0.978000 0.972478
460 0.976000 0.972486
461 0.974000 0.972489
462 0.976000 0.972497
463 0.980000 0.972513
464 0.976000 0.972520
465 0.974000 0.972524
466 0.976000 0.972531
467 0.986000 0.972560
468 0.972000 0.972559
469 0.962000 0.972536
470 0.966000 0.972522
471 0.970000 0.972517
472 0.968000 0.972507
473 0.968000 0.972498
474 0.962000 0.972476
475 0.968000 0.972466
476 0.972000 0.972465
477 0.962000 0.972444
478 0.972000 0.972443
479 0.970000 0.972437
480 0.976000 0.972445
481 0.974000 0.972448
482 0.982000 0.972468
483 0.980000 0.972483
484 0.972000 0.972482
485 0.976000 0.972490
486 0.962000 0.972468
487 0.976000 0.972475
488 0.964000 0.972458
489 0.968000 0.972449
490 0.982000 0.972468
491 0.986000 0.972496
492 0.988000 0.972527
493 0.988000 0.972559
494 0.994000 0.972602
495 0.980000 0.972617
496 0.974000 0.972620
497 0.980000 0.972635
498 0.978000 0.972645
499 0.968000 0.972636
500 0.970000 0.972631
501 0.972000 0.972629
502 0.972000 0.972628
503 0.974000 0.972631
504 0.984000 0.972653
505 0.970000 0.972648
506 0.968000 0.972639
507 0.970000 0.972634
508 0.968000 0.972625
509 0.972000 0.972624
510 0.982000 0.972642
511 0.980000 0.972656
512 0.968000 0.972647
513 0.974000 0.972650
514 0.968000 0.972641
515 0.974000 0.972643
516 0.972000 0.972642
517 0.974000 0.972645
518 0.974000 0.972647
519 0.984000 0.972669
520 0.986000 0.972695
521 0.986000 0.972720
522 0.976000 0.972727
523 0.966000 0.972714
524 0.980000 0.972728
525 0.968000 0.972719
526 0.980000 0.972732
527 0.986000 0.972758
528 0.992000 0.972794
529 0.976000 0.972800
530 0.978000 0.972810
531 0.970000 0.972805
532 0.980000 0.972818
533 0.976000 0.972824
534 0.974000 0.972826
535 0.978000 0.972836
536 0.966000 0.972823
537 0.972000 0.972822
538 0.966000 0.972809
539 0.976000 0.972815
540 0.970000 0.972810
541 0.966000 0.972797
542 0.974000 0.972799
543 0.972000 0.972798
544 0.968000 0.972789
545 0.970000 0.972784
546 0.984000 0.972804
547 0.982000 0.972821
548 0.982000 0.972838
549 0.978000 0.972847
550 0.970000 0.972842
551 0.968000 0.972833
552 0.972000 0.972832
553 0.960000 0.972809
554 0.966000 0.972796
555 0.974000 0.972799
556 0.960000 0.972776
557 0.980000 0.972789
558 0.974000 0.972791
559 0.970000 0.972786
560 0.974000 0.972788
561 0.978000 0.972797
562 0.976000 0.972803
563 0.972000 0.972801
564 0.968000 0.972793
565 0.970000 0.972788
566 0.974000 0.972790
567 0.958000 0.972764
568 0.962000 0.972745
569 0.970000 0.972740
570 0.974000 0.972743
571 0.962000 0.972724
572 0.962000 0.972705
573 0.964000 0.972690
574 0.962000 0.972671
575 0.962000 0.972653
576 0.962000 0.972634
577 0.974000 0.972637
578 0.966000 0.972625
579 0.976000 0.972631
580 0.966000 0.972620
581 0.980000 0.972632
582 0.970000 0.972628
583 0.966000 0.972616
584 0.978000 0.972626
585 0.978000 0.972635
586 0.974000 0.972637
587 0.974000 0.972639
588 0.968000 0.972632
589 0.976000 0.972637
590 0.976000 0.972643
591 0.990000 0.972672
592 0.980000 0.972685
593 0.974000 0.972687
594 0.978000 0.972696
595 0.972000 0.972695
596 0.976000 0.972700
597 0.978000 0.972709
598 0.976000 0.972715
599 0.982000 0.972730
600 0.972000 0.972729
601 0.972000 0.972728
602 0.972000 0.972726
603 0.972000 0.972725
604 0.978000 0.972734
605 0.966000 0.972723
606 0.968000 0.972715
607 0.984000 0.972734
608 0.978000 0.972742
609 0.980000 0.972754
610 0.970000 0.972750
611 0.966000 0.972739
612 0.978000 0.972747
613 0.976000 0.972752
614 0.966000 0.972741
615 0.964000 0.972727
616 0.974000 0.972729
617 0.964000 0.972715
618 0.964000 0.972701
619 0.964000 0.972687
620 0.966000 0.972676
621 0.970000 0.972672
622 0.972000 0.972671
623 0.974000 0.972673
624 0.968000 0.972666
625 0.958000 0.972642
626 0.970000 0.972638
627 0.980000 0.972650
628 0.980000 0.972661
629 0.970000 0.972657
630 0.982000 0.972672
631 0.968000 0.972665
632 0.964000 0.972651
633 0.958000 0.972628
634 0.974000 0.972630
635 0.968000 0.972623
636 0.980000 0.972634
637 0.964000 0.972621
638 0.958000 0.972598
639 0.956000 0.972572
640 0.970000 0.972568
641 0.964000 0.972555
642 0.960000 0.972535
643 0.962000 0.972519
644 0.970000 0.972515
645 0.976000 0.972520
646 0.986000 0.972541
647 0.976000 0.972546
648 0.974000 0.972549
649 0.974000 0.972551
650 0.980000 0.972562
651 0.974000 0.972564
652 0.974000 0.972567
653 0.980000 0.972578
654 0.976000 0.972583
655 0.972000 0.972582
656 0.968000 0.972575
657 0.964000 0.972562
658 0.968000 0.972555
659 0.974000 0.972558
660 0.976000 0.972563
661 0.984000 0.972580
662 0.978000 0.972588
663 0.970000 0.972584
664 0.970000 0.972580
665 0.958000 0.972559
666 0.970000 0.972555
667 0.974000 0.972557
668 0.970000 0.972553
669 0.980000 0.972564
670 0.972000 0.972563
671 0.968000 0.972557
672 0.966000 0.972547
673 0.968000 0.972540
674 0.978000 0.972548
675 0.980000 0.972559
676 0.974000 0.972561
677 0.966000 0.972552
678 0.970000 0.972548
679 0.974000 0.972550
680 0.968000 0.972543
681 0.978000 0.972551
682 0.976000 0.972556
683 0.976000 0.972561
684 0.972000 0.972561
685 0.976000 0.972566
686 0.990000 0.972591
687 0.976000 0.972596
688 0.980000 0.972607
689 0.970000 0.972603
690 0.970000 0.972599
691 0.968000 0.972592
692 0.954000 0.972566
693 0.972000 0.972565
694 0.972000 0.972564
695 0.972000 0.972563
696 0.962000 0.972548
697 0.960000 0.972530
698 0.962000 0.972515
699 0.958000 0.972494
700 0.966000 0.972485
701 0.962000 0.972470
702 0.964000 0.972458
703 0.964000 0.972446
704 0.972000 0.972445
705 0.978000 0.972453
706 0.970000 0.972450
707 0.968000 0.972444
708 0.968000 0.972437
709 0.958000 0.972417
710 0.974000 0.972419
711 0.972000 0.972419
712 0.972000 0.972418
713 0.970000 0.972415
714 0.966000 0.972406
715 0.966000 0.972397
716 0.980000 0.972407
717 0.978000 0.972415
718 0.976000 0.972420
719 0.974000 0.972422
720 0.962000 0.972408
721 0.974000 0.972410
722 0.974000 0.972412
723 0.966000 0.972403
724 0.970000 0.972400
725 0.968000 0.972394
726 0.966000 0.972385
727 0.976000 0.972390
728 0.972000 0.972390
729 0.978000 0.972397
730 0.988000 0.972419
731 0.974000 0.972421
732 0.980000 0.972431
733 0.954000 0.972406
734 0.968000 0.972400
735 0.962000 0.972386
736 0.982000 0.972399
737 0.966000 0.972390
738 0.970000 0.972387
739 0.974000 0.972389
740 0.970000 0.972386
741 0.970000 0.972383
742 0.970000 0.972380
743 0.964000 0.972368
744 0.980000 0.972379
745 0.976000 0.972383
746 0.964000 0.972372
747 0.980000 0.972382
748 0.974000 0.972385
749 0.972000 0.972384
750 0.968000 0.972378
751 0.976000 0.972383
752 0.974000 0.972385
753 0.974000 0.972387
754 0.976000 0.972392
755 0.964000 0.972381
756 0.962000 0.972367
757 0.978000 0.972375
758 0.972000 0.972374
759 0.976000 0.972379
760 0.984000 0.972394
761 0.978000 0.972402
762 0.964000 0.972391
763 0.976000 0.972395
764 0.980000 0.972405
765 0.968000 0.972399
766 0.974000 0.972402
767 0.964000 0.972391
768 0.962000 0.972377
769 0.976000 0.972382
770 0.964000 0.972371
771 0.958000 0.972352
772 0.962000 0.972339
773 0.966000 0.972331
774 0.972000 0.972330
775 0.966000 0.972322
776 0.962000 0.972309
777 0.966000 0.972301
778 0.968000 0.972295
779 0.972000 0.972295
780 0.982000 0.972307
781 0.994000 0.972335
782 0.988000 0.972355
783 0.970000 0.972352
784 0.976000 0.972357
785 0.980000 0.972366
786 0.990000 0.972389
787 0.980000 0.972398
788 0.984000 0.972413
789 0.972000 0.972413
790 0.972000 0.972412
791 0.956000 0.972391
792 0.966000 0.972383
793 0.958000 0.972365
794 0.970000 0.972362
795 0.978000 0.972369
796 0.976000 0.972374
797 0.964000 0.972363
798 0.978000 0.972370
799 0.972000 0.972370
800 0.974000 0.972372
801 0.958000 0.972354
802 0.962000 0.972341
803 0.956000 0.972321
804 0.964000 0.972311
805 0.966000 0.972303
806 0.974000 0.972305
807 0.972000 0.972304
808 0.954000 0.972282
809 0.960000 0.972267
810 0.980000 0.972276
811 0.976000 0.972281
812 0.980000 0.972290
813 0.982000 0.972302
814 0.974000 0.972304
815 0.982000 0.972316
816 0.980000 0.972326
817 0.976000 0.972330
818 0.982000 0.972342
819 0.972000 0.972341
820 0.984000 0.972356
821 0.972000 0.972355
822 0.978000 0.972362
823 0.980000 0.972371
824 0.976000 0.972376
825 0.978000 0.972383
826 0.958000 0.972365
827 0.970000 0.972362
828 0.970000 0.972359
829 0.964000 0.972349
830 0.976000 0.972354
831 0.974000 0.972356
832 0.978000 0.972363
833 0.976000 0.972367
834 0.974000 0.972369
835 0.976000 0.972373
836 0.972000 0.972373
837 0.968000 0.972368
838 0.960000 0.972353
839 0.974000 0.972355
840 0.958000 0.972338
841 0.968000 0.972333
842 0.972000 0.972332
843 0.972000 0.972332
844 0.980000 0.972341
845 0.976000 0.972345
846 0.982000 0.972357
847 0.984000 0.972370
848 0.962000 0.972358
849 0.956000 0.972339
850 0.974000 0.972341
851 0.974000 0.972343
852 0.974000 0.972345
853 0.978000 0.972351
854 0.978000 0.972358
855 0.978000 0.972364
856 0.978000 0.972371
857 0.976000 0.972375
858 0.968000 0.972370
859 0.976000 0.972374
860 0.986000 0.972390
861 0.968000 0.972385
862 0.968000 0.972380
863 0.960000 0.972366
864 0.972000 0.972365
865 0.970000 0.972363
866 0.968000 0.972358
867 0.990000 0.972378
868 0.988000 0.972396
869 0.980000 0.972405
870 0.988000 0.972423
871 0.984000 0.972436
872 0.974000 0.972438
873 0.982000 0.972449
874 0.978000 0.972455
875 0.982000 0.972466
876 0.988000 0.972483
877 0.978000 0.972490
878 0.974000 0.972491
879 0.984000 0.972505
880 0.978000 0.972511
881 0.976000 0.972515
882 0.962000 0.972503
883 0.960000 0.972489
884 0.964000 0.972479
885 0.952000 0.972456
886 0.964000 0.972446
887 0.972000 0.972446
888 0.970000 0.972443
889 0.970000 0.972440
890 0.966000 0.972433
891 0.956000 0.972415
892 0.964000 0.972405
893 0.976000 0.972409
894 0.976000 0.972413
895 0.976000 0.972417
896 0.980000 0.972426
897 0.968000 0.972421
898 0.974000 0.972423
899 0.960000 0.972409
900 0.960000 0.972395
901 0.972000 0.972395
902 0.962000 0.972383
903 0.976000 0.972387
904 0.970000 0.972385
905 0.974000 0.972386
906 0.968000 0.972381
907 0.972000 0.972381
908 0.982000 0.972392
909 0.974000 0.972393
910 0.970000 0.972391
911 0.980000 0.972399
912 0.974000 0.972401
913 0.982000 0.972411
914 0.954000 0.972391
915 0.964000 0.972382
916 0.982000 0.972393
917 0.984000 0.972405
918 0.974000 0.972407
919 0.980000 0.972415
920 0.984000 0.972428
921 0.978000 0.972434
922 0.980000 0.972442
923 0.984000 0.972455
924 0.972000 0.972454
925 0.982000 0.972464
926 0.980000 0.972472
927 0.976000 0.972476
928 0.972000 0.972476
929 0.976000 0.972480
930 0.980000 0.972488
931 0.984000 0.972500
932 0.976000 0.972504
933 0.972000 0.972503
934 0.978000 0.972509
935 0.980000 0.972517
936 0.974000 0.972519
937 0.976000 0.972522
938 0.980000 0.972530
939 0.964000 0.972521
940 0.970000 0.972519
941 0.972000 0.972518
942 0.966000 0.972511
943 0.964000 0.972502
944 0.982000 0.972512
945 0.968000 0.972507
946 0.974000 0.972509
947 0.964000 0.972500
948 0.960000 0.972487
949 0.968000 0.972482
950 0.974000 0.972484
951 0.974000 0.972485
952 0.974000 0.972487
953 0.968000 0.972482
954 0.976000 0.972486
955 0.984000 0.972498
956 0.972000 0.972497
957 0.970000 0.972495
958 0.966000 0.972488
959 0.972000 0.972487
960 0.960000 0.972475
961 0.964000 0.972466
962 0.974000 0.972467
963 0.968000 0.972463
964 0.968000 0.972458
965 0.976000 0.972462
966 0.978000 0.972467
967 0.974000 0.972469
968 0.968000 0.972464
969 0.966000 0.972458
970 0.978000 0.972463
971 0.968000 0.972459
972 0.970000 0.972456
973 0.968000 0.972452
974 0.962000 0.972441
975 0.966000 0.972434
976 0.960000 0.972422
977 0.964000 0.972413
978 0.970000 0.972411
979 0.972000 0.972410
980 0.966000 0.972404
981 0.972000 0.972403
982 0.966000 0.972397
983 0.974000 0.972398
984 0.972000 0.972398
985 0.976000 0.972402
986 0.970000 0.972399
987 0.970000 0.972397
988 0.964000 0.972388
989 0.970000 0.972386
990 0.968000 0.972381
991 0.976000 0.972385
992 0.962000 0.972375
993 0.972000 0.972374
994 0.972000 0.972374
995 0.970000 0.972371
996 0.960000 0.972359
997 0.968000 0.972355
998 0.978000 0.972360
999 0.980000 0.972368
