0 1.000000 1.000000
1 0.934000 0.967000
2 0.872000 0.935333
3 0.794000 0.900000
4 0.762000 0.872400
5 0.750000 0.852000
6 0.720000 0.833143
7 0.682000 0.814250
8 0.654000 0.796444
9 0.614000 0.778200
10 0.634000 0.765091
11 0.570000 0.748833
12 0.580000 0.735846
13 0.590000 0.725429
14 0.560000 0.714400
15 0.530000 0.702875
16 0.490000 0.690353
17 0.482000 0.678778
18 0.456000 0.667053
19 0.442000 0.655800
20 0.462000 0.646571
21 0.470000 0.638545
22 0.480000 0.631652
23 0.436000 0.623500
24 0.410000 0.614960
25 0.432000 0.607923
26 0.438000 0.601630
27 0.394000 0.594214
28 0.368000 0.586414
29 0.392000 0.579933
30 0.392000 0.573871
31 0.348000 0.566813
32 0.344000 0.560061
33 0.338000 0.553529
34 0.368000 0.548229
35 0.324000 0.542000
36 0.332000 0.536324
37 0.322000 0.530684
38 0.318000 0.525231
39 0.320000 0.520100
40 0.330000 0.515463
41 0.320000 0.510810
42 0.322000 0.506419
43 0.296000 0.501636
44 0.264000 0.496356
45 0.260000 0.491217
46 0.266000 0.486426
47 0.276000 0.482042
48 0.266000 0.477633
49 0.268000 0.473440
50 0.252000 0.469098
51 0.240000 0.464692
52 0.228000 0.460226
53 0.222000 0.455815
54 0.280000 0.452618
55 0.232000 0.448679
56 0.238000 0.444982
57 0.202000 0.440793
58 0.180000 0.436373
59 0.202000 0.432467
60 0.166000 0.428098
61 0.160000 0.423774
62 0.162000 0.419619
63 0.194000 0.416094
64 0.196000 0.412708
65 0.174000 0.409091
66 0.178000 0.405642
67 0.144000 0.401794
68 0.182000 0.398609
69 0.128000 0.394743
70 0.156000 0.391380
71 0.132000 0.387778
72 0.106000 0.383918
73 0.084000 0.379865
74 0.092000 0.376027
75 0.096000 0.372342
76 0.096000 0.368753
77 0.108000 0.365410
78 0.126000 0.362380
79 0.106000 0.359175
80 0.124000 0.356272
81 0.132000 0.353537
82 0.122000 0.350747
83 0.110000 0.347881
84 0.148000 0.345529
85 0.164000 0.343419
86 0.130000 0.340966
87 0.096000 0.338182
88 0.080000 0.335281
89 0.096000 0.332622
90 0.084000 0.329890
91 0.088000 0.327261
92 0.090000 0.324710
93 0.084000 0.322149
94 0.064000 0.319432
95 0.028000 0.316396
96 0.060000 0.313753
97 0.076000 0.311327
98 0.104000 0.309232
99 0.072000 0.306860
100 0.050000 0.304317
101 0.058000 0.301902
102 0.028000 0.299243
103 0.016000 0.296519
104 0.026000 0.293943
105 0.068000 0.291811
106 0.032000 0.289383
107 0.012000 0.286815
108 0.022000 0.284385
109 0.028000 0.282055
110 0.042000 0.279892
111 0.044000 0.277786
112 0.056000 0.275823
113 0.078000 0.274088
114 0.018000 0.271861
115 0.050000 0.269948
116 0.088000 0.268393
117 0.082000 0.266814
118 0.064000 0.265109
119 0.024000 0.263100
120 0.026000 0.261140
121 0.002000 0.259016
122 0.032000 0.257171
123 0.048000 0.255484
124 0.044000 0.253792
125 0.016000 0.251905
126 0.012000 0.250016
127 0.046000 0.248422
128 0.006000 0.246543
129 0.010000 0.244723
130 0.006000 0.242901
131 0.040000 0.241364
132 0.020000 0.239699
133 0.048000 0.238269
134 -0.036000 0.236237
135 0.050000 0.234868
136 0.026000 0.233343
137 0.022000 0.231812
138 0.076000 0.230691
139 0.028000 0.229243
140 -0.004000 0.227589
141 -0.014000 0.225887
142 -0.010000 0.224238
143 0.010000 0.222750
144 0.026000 0.221393
145 0.012000 0.219959
146 0.032000 0.218680
147 0.010000 0.217270
148 0.030000 0.216013
149 0.022000 0.214720
150 -0.016000 0.213192
151 0.008000 0.211842
152 0.010000 0.210523
153 0.008000 0.209208
154 0.016000 0.207961
155 0.028000 0.206808
156 -0.020000 0.205363
157 -0.044000 0.203785
158 -0.016000 0.202403
159 -0.028000 0.200963
160 -0.014000 0.199627
161 0.040000 0.198642
162 -0.004000 0.197399
163 0.014000 0.196280
164 0.020000 0.195212
165 0.008000 0.194084
166 0.002000 0.192934
167 0.022000 0.191917
168 0.012000 0.190852
169 -0.018000 0.189624
170 0.020000 0.188632
171 0.010000 0.187593
172 0.002000 0.186520
173 -0.026000 0.185299
174 -0.020000 0.184126
175 -0.012000 0.183011
176 0.016000 0.182068
177 0.016000 0.181135
178 0.006000 0.180156
179 -0.004000 0.179133
180 0.020000 0.178254
181 0.016000 0.177363
182 0.038000 0.176601
183 0.030000 0.175804
184 0.028000 0.175005
185 0.056000 0.174366
186 0.064000 0.173775
187 0.028000 0.173000
188 0.020000 0.172190
189 -0.004000 0.171263
190 0.006000 0.170398
191 0.050000 0.169771
192 0.038000 0.169088
193 0.038000 0.168412
194 0.068000 0.167897
195 0.026000 0.167173
196 0.038000 0.166518
197 0.024000 0.165798
198 0.044000 0.165186
199 0.026000 0.164490
200 0.014000 0.163741
201 0.012000 0.162990
202 -0.006000 0.162158
203 0.008000 0.161402
204 0.022000 0.160722
205 0.058000 0.160223
206 0.050000 0.159691
207 0.014000 0.158990
208 0.010000 0.158278
209 -0.006000 0.157495
210 -0.030000 0.156607
211 0.002000 0.155877
212 0.030000 0.155286
213 0.010000 0.154607
214 0.034000 0.154047
215 0.050000 0.153565
216 0.016000 0.152931
217 0.028000 0.152358
218 0.040000 0.151845
219 0.020000 0.151245
220 0.000000 0.150561
221 0.000000 0.149883
222 0.028000 0.149336
223 0.054000 0.148911
224 0.032000 0.148391
225 -0.006000 0.147708
226 -0.034000 0.146907
227 -0.022000 0.146167
228 0.016000 0.145598
229 -0.034000 0.144817
230 0.020000 0.144277
231 0.000000 0.143655
232 -0.012000 0.142987
233 0.022000 0.142470
234 0.020000 0.141949
235 0.016000 0.141415
236 0.022000 0.140911
237 0.014000 0.140378
238 -0.020000 0.139707
239 -0.002000 0.139117
240 -0.020000 0.138456
241 0.000000 0.137884
242 -0.022000 0.137226
243 -0.016000 0.136598
244 -0.036000 0.135894
245 -0.028000 0.135228
246 -0.020000 0.134599
247 -0.008000 0.134024
248 -0.016000 0.133422
249 -0.022000 0.132800
250 -0.024000 0.132175
251 -0.020000 0.131571
252 -0.008000 0.131020
253 0.000000 0.130504
254 -0.048000 0.129804
255 -0.038000 0.129148
256 0.006000 0.128669
257 -0.024000 0.128078
258 0.014000 0.127637
259 0.040000 0.127300
260 0.038000 0.126958
261 0.020000 0.126550
262 -0.014000 0.126015
263 -0.030000 0.125424
264 -0.010000 0.124913
265 -0.022000 0.124361
266 -0.026000 0.123798
267 -0.044000 0.123172
268 -0.050000 0.122528
269 -0.020000 0.122000
270 0.006000 0.121572
271 0.052000 0.121316
272 0.030000 0.120982
273 0.010000 0.120577
274 -0.002000 0.120131
275 -0.004000 0.119681
276 -0.028000 0.119148
277 -0.052000 0.118532
278 -0.026000 0.118014
279 -0.036000 0.117464
280 -0.042000 0.116897
281 -0.016000 0.116426
282 0.000000 0.116014
283 0.030000 0.115711
284 0.024000 0.115389
285 -0.046000 0.114825
286 -0.034000 0.114307
287 0.010000 0.113944
288 0.010000 0.113585
289 -0.026000 0.113103
290 0.004000 0.112729
291 -0.034000 0.112226
292 -0.032000 0.111734
293 -0.042000 0.111211
294 0.000000 0.110834
295 0.006000 0.110480
296 -0.016000 0.110054
297 0.018000 0.109745
298 0.024000 0.109458
299 0.010000 0.109127
300 0.006000 0.108784
301 0.010000 0.108457
302 -0.004000 0.108086
303 -0.014000 0.107684
304 -0.006000 0.107311
305 -0.028000 0.106869
306 -0.008000 0.106495
307 -0.040000 0.106019
308 -0.008000 0.105650
309 -0.008000 0.105284
310 0.014000 0.104990
311 0.016000 0.104705
312 0.014000 0.104415
313 -0.002000 0.104076
314 0.016000 0.103797
315 -0.006000 0.103449
316 -0.006000 0.103104
317 0.034000 0.102887
318 0.032000 0.102665
319 -0.016000 0.102294
320 0.000000 0.101975
321 0.020000 0.101720
322 -0.018000 0.101350
323 -0.042000 0.100907
324 0.000000 0.100597
325 -0.014000 0.100245
326 0.016000 0.099988
327 -0.010000 0.099652
328 0.010000 0.099380
329 -0.016000 0.099030
330 -0.024000 0.098659
331 0.014000 0.098404
332 -0.032000 0.098012
333 -0.062000 0.097533
334 -0.024000 0.097170
335 -0.010000 0.096851
336 -0.054000 0.096404
337 -0.014000 0.096077
338 -0.008000 0.095770
339 -0.016000 0.095441
340 -0.004000 0.095150
341 0.000000 0.094871
342 0.020000 0.094653
343 -0.020000 0.094320
344 -0.004000 0.094035
345 -0.024000 0.093694
346 -0.002000 0.093418
347 0.010000 0.093178
348 -0.008000 0.092888
349 -0.012000 0.092589
350 0.006000 0.092342
351 -0.006000 0.092063
352 0.020000 0.091858
353 -0.014000 0.091559
354 -0.042000 0.091183
355 0.020000 0.090983
356 0.050000 0.090868
357 0.016000 0.090659
358 0.004000 0.090418
359 -0.020000 0.090111
360 -0.024000 0.089795
361 -0.014000 0.089508
362 -0.006000 0.089245
363 -0.030000 0.088918
364 -0.022000 0.088614
365 0.016000 0.088415
366 -0.024000 0.088109
367 0.014000 0.087908
368 -0.008000 0.087648
369 0.006000 0.087427
370 0.008000 0.087213
371 -0.002000 0.086973
372 -0.024000 0.086676
373 -0.058000 0.086289
374 -0.014000 0.086021
375 0.010000 0.085819
376 -0.014000 0.085554
377 0.014000 0.085365
378 0.028000 0.085214
379 0.012000 0.085021
380 -0.056000 0.084651
381 -0.038000 0.084330
382 0.016000 0.084151
383 0.034000 0.084021
384 -0.004000 0.083792
385 0.000000 0.083575
386 0.012000 0.083390
387 0.002000 0.083180
388 0.006000 0.082982
389 0.002000 0.082774
390 -0.044000 0.082450
391 -0.010000 0.082214
392 0.008000 0.082025
393 0.020000 0.081868
394 0.040000 0.081762
395 -0.006000 0.081540
396 0.022000 0.081390
397 0.070000 0.081362
398 0.044000 0.081268
399 0.010000 0.081090
400 -0.018000 0.080843
401 0.016000 0.080682
402 0.034000 0.080566
403 0.054000 0.080500
404 0.052000 0.080430
405 0.020000 0.080281
406 0.034000 0.080167
407 -0.008000 0.079951
408 -0.046000 0.079643
409 -0.014000 0.079415
410 -0.052000 0.079095
411 -0.046000 0.078791
412 -0.052000 0.078475
413 0.024000 0.078343
414 0.022000 0.078207
415 0.032000 0.078096
416 0.004000 0.077918
417 0.000000 0.077732
418 0.028000 0.077613
419 0.044000 0.077533
420 0.040000 0.077444
421 0.000000 0.077261
422 -0.008000 0.077059
423 0.014000 0.076910
424 0.014000 0.076762
425 0.000000 0.076582
426 0.022000 0.076454
427 0.030000 0.076346
428 0.046000 0.076275
429 0.016000 0.076135
430 0.012000 0.075986
431 0.002000 0.075815
432 0.018000 0.075681
433 0.004000 0.075516
434 0.018000 0.075384
435 0.010000 0.075234
436 0.024000 0.075117
437 0.004000 0.074954
438 0.026000 0.074843
439 0.046000 0.074777
440 0.044000 0.074707
441 0.086000 0.074733
442 0.054000 0.074686
443 0.046000 0.074622
444 0.050000 0.074566
445 0.048000 0.074507
446 0.026000 0.074398
447 0.020000 0.074277
448 0.008000 0.074129
449 0.022000 0.074013
450 0.052000 0.073965
451 0.006000 0.073814
452 0.042000 0.073744
453 0.024000 0.073634
454 0.056000 0.073596
455 0.068000 0.073583
456 0.082000 0.073602
457 0.036000 0.073520
458 0.014000 0.073390
459 0.038000 0.073313
460 0.036000 0.073232
461 0.018000 0.073113
462 0.004000 0.072963
463 -0.006000 0.072793
464 -0.008000 0.072619
465 -0.030000 0.072399
466 -0.048000 0.072141
467 0.006000 0.072000
468 -0.006000 0.071834
469 0.022000 0.071728
470 0.040000 0.071660
471 0.026000 0.071564
472 0.022000 0.071459
473 0.016000 0.071342
474 0.010000 0.071213
475 -0.022000 0.071017
476 0.044000 0.070960
477 0.008000 0.070828
478 0.038000 0.070760
479 0.004000 0.070621
480 -0.004000 0.070466
481 -0.018000 0.070282
482 -0.020000 0.070095
483 -0.002000 0.069946
484 -0.018000 0.069765
485 -0.026000 0.069568
486 0.004000 0.069433
487 0.006000 0.069303
488 0.002000 0.069166
489 0.012000 0.069049
490 -0.018000 0.068872
491 -0.034000 0.068663
492 -0.020000 0.068483
493 -0.022000 0.068300
494 -0.050000 0.068061
495 -0.006000 0.067911
496 -0.010000 0.067755
497 -0.018000 0.067582
498 0.000000 0.067447
499 0.004000 0.067320
500 0.014000 0.067214
501 0.034000 0.067147
502 -0.012000 0.066990
503 -0.016000 0.066825
504 0.018000 0.066729
505 -0.008000 0.066581
506 -0.014000 0.066422
507 -0.008000 0.066276
508 -0.026000 0.066094
509 -0.050000 0.065867
510 -0.030000 0.065679
511 -0.036000 0.065480
512 0.024000 0.065400
513 0.012000 0.065296
514 -0.018000 0.065134
515 -0.004000 0.065000
516 0.024000 0.064921
517 0.004000 0.064803
518 -0.018000 0.064644
519 -0.028000 0.064465
520 0.028000 0.064395
521 0.020000 0.064310
522 -0.024000 0.064141
523 -0.038000 0.063947
524 0.002000 0.063829
525 0.000000 0.063707
526 0.026000 0.063636
527 0.004000 0.063523
528 -0.008000 0.063388
529 -0.028000 0.063215
530 -0.006000 0.063085
531 0.014000 0.062992
532 0.028000 0.062927
533 -0.002000 0.062805
534 -0.002000 0.062684
535 -0.040000 0.062493
536 -0.006000 0.062365
537 -0.014000 0.062223
538 -0.020000 0.062071
539 -0.048000 0.061867
540 -0.052000 0.061656
541 -0.076000 0.061402
542 -0.046000 0.061204
543 -0.022000 0.061051
544 -0.004000 0.060932
545 -0.026000 0.060773
546 -0.014000 0.060636
547 -0.020000 0.060489
548 0.012000 0.060401
549 -0.010000 0.060273
550 0.046000 0.060247
551 0.006000 0.060149
552 0.012000 0.060061
553 -0.014000 0.059928
554 -0.008000 0.059805
555 -0.004000 0.059691
556 0.004000 0.059591
557 -0.010000 0.059466
558 0.006000 0.059370
559 -0.042000 0.059189
560 0.006000 0.059094
561 0.018000 0.059021
562 -0.010000 0.058899
563 0.054000 0.058890
564 0.016000 0.058814
565 -0.034000 0.058650
566 0.002000 0.058550
567 -0.012000 0.058426
568 -0.036000 0.058260
569 -0.052000 0.058067
570 -0.042000 0.057891
571 -0.040000 0.057720
572 -0.030000 0.057567
573 -0.036000 0.057404
574 -0.072000 0.057179
575 -0.026000 0.057035
576 -0.052000 0.056846
577 -0.008000 0.056734
578 0.002000 0.056639
579 -0.018000 0.056510
580 0.002000 0.056417
581 -0.016000 0.056292
582 0.018000 0.056226
583 -0.008000 0.056116
584 -0.006000 0.056010
585 0.006000 0.055925
586 -0.010000 0.055813
587 -0.006000 0.055707
588 -0.004000 0.055606
589 0.010000 0.055529
590 -0.008000 0.055421
591 0.018000 0.055358
592 0.006000 0.055275
593 -0.016000 0.055155
594 -0.064000 0.054955
595 -0.034000 0.054805
596 -0.058000 0.054616
597 -0.030000 0.054475
598 -0.026000 0.054341
599 0.006000 0.054260
600 0.012000 0.054190
601 0.002000 0.054103
602 0.006000 0.054023
603 0.020000 0.053967
604 0.028000 0.053924
605 0.020000 0.053868
606 0.016000 0.053806
607 0.000000 0.053717
608 -0.030000 0.053580
609 -0.020000 0.053459
610 0.004000 0.053378
611 -0.012000 0.053271
612 0.002000 0.053188
613 0.014000 0.053124
614 -0.016000 0.053011
615 -0.008000 0.052912
616 0.074000 0.052947
617 0.052000 0.052945
618 0.046000 0.052934
619 0.050000 0.052929
620 0.074000 0.052963
621 0.004000 0.052884
622 0.000000 0.052799
623 0.008000 0.052728
624 0.016000 0.052669
625 -0.012000 0.052565
626 0.030000 0.052530
627 0.048000 0.052522
628 0.032000 0.052490
629 0.058000 0.052498
630 0.022000 0.052450
631 -0.002000 0.052364
632 0.018000 0.052310
633 0.010000 0.052243
634 0.026000 0.052202
635 -0.026000 0.052079
636 -0.040000 0.051934
637 -0.044000 0.051784
638 -0.058000 0.051612
639 -0.002000 0.051528
640 0.018000 0.051476
641 0.030000 0.051442
642 -0.018000 0.051334
643 -0.006000 0.051245
644 0.030000 0.051212
645 0.026000 0.051173
646 0.016000 0.051119
647 0.010000 0.051056
648 0.018000 0.051005
649 0.040000 0.050988
650 0.032000 0.050959
651 0.058000 0.050969
652 0.040000 0.050953
653 0.028000 0.050917
654 0.006000 0.050849
655 0.034000 0.050823
656 0.028000 0.050788
657 0.012000 0.050729
658 0.016000 0.050677
659 0.020000 0.050630
660 0.040000 0.050614
661 0.024000 0.050574
662 0.038000 0.050555
663 0.006000 0.050488
664 0.000000 0.050412
665 0.002000 0.050339
666 -0.008000 0.050252
667 -0.046000 0.050108
668 -0.036000 0.049979
669 -0.006000 0.049896
670 0.016000 0.049845
671 0.036000 0.049824
672 0.020000 0.049780
673 0.026000 0.049745
674 0.048000 0.049742
675 0.036000 0.049722
676 0.014000 0.049669
677 -0.014000 0.049575
678 0.010000 0.049517
679 0.014000 0.049465
680 0.002000 0.049395
681 -0.036000 0.049270
682 -0.050000 0.049124
683 -0.006000 0.049044
684 -0.002000 0.048969
685 -0.002000 0.048895
686 -0.012000 0.048806
687 -0.048000 0.048666
688 -0.038000 0.048540
689 -0.044000 0.048406
690 -0.026000 0.048298
691 -0.012000 0.048211
692 -0.044000 0.048078
693 -0.040000 0.047951
694 -0.022000 0.047850
695 -0.070000 0.047681
696 -0.038000 0.047558
697 -0.042000 0.047430
698 -0.046000 0.047296
699 0.002000 0.047231
700 -0.018000 0.047138
701 0.038000 0.047125
702 0.028000 0.047098
703 0.038000 0.047085
704 0.036000 0.047070
705 0.010000 0.047017
706 0.052000 0.047024
707 0.030000 0.047000
708 0.034000 0.046982
709 0.022000 0.046946
710 0.042000 0.046940
711 0.026000 0.046910
712 0.030000 0.046886
713 0.030000 0.046863
714 0.002000 0.046800
715 0.004000 0.046740
716 0.014000 0.046695
717 -0.034000 0.046582
718 -0.014000 0.046498
719 0.010000 0.046447
720 -0.028000 0.046344
721 -0.010000 0.046266
722 0.020000 0.046230
723 0.018000 0.046191
724 0.038000 0.046179
725 -0.032000 0.046072
726 0.022000 0.046039
727 -0.012000 0.045959
728 -0.024000 0.045863
729 -0.030000 0.045759
730 -0.036000 0.045647
731 -0.030000 0.045544
732 -0.052000 0.045411
733 -0.054000 0.045275
734 -0.048000 0.045148
735 -0.002000 0.045084
736 0.012000 0.045039
737 -0.004000 0.044973
738 -0.022000 0.044882
739 -0.014000 0.044803
740 0.022000 0.044772
741 0.000000 0.044712
742 0.006000 0.044659
743 0.042000 0.044656
744 0.002000 0.044599
745 0.026000 0.044574
746 0.030000 0.044554
747 0.002000 0.044497
748 0.024000 0.044470
749 -0.002000 0.044408
750 0.016000 0.044370
751 0.034000 0.044356
752 0.032000 0.044340
753 0.006000 0.044289
754 0.008000 0.044241
755 -0.026000 0.044148
756 0.024000 0.044122
757 0.072000 0.044158
758 0.028000 0.044137
759 0.048000 0.044142
760 -0.026000 0.044050
761 -0.058000 0.043916
762 -0.030000 0.043819
763 -0.074000 0.043665
764 -0.046000 0.043548
765 -0.032000 0.043449
766 -0.036000 0.043346
767 -0.044000 0.043232
768 -0.004000 0.043170
769 -0.004000 0.043109
770 -0.022000 0.043025
771 -0.006000 0.042961
772 0.022000 0.042934
773 -0.014000 0.042860
774 0.020000 0.042831
775 -0.016000 0.042755
776 0.000000 0.042700
777 0.018000 0.042668
778 0.036000 0.042660
779 0.018000 0.042628
780 0.002000 0.042576
781 0.016000 0.042542
782 0.042000 0.042542
783 0.012000 0.042503
784 0.052000 0.042515
785 0.058000 0.042534
786 0.042000 0.042534
787 0.046000 0.042538
788 0.060000 0.042560
789 0.026000 0.042539
790 0.026000 0.042518
791 0.030000 0.042503
792 0.016000 0.042469
793 -0.018000 0.042393
794 0.002000 0.042342
795 0.014000 0.042307
796 -0.002000 0.042251
797 -0.026000 0.042165
798 0.006000 0.042120
799 -0.004000 0.042063
800 0.008000 0.042020
801 0.046000 0.042025
802 0.022000 0.042000
803 0.022000 0.041975
804 0.044000 0.041978
805 0.038000 0.041973
806 0.028000 0.041955
807 0.012000 0.041918
808 0.056000 0.041936
809 0.102000 0.042010
810 0.048000 0.042017
811 0.028000 0.042000
812 0.026000 0.041980
813 0.074000 0.042020
814 0.046000 0.042025
815 0.028000 0.042007
816 0.068000 0.042039
817 0.048000 0.042046
818 0.054000 0.042061
819 0.026000 0.042041
820 -0.010000 0.041978
821 -0.008000 0.041917
822 0.026000 0.041898
823 0.020000 0.041871
824 0.018000 0.041842
825 0.000000 0.041792
826 0.018000 0.041763
827 0.014000 0.041729
828 0.012000 0.041694
829 0.010000 0.041655
830 0.024000 0.041634
831 0.068000 0.041666
832 0.016000 0.041635
833 0.032000 0.041624
834 0.038000 0.041619
835 -0.002000 0.041567
836 0.046000 0.041572
837 0.016000 0.041542
838 0.006000 0.041499
839 0.008000 0.041460
840 -0.038000 0.041365
841 -0.052000 0.041254
842 0.008000 0.041215
843 -0.016000 0.041147
844 -0.010000 0.041086
845 0.014000 0.041054
846 -0.022000 0.040980
847 0.006000 0.040939
848 0.032000 0.040928
849 0.018000 0.040901
850 0.014000 0.040870
851 0.002000 0.040824
852 -0.010000 0.040764
853 0.000000 0.040717
854 0.040000 0.040716
855 0.072000 0.040752
856 0.046000 0.040758
857 0.030000 0.040746
858 0.052000 0.040759
859 -0.026000 0.040681
860 -0.008000 0.040625
861 -0.008000 0.040568
862 -0.028000 0.040489
863 0.006000 0.040449
864 -0.022000 0.040377
865 -0.036000 0.040289
866 -0.074000 0.040157
867 -0.046000 0.040058
868 -0.036000 0.039970
869 -0.012000 0.039910
870 -0.032000 0.039828
871 -0.034000 0.039743
872 -0.008000 0.039688
873 -0.024000 0.039616
874 0.004000 0.039575
875 -0.042000 0.039482
876 -0.006000 0.039430
877 0.008000 0.039394
878 0.018000 0.039370
879 0.014000 0.039341
880 -0.026000 0.039267
881 0.000000 0.039222
882 -0.018000 0.039157
883 -0.036000 0.039072
884 -0.014000 0.039012
885 -0.012000 0.038955
886 -0.018000 0.038891
887 0.010000 0.038858
888 0.026000 0.038844
889 -0.030000 0.038766
890 -0.056000 0.038660
891 -0.018000 0.038596
892 -0.050000 0.038497
893 -0.036000 0.038414
894 -0.056000 0.038308
895 -0.082000 0.038174
896 -0.080000 0.038042
897 -0.070000 0.037922
898 -0.042000 0.037833
899 -0.026000 0.037762
900 -0.014000 0.037705
901 -0.062000 0.037594
902 -0.022000 0.037528
903 -0.086000 0.037392
904 -0.026000 0.037322
905 -0.020000 0.037258
906 -0.018000 0.037197
907 0.026000 0.037185
908 -0.036000 0.037105
909 -0.030000 0.037031
910 0.048000 0.037043
911 0.038000 0.037044
912 0.010000 0.037014
913 -0.032000 0.036939
914 0.008000 0.036907
915 -0.014000 0.036852
916 0.022000 0.036835
917 -0.016000 0.036778
918 -0.020000 0.036716
919 0.020000 0.036698
920 0.026000 0.036686
921 0.068000 0.036720
922 0.008000 0.036689
923 0.022000 0.036673
924 0.014000 0.036649
925 0.016000 0.036626
926 0.066000 0.036658
927 0.030000 0.036651
928 0.048000 0.036663
929 0.030000 0.036656
930 0.020000 0.036638
931 0.054000 0.036657
932 0.052000 0.036673
933 0.038000 0.036675
934 0.068000 0.036708
935 0.016000 0.036686
936 0.050000 0.036700
937 0.016000 0.036678
938 0.040000 0.036682
939 0.034000 0.036679
940 0.018000 0.036659
941 -0.002000 0.036618
942 0.066000 0.036649
943 0.008000 0.036619
944 0.060000 0.036643
945 0.060000 0.036668
946 0.018000 0.036648
947 0.060000 0.036673
948 0.078000 0.036717
949 0.042000 0.036722
950 0.042000 0.036728
951 0.024000 0.036714
952 0.012000 0.036688
953 0.036000 0.036688
954 0.052000 0.036704
955 0.080000 0.036749
956 0.066000 0.036780
957 0.078000 0.036823
958 0.028000 0.036813
959 0.050000 0.036827
960 0.012000 0.036801
961 0.022000 0.036786
962 0.030000 0.036779
963 0.048000 0.036790
964 0.040000 0.036794
965 0.036000 0.036793
966 0.004000 0.036759
967 -0.024000 0.036696
968 -0.002000 0.036656
969 0.020000 0.036639
970 0.008000 0.036610
971 0.014000 0.036586
972 0.026000 0.036576
973 0.038000 0.036577
974 0.058000 0.036599
975 0.026000 0.036588
976 0.026000 0.036577
977 -0.008000 0.036532
978 -0.044000 0.036449
979 -0.024000 0.036388
980 -0.004000 0.036347
981 -0.032000 0.036277
982 -0.030000 0.036210
983 -0.026000 0.036146
984 0.020000 0.036130
985 -0.006000 0.036087
986 -0.026000 0.036024
987 -0.042000 0.035945
988 -0.022000 0.035887
989 -0.036000 0.035814
990 0.002000 0.035780
991 -0.012000 0.035732
992 0.014000 0.035710
993 0.020000 0.035694
994 -0.002000 0.035656
995 0.018000 0.035639
996 0.034000 0.035637
997 0.046000 0.035647
998 0.062000 0.035674
999 0.040000 0.035678
