0 1.000000 1.000000
1 0.964000 0.982000
2 0.916000 0.960000
3 0.866000 0.936500
4 0.820000 0.913200
5 0.830000 0.899333
6 0.826000 0.888857
7 0.824000 0.880750
8 0.818000 0.873778
9 0.794000 0.865800
10 0.850000 0.864364
11 0.814000 0.860167
12 0.800000 0.855538
13 0.792000 0.851000
14 0.800000 0.847600
15 0.770000 0.842750
16 0.752000 0.837412
17 0.772000 0.833778
18 0.740000 0.828842
19 0.730000 0.823900
20 0.740000 0.819905
21 0.756000 0.817000
22 0.762000 0.814609
23 0.746000 0.811750
24 0.728000 0.808400
25 0.728000 0.805308
26 0.736000 0.802741
27 0.736000 0.800357
28 0.728000 0.797862
29 0.734000 0.795733
30 0.726000 0.793484
31 0.702000 0.790625
32 0.672000 0.787030
33 0.652000 0.783059
34 0.692000 0.780457
35 0.654000 0.776944
36 0.678000 0.774270
37 0.650000 0.771000
38 0.640000 0.767641
39 0.636000 0.764350
40 0.634000 0.761171
41 0.634000 0.758143
42 0.592000 0.754279
43 0.596000 0.750682
44 0.656000 0.748578
45 0.662000 0.746696
46 0.636000 0.744340
47 0.642000 0.742208
48 0.610000 0.739510
49 0.650000 0.737720
50 0.612000 0.735255
51 0.656000 0.733731
52 0.646000 0.732075
53 0.594000 0.729519
54 0.624000 0.727600
55 0.648000 0.726179
56 0.598000 0.723930
57 0.596000 0.721724
58 0.592000 0.719525
59 0.610000 0.717700
60 0.586000 0.715541
61 0.604000 0.713742
62 0.594000 0.711841
63 0.612000 0.710281
64 0.640000 0.709200
65 0.614000 0.707758
66 0.596000 0.706090
67 0.600000 0.704529
68 0.604000 0.703072
69 0.586000 0.701400
70 0.592000 0.699859
71 0.560000 0.697917
72 0.574000 0.696219
73 0.576000 0.694595
74 0.598000 0.693307
75 0.584000 0.691868
76 0.588000 0.690519
77 0.588000 0.689205
78 0.574000 0.687747
79 0.582000 0.686425
80 0.566000 0.684938
81 0.554000 0.683341
82 0.574000 0.682024
83 0.564000 0.680619
84 0.518000 0.678706
85 0.518000 0.676837
86 0.528000 0.675126
87 0.574000 0.673977
88 0.524000 0.672292
89 0.570000 0.671156
90 0.548000 0.669802
91 0.548000 0.668478
92 0.560000 0.667312
93 0.546000 0.666021
94 0.564000 0.664947
95 0.520000 0.663438
96 0.538000 0.662144
97 0.522000 0.660714
98 0.556000 0.659657
99 0.526000 0.658320
100 0.528000 0.657030
101 0.554000 0.656020
102 0.492000 0.654427
103 0.518000 0.653115
104 0.520000 0.651848
105 0.552000 0.650906
106 0.532000 0.649794
107 0.530000 0.648685
108 0.488000 0.647211
109 0.498000 0.645855
110 0.558000 0.645063
111 0.544000 0.644161
112 0.516000 0.643027
113 0.530000 0.642035
114 0.530000 0.641061
115 0.498000 0.639828
116 0.492000 0.638564
117 0.474000 0.637169
118 0.484000 0.635882
119 0.478000 0.634567
120 0.494000 0.633405
121 0.514000 0.632426
122 0.528000 0.631577
123 0.528000 0.630742
124 0.502000 0.629712
125 0.498000 0.628667
126 0.496000 0.627622
127 0.516000 0.626750
128 0.544000 0.626109
129 0.530000 0.625369
130 0.482000 0.624275
131 0.486000 0.623227
132 0.494000 0.622256
133 0.520000 0.621493
134 0.492000 0.620533
135 0.482000 0.619515
136 0.516000 0.618759
137 0.474000 0.617710
138 0.504000 0.616892
139 0.494000 0.616014
140 0.476000 0.615021
141 0.452000 0.613873
142 0.482000 0.612951
143 0.488000 0.612083
144 0.468000 0.611090
145 0.488000 0.610247
146 0.494000 0.609456
147 0.482000 0.608595
148 0.498000 0.607852
149 0.478000 0.606987
150 0.446000 0.605921
151 0.430000 0.604763
152 0.410000 0.603490
153 0.444000 0.602455
154 0.442000 0.601419
155 0.426000 0.600295
156 0.414000 0.599108
157 0.420000 0.597975
158 0.396000 0.596704
159 0.428000 0.595650
160 0.422000 0.594571
161 0.466000 0.593778
162 0.440000 0.592834
163 0.436000 0.591878
164 0.430000 0.590897
165 0.382000 0.589639
166 0.424000 0.588647
167 0.410000 0.587583
168 0.452000 0.586781
169 0.428000 0.585847
170 0.436000 0.584971
171 0.444000 0.584151
172 0.416000 0.583179
173 0.434000 0.582322
174 0.420000 0.581394
175 0.436000 0.580568
176 0.424000 0.579684
177 0.422000 0.578798
178 0.386000 0.577721
179 0.404000 0.576756
180 0.408000 0.575823
181 0.426000 0.575000
182 0.450000 0.574317
183 0.438000 0.573576
184 0.450000 0.572908
185 0.464000 0.572323
186 0.470000 0.571775
187 0.450000 0.571128
188 0.420000 0.570328
189 0.454000 0.569716
190 0.426000 0.568963
191 0.440000 0.568292
192 0.460000 0.567731
193 0.458000 0.567165
194 0.442000 0.566523
195 0.434000 0.565847
196 0.402000 0.565015
197 0.386000 0.564111
198 0.374000 0.563156
199 0.376000 0.562220
200 0.402000 0.561423
201 0.394000 0.560594
202 0.376000 0.559685
203 0.418000 0.558990
204 0.406000 0.558244
205 0.428000 0.557612
206 0.412000 0.556908
207 0.406000 0.556183
208 0.388000 0.555378
209 0.402000 0.554648
210 0.378000 0.553810
211 0.386000 0.553019
212 0.370000 0.552160
213 0.366000 0.551290
214 0.352000 0.550363
215 0.350000 0.549435
216 0.394000 0.548719
217 0.388000 0.547982
218 0.410000 0.547352
219 0.368000 0.546536
220 0.316000 0.545493
221 0.336000 0.544550
222 0.348000 0.543668
223 0.366000 0.542875
224 0.366000 0.542089
225 0.336000 0.541177
226 0.366000 0.540405
227 0.356000 0.539596
228 0.368000 0.538847
229 0.400000 0.538243
230 0.422000 0.537740
231 0.436000 0.537302
232 0.402000 0.536721
233 0.386000 0.536077
234 0.330000 0.535200
235 0.350000 0.534415
236 0.344000 0.533612
237 0.378000 0.532958
238 0.402000 0.532410
239 0.406000 0.531883
240 0.402000 0.531344
241 0.372000 0.530686
242 0.380000 0.530066
243 0.364000 0.529385
244 0.376000 0.528759
245 0.328000 0.527943
246 0.366000 0.527287
247 0.360000 0.526613
248 0.338000 0.525855
249 0.338000 0.525104
250 0.336000 0.524351
251 0.302000 0.523468
252 0.328000 0.522696
253 0.308000 0.521850
254 0.358000 0.521208
255 0.344000 0.520516
256 0.334000 0.519790
257 0.360000 0.519171
258 0.370000 0.518595
259 0.356000 0.517969
260 0.298000 0.517126
261 0.340000 0.516450
262 0.342000 0.515787
263 0.346000 0.515144
264 0.328000 0.514438
265 0.344000 0.513797
266 0.372000 0.513266
267 0.342000 0.512627
268 0.344000 0.512000
269 0.362000 0.511444
270 0.326000 0.510760
271 0.330000 0.510096
272 0.314000 0.509377
273 0.314000 0.508664
274 0.310000 0.507942
275 0.302000 0.507196
276 0.298000 0.506440
277 0.264000 0.505568
278 0.294000 0.504810
279 0.282000 0.504014
280 0.312000 0.503331
281 0.322000 0.502688
282 0.310000 0.502007
283 0.310000 0.501331
284 0.276000 0.500540
285 0.294000 0.499818
286 0.340000 0.499261
287 0.278000 0.498493
288 0.314000 0.497855
289 0.320000 0.497241
290 0.312000 0.496605
291 0.268000 0.495822
292 0.274000 0.495065
293 0.298000 0.494395
294 0.330000 0.493837
295 0.306000 0.493203
296 0.288000 0.492512
297 0.298000 0.491859
298 0.294000 0.491197
299 0.310000 0.490593
300 0.294000 0.489940
301 0.252000 0.489152
302 0.298000 0.488521
303 0.304000 0.487914
304 0.332000 0.487403
305 0.322000 0.486863
306 0.318000 0.486313
307 0.312000 0.485747
308 0.288000 0.485107
309 0.294000 0.484490
310 0.272000 0.483807
311 0.292000 0.483192
312 0.268000 0.482505
313 0.272000 0.481834
314 0.266000 0.481149
315 0.266000 0.480468
316 0.284000 0.479849
317 0.266000 0.479176
318 0.256000 0.478476
319 0.290000 0.477887
320 0.276000 0.477259
321 0.286000 0.476665
322 0.294000 0.476099
323 0.308000 0.475580
324 0.300000 0.475040
325 0.292000 0.474479
326 0.282000 0.473890
327 0.306000 0.473378
328 0.314000 0.472894
329 0.296000 0.472358
330 0.334000 0.471940
331 0.312000 0.471458
332 0.304000 0.470955
333 0.298000 0.470437
334 0.258000 0.469803
335 0.266000 0.469196
336 0.268000 0.468599
337 0.292000 0.468077
338 0.242000 0.467410
339 0.268000 0.466824
340 0.276000 0.466264
341 0.260000 0.465661
342 0.268000 0.465085
343 0.258000 0.464483
344 0.280000 0.463948
345 0.250000 0.463329
346 0.262000 0.462749
347 0.256000 0.462155
348 0.234000 0.461501
349 0.254000 0.460909
350 0.278000 0.460387
351 0.262000 0.459824
352 0.264000 0.459269
353 0.254000 0.458689
354 0.236000 0.458062
355 0.228000 0.457416
356 0.246000 0.456824
357 0.224000 0.456173
358 0.226000 0.455532
359 0.240000 0.454933
360 0.256000 0.454382
361 0.250000 0.453818
362 0.224000 0.453185
363 0.214000 0.452527
364 0.192000 0.451814
365 0.178000 0.451066
366 0.166000 0.450289
367 0.192000 0.449587
368 0.212000 0.448943
369 0.242000 0.448384
370 0.256000 0.447865
371 0.224000 0.447263
372 0.216000 0.446643
373 0.218000 0.446032
374 0.228000 0.445451
375 0.236000 0.444894
376 0.242000 0.444355
377 0.240000 0.443815
378 0.220000 0.443224
379 0.206000 0.442600
380 0.226000 0.442031
381 0.198000 0.441393
382 0.220000 0.440815
383 0.208000 0.440208
384 0.218000 0.439631
385 0.220000 0.439062
386 0.238000 0.438543
387 0.244000 0.438041
388 0.190000 0.437404
389 0.200000 0.436795
390 0.188000 0.436159
391 0.222000 0.435612
392 0.214000 0.435048
393 0.222000 0.434508
394 0.200000 0.433914
395 0.206000 0.433338
396 0.160000 0.432650
397 0.184000 0.432025
398 0.214000 0.431479
399 0.188000 0.430870
400 0.170000 0.430219
401 0.120000 0.429448
402 0.164000 0.428789
403 0.144000 0.428084
404 0.136000 0.427363
405 0.140000 0.426655
406 0.160000 0.426000
407 0.172000 0.425377
408 0.182000 0.424782
409 0.192000 0.424215
410 0.216000 0.423708
411 0.226000 0.423228
412 0.180000 0.422639
413 0.186000 0.422068
414 0.194000 0.421518
415 0.190000 0.420962
416 0.192000 0.420412
417 0.176000 0.419828
418 0.212000 0.419332
419 0.148000 0.418686
420 0.160000 0.418071
421 0.150000 0.417436
422 0.178000 0.416870
423 0.188000 0.416330
424 0.208000 0.415840
425 0.200000 0.415333
426 0.172000 0.414763
427 0.192000 0.414243
428 0.166000 0.413664
429 0.178000 0.413116
430 0.198000 0.412617
431 0.216000 0.412162
432 0.210000 0.411695
433 0.170000 0.411138
434 0.178000 0.410602
435 0.178000 0.410069
436 0.176000 0.409533
437 0.174000 0.408995
438 0.126000 0.408351
439 0.138000 0.407736
440 0.152000 0.407156
441 0.180000 0.406643
442 0.146000 0.406054
443 0.158000 0.405495
444 0.152000 0.404926
445 0.126000 0.404300
446 0.174000 0.403785
447 0.156000 0.403232
448 0.152000 0.402673
449 0.160000 0.402133
450 0.170000 0.401619
451 0.170000 0.401106
452 0.166000 0.400587
453 0.170000 0.400079
454 0.174000 0.399582
455 0.184000 0.399110
456 0.178000 0.398626
457 0.156000 0.398096
458 0.162000 0.397582
459 0.172000 0.397091
460 0.166000 0.396590
461 0.154000 0.396065
462 0.154000 0.395542
463 0.138000 0.394987
464 0.146000 0.394452
465 0.174000 0.393979
466 0.180000 0.393520
467 0.168000 0.393038
468 0.150000 0.392520
469 0.162000 0.392030
470 0.164000 0.391546
471 0.148000 0.391030
472 0.138000 0.390495
473 0.176000 0.390042
474 0.156000 0.389549
475 0.150000 0.389046
476 0.174000 0.388595
477 0.190000 0.388180
478 0.126000 0.387633
479 0.140000 0.387117
480 0.144000 0.386611
481 0.180000 0.386183
482 0.160000 0.385714
483 0.182000 0.385293
484 0.174000 0.384858
485 0.182000 0.384440
486 0.170000 0.384000
487 0.172000 0.383566
488 0.162000 0.383112
489 0.170000 0.382678
490 0.164000 0.382232
491 0.134000 0.381728
492 0.162000 0.381282
493 0.154000 0.380822
494 0.174000 0.380404
495 0.170000 0.379980
496 0.170000 0.379557
497 0.178000 0.379153
498 0.186000 0.378766
499 0.148000 0.378304
500 0.132000 0.377812
501 0.142000 0.377343
502 0.168000 0.376926
503 0.146000 0.376468
504 0.150000 0.376020
505 0.152000 0.375577
506 0.166000 0.375164
507 0.148000 0.374717
508 0.132000 0.374240
509 0.110000 0.373722
510 0.136000 0.373256
511 0.142000 0.372805
512 0.132000 0.372335
513 0.116000 0.371837
514 0.100000 0.371309
515 0.126000 0.370833
516 0.132000 0.370371
517 0.108000 0.369865
518 0.120000 0.369383
519 0.102000 0.368869
520 0.114000 0.368380
521 0.084000 0.367835
522 0.110000 0.367342
523 0.082000 0.366798
524 0.118000 0.366324
525 0.124000 0.365863
526 0.150000 0.365454
527 0.156000 0.365057
528 0.164000 0.364677
529 0.140000 0.364253
530 0.146000 0.363842
531 0.128000 0.363398
532 0.102000 0.362908
533 0.098000 0.362412
534 0.114000 0.361948
535 0.124000 0.361504
536 0.126000 0.361065
537 0.156000 0.360684
538 0.146000 0.360286
539 0.190000 0.359970
540 0.174000 0.359627
541 0.144000 0.359229
542 0.126000 0.358799
543 0.152000 0.358419
544 0.154000 0.358044
545 0.154000 0.357670
546 0.130000 0.357254
547 0.098000 0.356781
548 0.106000 0.356324
549 0.072000 0.355807
550 0.062000 0.355274
551 0.084000 0.354783
552 0.126000 0.354369
553 0.122000 0.353949
554 0.154000 0.353589
555 0.162000 0.353245
556 0.168000 0.352912
557 0.174000 0.352591
558 0.172000 0.352268
559 0.152000 0.351911
560 0.134000 0.351522
561 0.138000 0.351142
562 0.162000 0.350806
563 0.172000 0.350489
564 0.174000 0.350177
565 0.144000 0.349813
566 0.152000 0.349464
567 0.150000 0.349113
568 0.126000 0.348721
569 0.106000 0.348295
570 0.134000 0.347919
571 0.102000 0.347490
572 0.138000 0.347124
573 0.180000 0.346833
574 0.170000 0.346525
575 0.156000 0.346194
576 0.140000 0.345837
577 0.158000 0.345512
578 0.128000 0.345136
579 0.132000 0.344769
580 0.106000 0.344358
581 0.116000 0.343966
582 0.098000 0.343544
583 0.152000 0.343216
584 0.126000 0.342844
585 0.116000 0.342457
586 0.084000 0.342017
587 0.098000 0.341602
588 0.082000 0.341161
589 0.102000 0.340756
590 0.138000 0.340413
591 0.116000 0.340034
592 0.124000 0.339669
593 0.112000 0.339286
594 0.090000 0.338867
595 0.092000 0.338453
596 0.076000 0.338013
597 0.106000 0.337625
598 0.110000 0.337245
599 0.124000 0.336890
600 0.108000 0.336509
601 0.162000 0.336219
602 0.142000 0.335897
603 0.128000 0.335553
604 0.132000 0.335217
605 0.122000 0.334865
606 0.174000 0.334600
607 0.168000 0.334326
608 0.134000 0.333997
609 0.160000 0.333711
610 0.148000 0.333408
611 0.136000 0.333085
612 0.134000 0.332760
613 0.124000 0.332420
614 0.138000 0.332104
615 0.124000 0.331766
616 0.156000 0.331481
617 0.154000 0.331194
618 0.136000 0.330879
619 0.074000 0.330465
620 0.132000 0.330145
621 0.104000 0.329781
622 0.166000 0.329518
623 0.140000 0.329215
624 0.118000 0.328877
625 0.138000 0.328572
626 0.146000 0.328281
627 0.138000 0.327978
628 0.122000 0.327650
629 0.120000 0.327321
630 0.128000 0.327005
631 0.086000 0.326623
632 0.118000 0.326294
633 0.092000 0.325924
634 0.098000 0.325565
635 0.096000 0.325204
636 0.068000 0.324801
637 0.080000 0.324417
638 0.100000 0.324066
639 0.106000 0.323725
640 0.090000 0.323360
641 0.106000 0.323022
642 0.112000 0.322694
643 0.152000 0.322429
644 0.140000 0.322146
645 0.130000 0.321848
646 0.142000 0.321570
647 0.156000 0.321315
648 0.130000 0.321020
649 0.106000 0.320689
650 0.092000 0.320338
651 0.088000 0.319982
652 0.108000 0.319657
653 0.100000 0.319321
654 0.114000 0.319008
655 0.148000 0.318747
656 0.110000 0.318429
657 0.114000 0.318119
658 0.108000 0.317800
659 0.092000 0.317458
660 0.134000 0.317180
661 0.138000 0.316909
662 0.120000 0.316612
663 0.120000 0.316316
664 0.094000 0.315982
665 0.078000 0.315625
666 0.092000 0.315289
667 0.100000 0.314967
668 0.116000 0.314670
669 0.110000 0.314364
670 0.120000 0.314075
671 0.112000 0.313774
672 0.086000 0.313435
673 0.098000 0.313116
674 0.096000 0.312794
675 0.076000 0.312444
676 0.074000 0.312092
677 0.060000 0.311720
678 0.044000 0.311325
679 0.056000 0.310950
680 0.052000 0.310570
681 0.056000 0.310196
682 0.076000 0.309854
683 0.080000 0.309518
684 0.066000 0.309162
685 0.088000 0.308840
686 0.136000 0.308588
687 0.076000 0.308250
688 0.092000 0.307936
689 0.058000 0.307574
690 0.056000 0.307210
691 0.046000 0.306832
692 0.046000 0.306456
693 0.026000 0.306052
694 0.066000 0.305706
695 0.094000 0.305402
696 0.092000 0.305096
697 0.086000 0.304782
698 0.070000 0.304446
699 0.078000 0.304123
700 0.092000 0.303820
701 0.102000 0.303533
702 0.100000 0.303243
703 0.086000 0.302935
704 0.098000 0.302644
705 0.062000 0.302303
706 0.094000 0.302008
707 0.076000 0.301689
708 0.072000 0.301365
709 0.090000 0.301068
710 0.088000 0.300768
711 0.074000 0.300449
712 0.082000 0.300143
713 0.094000 0.299854
714 0.092000 0.299564
715 0.076000 0.299251
716 0.058000 0.298915
717 0.050000 0.298568
718 0.068000 0.298248
719 0.042000 0.297892
720 0.072000 0.297578
721 0.030000 0.297208
722 0.060000 0.296880
723 0.098000 0.296605
724 0.120000 0.296361
725 0.112000 0.296107
726 0.086000 0.295818
727 0.080000 0.295522
728 0.114000 0.295273
729 0.094000 0.294997
730 0.072000 0.294692
731 0.098000 0.294423
732 0.080000 0.294131
733 0.120000 0.293894
734 0.092000 0.293619
735 0.124000 0.293389
736 0.090000 0.293113
737 0.102000 0.292854
738 0.090000 0.292579
739 0.116000 0.292341
740 0.118000 0.292105
741 0.118000 0.291871
742 0.112000 0.291629
743 0.142000 0.291427
744 0.120000 0.291197
745 0.122000 0.290971
746 0.106000 0.290723
747 0.056000 0.290409
748 0.060000 0.290101
749 0.088000 0.289832
750 0.058000 0.289523
751 0.064000 0.289223
752 0.054000 0.288911
753 0.038000 0.288578
754 0.056000 0.288270
755 0.104000 0.288026
756 0.084000 0.287757
757 0.056000 0.287451
758 0.048000 0.287136
759 0.064000 0.286842
760 0.072000 0.286560
761 0.074000 0.286281
762 0.066000 0.285992
763 0.070000 0.285709
764 0.084000 0.285446
765 0.058000 0.285149
766 0.086000 0.284889
767 0.082000 0.284625
768 0.096000 0.284380
769 0.078000 0.284112
770 0.064000 0.283826
771 0.084000 0.283567
772 0.080000 0.283304
773 0.126000 0.283101
774 0.112000 0.282880
775 0.070000 0.282606
776 0.054000 0.282311
777 0.074000 0.282044
778 0.074000 0.281777
779 0.064000 0.281497
780 0.052000 0.281204
781 0.082000 0.280949
782 0.058000 0.280664
783 0.098000 0.280431
784 0.076000 0.280171
785 0.082000 0.279919
786 0.114000 0.279708
787 0.100000 0.279480
788 0.090000 0.279240
789 0.092000 0.279003
790 0.098000 0.278774
791 0.120000 0.278573
792 0.116000 0.278368
793 0.104000 0.278149
794 0.122000 0.277952
795 0.152000 0.277794
796 0.122000 0.277598
797 0.108000 0.277386
798 0.124000 0.277194
799 0.102000 0.276975
800 0.098000 0.276752
801 0.100000 0.276531
802 0.116000 0.276331
803 0.062000 0.276065
804 0.066000 0.275804
805 0.116000 0.275605
806 0.090000 0.275375
807 0.110000 0.275171
808 0.098000 0.274952
809 0.098000 0.274733
810 0.066000 0.274476
811 0.078000 0.274234
812 0.070000 0.273983
813 0.088000 0.273754
814 0.068000 0.273502
815 0.042000 0.273218
816 0.034000 0.272925
817 0.064000 0.272670
818 0.050000 0.272398
819 0.038000 0.272112
820 0.066000 0.271861
821 0.092000 0.271642
822 0.074000 0.271402
823 0.078000 0.271167
824 0.062000 0.270914
825 0.060000 0.270659
826 0.034000 0.270372
827 0.022000 0.270072
828 0.048000 0.269805
829 0.050000 0.269540
830 0.054000 0.269280
831 0.048000 0.269014
832 0.066000 0.268771
833 0.056000 0.268516
834 0.042000 0.268244
835 0.072000 0.268010
836 0.052000 0.267751
837 0.048000 0.267489
838 0.072000 0.267256
839 0.032000 0.266976
840 0.036000 0.266702
841 0.080000 0.266480
842 0.086000 0.266266
843 0.080000 0.266045
844 0.104000 0.265853
845 0.038000 0.265584
846 0.066000 0.265348
847 0.064000 0.265111
848 0.080000 0.264893
849 0.020000 0.264605
850 0.066000 0.264371
851 0.080000 0.264155
852 0.048000 0.263902
853 0.068000 0.263672
854 0.076000 0.263453
855 0.056000 0.263210
856 0.056000 0.262968
857 0.052000 0.262723
858 0.064000 0.262491
859 0.074000 0.262272
860 0.078000 0.262058
861 0.096000 0.261865
862 0.074000 0.261648
863 0.068000 0.261424
864 0.064000 0.261195
865 0.066000 0.260970
866 0.062000 0.260740
867 0.122000 0.260581
868 0.112000 0.260410
869 0.090000 0.260214
870 0.032000 0.259952
871 0.086000 0.259752
872 0.096000 0.259565
873 0.070000 0.259348
874 0.066000 0.259127
875 0.110000 0.258957
876 0.108000 0.258784
877 0.094000 0.258597
878 0.134000 0.258455
879 0.122000 0.258300
880 0.086000 0.258104
881 0.132000 0.257961
882 0.092000 0.257773
883 0.088000 0.257581
884 0.086000 0.257388
885 0.118000 0.257230
886 0.068000 0.257017
887 0.108000 0.256849
888 0.090000 0.256661
889 0.082000 0.256465
890 0.060000 0.256245
891 0.092000 0.256061
892 0.070000 0.255852
893 0.070000 0.255644
894 0.064000 0.255430
895 0.032000 0.255181
896 0.030000 0.254930
897 0.058000 0.254710
898 0.032000 0.254463
899 0.040000 0.254224
900 0.038000 0.253984
901 0.072000 0.253783
902 0.050000 0.253557
903 0.064000 0.253347
904 0.042000 0.253114
905 0.056000 0.252896
906 0.056000 0.252679
907 0.042000 0.252447
908 0.040000 0.252213
909 0.052000 0.251993
910 0.022000 0.251741
911 0.030000 0.251498
912 0.018000 0.251242
913 0.052000 0.251024
914 0.094000 0.250852
915 0.056000 0.250640
916 0.058000 0.250430
917 0.062000 0.250224
918 0.018000 0.249972
919 0.040000 0.249743
920 0.018000 0.249492
921 0.002000 0.249223
922 -0.006000 0.248947
923 0.012000 0.248690
924 0.048000 0.248474
925 0.038000 0.248246
926 0.052000 0.248035
927 0.020000 0.247789
928 0.012000 0.247535
929 0.034000 0.247305
930 0.040000 0.247083
931 0.010000 0.246828
932 0.006000 0.246570
933 0.048000 0.246358
934 0.062000 0.246160
935 0.058000 0.245959
936 0.078000 0.245780
937 0.024000 0.245544
938 0.054000 0.245340
939 0.054000 0.245136
940 0.040000 0.244918
941 0.034000 0.244694
942 0.074000 0.244513
943 0.046000 0.244303
944 0.016000 0.244061
945 0.010000 0.243814
946 0.032000 0.243590
947 0.058000 0.243395
948 0.062000 0.243203
949 0.044000 0.242994
950 0.004000 0.242742
951 0.046000 0.242536
952 0.060000 0.242344
953 0.050000 0.242143
954 0.022000 0.241912
955 0.052000 0.241713
956 0.042000 0.241505
957 0.060000 0.241315
958 0.014000 0.241078
959 -0.006000 0.240821
960 0.026000 0.240597
961 0.028000 0.240376
962 0.018000 0.240145
963 0.032000 0.239929
964 0.050000 0.239733
965 0.044000 0.239530
966 0.030000 0.239313
967 0.042000 0.239110
968 0.064000 0.238929
969 0.072000 0.238757
970 0.082000 0.238595
971 0.046000 0.238397
972 0.060000 0.238214
973 0.060000 0.238031
974 0.084000 0.237873
975 0.062000 0.237693
976 0.072000 0.237523
977 0.060000 0.237342
978 0.080000 0.237181
979 0.060000 0.237000
980 0.032000 0.236791
981 0.064000 0.236615
982 0.096000 0.236472
983 0.098000 0.236331
984 0.064000 0.236156
985 0.054000 0.235972
986 0.060000 0.235793
987 0.046000 0.235601
988 0.058000 0.235422
989 -0.006000 0.235178
990 0.008000 0.234949
991 0.006000 0.234718
992 0.024000 0.234506
993 0.020000 0.234290
994 0.072000 0.234127
995 0.074000 0.233966
996 0.074000 0.233805
997 0.070000 0.233641
998 0.042000 0.233449
999 0.008000 0.233224
