0 1.000000 1.000000
1 0.940000 0.970000
2 0.880000 0.940000
3 0.804000 0.906000
4 0.768000 0.878400
5 0.752000 0.857333
6 0.740000 0.840571
7 0.710000 0.824250
8 0.688000 0.809111
9 0.646000 0.792800
10 0.666000 0.781273
11 0.620000 0.767833
12 0.624000 0.756769
13 0.634000 0.748000
14 0.640000 0.740800
15 0.596000 0.731750
16 0.540000 0.720471
17 0.554000 0.711222
18 0.520000 0.701158
19 0.494000 0.690800
20 0.510000 0.682190
21 0.548000 0.676091
22 0.544000 0.670348
23 0.554000 0.665500
24 0.498000 0.658800
25 0.508000 0.653000
26 0.512000 0.647778
27 0.504000 0.642643
28 0.494000 0.637517
29 0.504000 0.633067
30 0.484000 0.628258
31 0.422000 0.621812
32 0.438000 0.616242
33 0.420000 0.610471
34 0.460000 0.606171
35 0.426000 0.601167
36 0.412000 0.596054
37 0.402000 0.590947
38 0.374000 0.585385
39 0.338000 0.579200
40 0.356000 0.573756
41 0.348000 0.568381
42 0.352000 0.563349
43 0.350000 0.558500
44 0.314000 0.553067
45 0.330000 0.548217
46 0.340000 0.543787
47 0.358000 0.539917
48 0.342000 0.535878
49 0.312000 0.531400
50 0.296000 0.526784
51 0.340000 0.523192
52 0.316000 0.519283
53 0.312000 0.515444
54 0.342000 0.512291
55 0.302000 0.508536
56 0.262000 0.504211
57 0.272000 0.500207
58 0.256000 0.496068
59 0.230000 0.491633
60 0.220000 0.487180
61 0.186000 0.482323
62 0.206000 0.477937
63 0.200000 0.473594
64 0.224000 0.469754
65 0.202000 0.465697
66 0.212000 0.461910
67 0.236000 0.458588
68 0.234000 0.455333
69 0.198000 0.451657
70 0.206000 0.448197
71 0.224000 0.445083
72 0.200000 0.441726
73 0.174000 0.438108
74 0.214000 0.435120
75 0.190000 0.431895
76 0.198000 0.428857
77 0.150000 0.425282
78 0.154000 0.421848
79 0.160000 0.418575
80 0.136000 0.415086
81 0.138000 0.411707
82 0.082000 0.407735
83 0.086000 0.403905
84 0.124000 0.400612
85 0.124000 0.397395
86 0.120000 0.394207
87 0.112000 0.391000
88 0.152000 0.388315
89 0.128000 0.385422
90 0.116000 0.382462
91 0.116000 0.379565
92 0.100000 0.376559
93 0.114000 0.373766
94 0.084000 0.370716
95 0.074000 0.367625
96 0.062000 0.364474
97 0.060000 0.361367
98 0.032000 0.358040
99 0.042000 0.354880
100 0.084000 0.352198
101 0.064000 0.349373
102 0.116000 0.347107
103 0.092000 0.344654
104 0.126000 0.342571
105 0.144000 0.340698
106 0.108000 0.338523
107 0.114000 0.336444
108 0.108000 0.334349
109 0.054000 0.331800
110 0.034000 0.329117
111 0.056000 0.326679
112 0.082000 0.324513
113 0.104000 0.322579
114 0.070000 0.320383
115 0.064000 0.318172
116 0.028000 0.315692
117 0.044000 0.313390
118 0.080000 0.311429
119 0.046000 0.309217
120 0.066000 0.307207
121 0.104000 0.305541
122 0.050000 0.303463
123 0.044000 0.301371
124 0.044000 0.299312
125 0.024000 0.297127
126 0.016000 0.294913
127 0.018000 0.292750
128 0.028000 0.290698
129 -0.010000 0.288385
130 -0.018000 0.286046
131 -0.002000 0.283864
132 0.020000 0.281880
133 0.020000 0.279925
134 0.064000 0.278326
135 0.024000 0.276456
136 0.010000 0.274511
137 0.020000 0.272667
138 0.038000 0.270978
139 0.016000 0.269157
140 0.052000 0.267617
141 -0.044000 0.265423
142 -0.040000 0.263287
143 -0.010000 0.261389
144 -0.020000 0.259448
145 -0.002000 0.257658
146 0.002000 0.255918
147 0.022000 0.254338
148 0.000000 0.252631
149 -0.020000 0.250813
150 -0.026000 0.248980
151 -0.030000 0.247145
152 -0.012000 0.245451
153 -0.024000 0.243701
154 0.012000 0.242206
155 -0.038000 0.240410
156 0.016000 0.238981
157 0.048000 0.237772
158 0.024000 0.236428
159 0.040000 0.235200
160 -0.026000 0.233578
161 -0.008000 0.232086
162 -0.028000 0.230491
163 -0.020000 0.228963
164 0.012000 0.227648
165 0.010000 0.226337
166 0.018000 0.225090
167 -0.012000 0.223679
168 -0.002000 0.222343
169 0.002000 0.221047
170 0.018000 0.219860
171 0.016000 0.218674
172 0.048000 0.217688
173 0.056000 0.216759
174 0.026000 0.215669
175 0.028000 0.214602
176 0.060000 0.213729
177 0.060000 0.212865
178 0.102000 0.212246
179 0.076000 0.211489
180 0.066000 0.210685
181 0.070000 0.209912
182 0.088000 0.209246
183 0.080000 0.208543
184 0.082000 0.207859
185 0.064000 0.207086
186 0.022000 0.206096
187 0.002000 0.205011
188 0.040000 0.204138
189 0.054000 0.203347
190 0.072000 0.202660
191 0.040000 0.201813
192 0.050000 0.201026
193 0.040000 0.200196
194 0.026000 0.199303
195 0.034000 0.198459
196 0.016000 0.197533
197 -0.002000 0.196525
198 0.010000 0.195588
199 0.034000 0.194780
200 0.084000 0.194229
201 0.052000 0.193525
202 0.028000 0.192709
203 0.064000 0.192078
204 0.034000 0.191307
205 0.064000 0.190689
206 0.034000 0.189932
207 0.078000 0.189394
208 0.046000 0.188708
209 0.044000 0.188019
210 0.056000 0.187393
211 0.028000 0.186642
212 -0.006000 0.185737
213 -0.010000 0.184822
214 -0.020000 0.183870
215 0.018000 0.183102
216 -0.008000 0.182221
217 -0.046000 0.181174
218 -0.046000 0.180137
219 -0.008000 0.179282
220 -0.034000 0.178317
221 -0.004000 0.177495
222 0.040000 0.176879
223 -0.012000 0.176036
224 0.008000 0.175289
225 -0.002000 0.174504
226 0.000000 0.173736
227 0.052000 0.173202
228 0.024000 0.172550
229 0.034000 0.171948
230 0.036000 0.171359
231 0.040000 0.170793
232 0.008000 0.170094
233 -0.024000 0.169265
234 0.020000 0.168630
235 -0.010000 0.167873
236 0.016000 0.167232
237 0.000000 0.166529
238 0.038000 0.165992
239 0.036000 0.165450
240 0.002000 0.164772
241 -0.032000 0.163959
242 -0.018000 0.163210
243 -0.016000 0.162475
244 -0.046000 0.161624
245 -0.028000 0.160854
246 -0.018000 0.160130
247 -0.050000 0.159282
248 -0.046000 0.158458
249 -0.040000 0.157664
250 -0.022000 0.156948
251 -0.012000 0.156278
252 0.018000 0.155731
253 -0.022000 0.155031
254 -0.012000 0.154376
255 -0.016000 0.153711
256 0.000000 0.153113
257 0.010000 0.152558
258 0.004000 0.151985
259 -0.002000 0.151392
260 0.042000 0.150973
261 0.054000 0.150603
262 0.030000 0.150144
263 0.000000 0.149576
264 0.008000 0.149042
265 0.000000 0.148481
266 0.020000 0.148000
267 0.008000 0.147478
268 0.044000 0.147093
269 0.022000 0.146630
270 0.044000 0.146251
271 0.028000 0.145816
272 0.040000 0.145429
273 0.026000 0.144993
274 0.024000 0.144553
275 -0.010000 0.143993
276 -0.028000 0.143372
277 -0.022000 0.142777
278 -0.030000 0.142158
279 0.018000 0.141714
280 0.048000 0.141381
281 0.058000 0.141085
282 -0.028000 0.140488
283 -0.022000 0.139915
284 -0.046000 0.139263
285 -0.024000 0.138692
286 -0.060000 0.138000
287 0.002000 0.137528
288 -0.030000 0.136948
289 -0.046000 0.136317
290 -0.062000 0.135636
291 -0.066000 0.134945
292 -0.054000 0.134300
293 -0.058000 0.133646
294 -0.012000 0.133153
295 0.008000 0.132730
296 -0.006000 0.132263
297 -0.014000 0.131772
298 -0.014000 0.131284
299 0.052000 0.131020
300 0.018000 0.130645
301 -0.026000 0.130126
302 0.018000 0.129756
303 0.006000 0.129349
304 0.014000 0.128970
305 -0.012000 0.128510
306 -0.038000 0.127967
307 -0.028000 0.127461
308 0.014000 0.127094
309 0.032000 0.126787
310 0.040000 0.126508
311 0.046000 0.126250
312 0.012000 0.125885
313 0.018000 0.125541
314 0.016000 0.125194
315 0.016000 0.124848
316 -0.006000 0.124435
317 0.036000 0.124157
318 0.034000 0.123875
319 0.054000 0.123656
320 -0.002000 0.123265
321 -0.010000 0.122851
322 0.026000 0.122551
323 0.006000 0.122191
324 0.020000 0.121877
325 0.022000 0.121571
326 -0.026000 0.121119
327 -0.008000 0.120726
328 -0.002000 0.120353
329 -0.012000 0.119952
330 0.014000 0.119631
331 0.060000 0.119452
332 0.052000 0.119249
333 0.058000 0.119066
334 0.080000 0.118949
335 0.058000 0.118768
336 0.066000 0.118611
337 0.040000 0.118379
338 0.020000 0.118088
339 0.018000 0.117794
340 0.022000 0.117513
341 0.022000 0.117234
342 0.042000 0.117015
343 0.032000 0.116767
344 0.054000 0.116586
345 0.044000 0.116376
346 0.028000 0.116121
347 0.054000 0.115943
348 0.008000 0.115633
349 -0.014000 0.115263
350 0.012000 0.114969
351 0.048000 0.114778
352 0.052000 0.114601
353 0.000000 0.114277
354 0.026000 0.114028
355 0.030000 0.113792
356 0.046000 0.113602
357 0.028000 0.113363
358 0.014000 0.113086
359 0.028000 0.112850
360 -0.012000 0.112504
361 -0.042000 0.112077
362 -0.040000 0.111658
363 -0.004000 0.111341
364 0.022000 0.111096
365 -0.006000 0.110776
366 -0.016000 0.110431
367 -0.010000 0.110103
368 -0.044000 0.109686
369 -0.052000 0.109249
370 -0.026000 0.108884
371 0.024000 0.108656
372 0.018000 0.108413
373 0.018000 0.108171
374 0.064000 0.108053
375 0.022000 0.107824
376 0.008000 0.107560
377 -0.002000 0.107270
378 0.004000 0.106997
379 0.002000 0.106721
380 0.010000 0.106467
381 0.002000 0.106194
382 0.026000 0.105984
383 -0.010000 0.105682
384 -0.006000 0.105392
385 -0.050000 0.104990
386 -0.026000 0.104651
387 -0.020000 0.104330
388 0.008000 0.104082
389 0.004000 0.103826
390 0.000000 0.103560
391 0.038000 0.103393
392 0.030000 0.103206
393 0.022000 0.103000
394 0.032000 0.102820
395 0.022000 0.102616
396 0.038000 0.102453
397 0.044000 0.102307
398 0.032000 0.102130
399 0.042000 0.101980
400 0.052000 0.101855
401 0.024000 0.101662
402 0.020000 0.101459
403 0.040000 0.101307
404 0.028000 0.101126
405 0.050000 0.101000
406 0.020000 0.100801
407 0.064000 0.100711
408 0.064000 0.100621
409 0.038000 0.100468
410 0.062000 0.100375
411 0.006000 0.100146
412 0.052000 0.100029
413 0.094000 0.100014
414 0.030000 0.099846
415 0.070000 0.099774
416 0.074000 0.099712
417 0.066000 0.099632
418 0.072000 0.099566
419 0.074000 0.099505
420 0.034000 0.099349
421 0.060000 0.099256
422 0.076000 0.099201
423 0.054000 0.099094
424 0.054000 0.098988
425 0.090000 0.098967
426 0.042000 0.098834
427 0.066000 0.098757
428 0.044000 0.098629
429 0.046000 0.098507
430 0.044000 0.098381
431 0.026000 0.098213
432 -0.010000 0.097963
433 0.038000 0.097825
434 0.004000 0.097609
435 0.032000 0.097459
436 -0.020000 0.097190
437 0.020000 0.097014
438 0.006000 0.096806
439 0.010000 0.096609
440 -0.010000 0.096367
441 -0.008000 0.096131
442 -0.034000 0.095837
443 -0.002000 0.095617
444 -0.002000 0.095398
445 -0.004000 0.095175
446 0.002000 0.094966
447 0.012000 0.094781
448 0.028000 0.094633
449 0.070000 0.094578
450 0.070000 0.094523
451 0.010000 0.094336
452 0.000000 0.094128
453 -0.010000 0.093899
454 -0.018000 0.093653
455 -0.012000 0.093421
456 -0.008000 0.093199
457 -0.076000 0.092830
458 -0.046000 0.092527
459 -0.052000 0.092213
460 -0.098000 0.091800
461 -0.084000 0.091420
462 -0.062000 0.091089
463 -0.034000 0.090819
464 -0.050000 0.090516
465 -0.060000 0.090193
466 -0.042000 0.089910
467 -0.046000 0.089620
468 -0.034000 0.089356
469 -0.016000 0.089132
470 -0.024000 0.088892
471 -0.022000 0.088657
472 -0.034000 0.088397
473 -0.050000 0.088105
474 -0.020000 0.087878
475 -0.038000 0.087613
476 -0.040000 0.087346
477 -0.046000 0.087067
478 -0.054000 0.086772
479 -0.032000 0.086525
480 -0.012000 0.086320
481 -0.014000 0.086112
482 0.022000 0.085979
483 -0.036000 0.085727
484 -0.058000 0.085431
485 -0.020000 0.085214
486 -0.014000 0.085010
487 -0.048000 0.084738
488 -0.072000 0.084417
489 -0.074000 0.084094
490 -0.078000 0.083764
491 -0.074000 0.083443
492 -0.010000 0.083254
493 -0.046000 0.082992
494 -0.014000 0.082796
495 0.002000 0.082633
496 -0.022000 0.082423
497 -0.036000 0.082185
498 -0.022000 0.081976
499 0.030000 0.081872
500 0.012000 0.081733
501 -0.016000 0.081538
502 0.018000 0.081412
503 -0.014000 0.081222
504 0.000000 0.081061
505 0.020000 0.080941
506 0.004000 0.080789
507 -0.018000 0.080594
508 -0.016000 0.080405
509 0.024000 0.080294
510 0.056000 0.080247
511 0.028000 0.080145
512 0.000000 0.079988
513 -0.018000 0.079798
514 0.002000 0.079647
515 0.016000 0.079523
516 -0.002000 0.079366
517 -0.006000 0.079201
518 0.042000 0.079129
519 -0.002000 0.078973
520 0.026000 0.078871
521 0.024000 0.078766
522 0.042000 0.078696
523 0.038000 0.078618
524 0.010000 0.078488
525 0.028000 0.078392
526 -0.004000 0.078235
527 0.052000 0.078186
528 0.070000 0.078170
529 0.020000 0.078060
530 0.024000 0.077959
531 0.020000 0.077850
532 0.068000 0.077831
533 0.026000 0.077734
534 0.050000 0.077682
535 0.030000 0.077593
536 -0.016000 0.077419
537 -0.010000 0.077257
538 -0.010000 0.077095
539 -0.002000 0.076948
540 -0.024000 0.076762
541 -0.016000 0.076590
542 0.000000 0.076449
543 0.016000 0.076338
544 0.020000 0.076235
545 0.028000 0.076147
546 -0.002000 0.076004
547 0.020000 0.075901
548 -0.030000 0.075709
549 -0.018000 0.075538
550 0.014000 0.075426
551 -0.014000 0.075264
552 0.014000 0.075154
553 -0.012000 0.074996
554 -0.016000 0.074832
555 -0.014000 0.074673
556 -0.020000 0.074503
557 -0.058000 0.074265
558 -0.032000 0.074075
559 -0.044000 0.073864
560 -0.006000 0.073722
561 -0.014000 0.073566
562 0.010000 0.073453
563 0.016000 0.073351
564 -0.002000 0.073218
565 -0.004000 0.073081
566 0.014000 0.072977
567 0.028000 0.072898
568 0.028000 0.072819
569 0.072000 0.072818
570 0.052000 0.072781
571 0.066000 0.072769
572 0.056000 0.072740
573 0.020000 0.072648
574 0.024000 0.072563
575 0.046000 0.072517
576 0.030000 0.072444
577 0.052000 0.072408
578 0.056000 0.072380
579 0.036000 0.072317
580 0.052000 0.072282
581 0.024000 0.072199
582 -0.006000 0.072065
583 0.006000 0.071952
584 0.004000 0.071836
585 0.018000 0.071744
586 0.002000 0.071625
587 0.042000 0.071575
588 0.004000 0.071460
589 0.012000 0.071359
590 0.014000 0.071262
591 -0.016000 0.071115
592 0.000000 0.070995
593 0.036000 0.070936
594 0.018000 0.070847
595 0.020000 0.070762
596 0.028000 0.070690
597 -0.012000 0.070552
598 -0.034000 0.070377
599 -0.012000 0.070240
600 0.002000 0.070126
601 0.002000 0.070013
602 -0.046000 0.069821
603 -0.046000 0.069629
604 -0.048000 0.069435
605 -0.004000 0.069314
606 -0.022000 0.069163
607 -0.044000 0.068977
608 -0.008000 0.068851
609 -0.046000 0.068662
610 -0.016000 0.068524
611 0.020000 0.068444
612 0.008000 0.068346
613 0.002000 0.068238
614 0.042000 0.068195
615 0.010000 0.068101
616 0.014000 0.068013
617 -0.006000 0.067893
618 0.022000 0.067819
619 0.006000 0.067719
620 -0.016000 0.067585
621 0.000000 0.067476
622 -0.010000 0.067352
623 0.020000 0.067276
624 0.014000 0.067190
625 0.016000 0.067109
626 0.014000 0.067024
627 -0.008000 0.066904
628 0.038000 0.066859
629 0.066000 0.066857
630 0.008000 0.066764
631 0.042000 0.066725
632 0.062000 0.066717
633 0.014000 0.066634
634 0.026000 0.066570
635 0.024000 0.066503
636 0.026000 0.066440
637 0.028000 0.066379
638 0.032000 0.066326
639 0.036000 0.066278
640 0.062000 0.066271
641 0.068000 0.066274
642 0.060000 0.066264
643 0.070000 0.066270
644 0.002000 0.066171
645 0.068000 0.066173
646 0.066000 0.066173
647 -0.004000 0.066065
648 0.042000 0.066028
649 0.020000 0.065957
650 0.006000 0.065865
651 0.046000 0.065834
652 0.004000 0.065740
653 -0.010000 0.065624
654 0.008000 0.065536
655 -0.010000 0.065421
656 -0.006000 0.065312
657 -0.014000 0.065191
658 -0.008000 0.065080
659 -0.004000 0.064976
660 0.014000 0.064899
661 0.040000 0.064861
662 0.034000 0.064814
663 0.046000 0.064786
664 0.050000 0.064764
665 0.054000 0.064748
666 0.064000 0.064747
667 0.064000 0.064746
668 0.038000 0.064706
669 0.016000 0.064633
670 0.064000 0.064632
671 0.052000 0.064613
672 0.054000 0.064597
673 0.036000 0.064555
674 0.028000 0.064501
675 0.052000 0.064482
676 0.028000 0.064428
677 0.014000 0.064354
678 -0.004000 0.064253
679 0.040000 0.064218
680 0.018000 0.064150
681 0.004000 0.064062
682 0.038000 0.064023
683 0.046000 0.063997
684 0.062000 0.063994
685 0.024000 0.063936
686 0.054000 0.063921
687 0.022000 0.063860
688 0.066000 0.063864
689 0.014000 0.063791
690 0.012000 0.063716
691 0.036000 0.063676
692 0.010000 0.063599
693 0.004000 0.063513
694 -0.014000 0.063401
695 -0.010000 0.063296
696 -0.048000 0.063136
697 -0.030000 0.063003
698 -0.032000 0.062867
699 -0.020000 0.062749
700 -0.004000 0.062653
701 0.030000 0.062607
702 0.026000 0.062555
703 0.000000 0.062466
704 -0.016000 0.062355
705 -0.008000 0.062255
706 -0.012000 0.062150
707 -0.002000 0.062059
708 0.018000 0.061997
709 0.008000 0.061921
710 -0.014000 0.061814
711 -0.024000 0.061694
712 -0.022000 0.061576
713 -0.004000 0.061485
714 -0.022000 0.061368
715 0.020000 0.061310
716 -0.006000 0.061216
717 -0.002000 0.061128
718 -0.008000 0.061032
719 0.028000 0.060986
720 0.008000 0.060913
721 0.038000 0.060881
722 -0.006000 0.060788
723 -0.004000 0.060699
724 -0.002000 0.060612
725 -0.012000 0.060512
726 0.012000 0.060446
727 -0.008000 0.060352
728 -0.010000 0.060255
729 -0.008000 0.060162
730 0.012000 0.060096
731 -0.032000 0.059970
732 -0.032000 0.059844
733 -0.024000 0.059730
734 -0.028000 0.059611
735 -0.066000 0.059440
736 -0.058000 0.059281
737 -0.048000 0.059136
738 -0.068000 0.058963
739 -0.056000 0.058808
740 -0.054000 0.058656
741 -0.042000 0.058520
742 -0.046000 0.058380
743 -0.032000 0.058258
744 -0.018000 0.058156
745 0.030000 0.058118
746 0.012000 0.058056
747 0.022000 0.058008
748 0.042000 0.057987
749 -0.002000 0.057907
750 0.044000 0.057888
751 -0.006000 0.057803
752 -0.006000 0.057718
753 0.002000 0.057645
754 0.000000 0.057568
755 0.010000 0.057505
756 -0.002000 0.057427
757 0.022000 0.057380
758 0.002000 0.057307
759 0.014000 0.057250
760 0.012000 0.057191
761 -0.004000 0.057110
762 0.006000 0.057043
763 -0.008000 0.056958
764 0.022000 0.056912
765 0.046000 0.056898
766 0.038000 0.056874
767 0.032000 0.056841
768 0.004000 0.056772
769 0.024000 0.056730
770 0.016000 0.056677
771 0.022000 0.056632
772 -0.014000 0.056541
773 0.012000 0.056483
774 0.024000 0.056441
775 0.044000 0.056425
776 0.034000 0.056396
777 0.040000 0.056375
778 0.028000 0.056339
779 0.028000 0.056303
780 0.038000 0.056279
781 0.008000 0.056217
782 0.056000 0.056217
783 -0.014000 0.056128
784 0.016000 0.056076
785 0.036000 0.056051
786 0.054000 0.056048
787 0.096000 0.056099
788 0.098000 0.056152
789 0.076000 0.056177
790 0.056000 0.056177
791 0.082000 0.056210
792 0.074000 0.056232
793 0.068000 0.056247
794 0.072000 0.056267
795 0.040000 0.056246
796 -0.006000 0.056168
797 0.018000 0.056120
798 0.020000 0.056075
799 0.016000 0.056025
800 0.038000 0.056002
801 0.058000 0.056005
802 0.032000 0.055975
803 0.022000 0.055933
804 0.012000 0.055878
805 0.000000 0.055809
806 0.012000 0.055755
807 0.008000 0.055696
808 0.010000 0.055639
809 0.008000 0.055580
810 -0.002000 0.055509
811 0.024000 0.055470
812 0.006000 0.055410
813 -0.004000 0.055337
814 -0.030000 0.055232
815 -0.032000 0.055125
816 -0.010000 0.055045
817 0.014000 0.054995
818 0.016000 0.054947
819 0.010000 0.054893
820 -0.004000 0.054821
821 -0.040000 0.054706
822 -0.034000 0.054598
823 -0.030000 0.054495
824 0.024000 0.054458
825 0.006000 0.054400
826 -0.024000 0.054305
827 -0.028000 0.054205
828 -0.014000 0.054123
829 -0.002000 0.054055
830 -0.020000 0.053966
831 -0.032000 0.053863
832 0.026000 0.053830
833 -0.006000 0.053758
834 -0.010000 0.053681
835 -0.002000 0.053615
836 0.062000 0.053625
837 0.000000 0.053561
838 0.002000 0.053499
839 -0.050000 0.053376
840 -0.006000 0.053306
841 0.002000 0.053245
842 0.002000 0.053184
843 -0.010000 0.053109
844 0.018000 0.053067
845 -0.010000 0.052993
846 0.022000 0.052956
847 0.014000 0.052910
848 0.026000 0.052879
849 -0.006000 0.052809
850 -0.014000 0.052731
851 -0.062000 0.052596
852 -0.020000 0.052511
853 -0.032000 0.052412
854 0.016000 0.052370
855 0.002000 0.052311
856 -0.008000 0.052240
857 -0.014000 0.052163
858 0.006000 0.052109
859 0.014000 0.052065
860 0.010000 0.052016
861 0.018000 0.051977
862 -0.010000 0.051905
863 -0.006000 0.051838
864 -0.006000 0.051771
865 -0.044000 0.051661
866 -0.050000 0.051543
867 -0.028000 0.051452
868 -0.022000 0.051367
869 0.000000 0.051308
870 0.014000 0.051265
871 0.018000 0.051227
872 0.016000 0.051187
873 0.026000 0.051158
874 0.048000 0.051154
875 0.044000 0.051146
876 0.030000 0.051122
877 -0.004000 0.051059
878 0.018000 0.051022
879 0.042000 0.051011
880 0.012000 0.050967
881 0.008000 0.050918
882 -0.026000 0.050831
883 -0.014000 0.050758
884 0.000000 0.050701
885 -0.008000 0.050634
886 0.048000 0.050631
887 0.068000 0.050651
888 0.042000 0.050641
889 0.050000 0.050640
890 0.038000 0.050626
891 0.008000 0.050578
892 0.046000 0.050573
893 0.046000 0.050568
894 0.038000 0.050554
895 0.092000 0.050600
896 0.016000 0.050562
897 0.032000 0.050541
898 -0.026000 0.050456
899 -0.058000 0.050336
900 -0.054000 0.050220
901 -0.028000 0.050133
902 -0.020000 0.050055
903 -0.028000 0.049969
904 -0.022000 0.049890
905 0.000000 0.049834
906 0.000000 0.049779
907 -0.026000 0.049696
908 -0.026000 0.049613
909 -0.016000 0.049541
910 -0.026000 0.049458
911 -0.006000 0.049397
912 0.024000 0.049369
913 0.018000 0.049335
914 -0.008000 0.049272
915 0.028000 0.049249
916 0.030000 0.049228
917 0.004000 0.049179
918 -0.014000 0.049110
919 0.022000 0.049080
920 0.012000 0.049040
921 0.000000 0.048987
922 0.018000 0.048953
923 0.038000 0.048942
924 0.004000 0.048893
925 0.020000 0.048862
926 0.006000 0.048816
927 0.016000 0.048780
928 0.040000 0.048771
929 -0.004000 0.048714
930 0.016000 0.048679
931 -0.020000 0.048605
932 0.002000 0.048555
933 0.034000 0.048540
934 -0.022000 0.048464
935 -0.008000 0.048404
936 0.028000 0.048382
937 0.044000 0.048377
938 0.046000 0.048375
939 0.012000 0.048336
940 -0.028000 0.048255
941 -0.014000 0.048189
942 -0.036000 0.048100
943 0.014000 0.048064
944 -0.010000 0.048002
945 0.008000 0.047960
946 0.028000 0.047939
947 0.014000 0.047903
948 -0.024000 0.047827
949 -0.060000 0.047714
950 -0.036000 0.047626
951 -0.026000 0.047548
952 -0.018000 0.047480
953 -0.002000 0.047428
954 -0.026000 0.047351
955 0.002000 0.047303
956 0.020000 0.047275
957 0.002000 0.047228
958 -0.032000 0.047145
959 -0.036000 0.047058
960 -0.012000 0.046997
961 0.022000 0.046971
962 0.018000 0.046941
963 -0.002000 0.046890
964 0.030000 0.046873
965 0.024000 0.046849
966 0.026000 0.046827
967 0.008000 0.046787
968 -0.008000 0.046731
969 0.032000 0.046715
970 0.004000 0.046671
971 0.018000 0.046642
972 0.006000 0.046600
973 0.012000 0.046565
974 0.018000 0.046535
975 0.030000 0.046518
976 0.014000 0.046485
977 0.032000 0.046470
978 -0.002000 0.046421
979 -0.010000 0.046363
980 0.000000 0.046316
981 0.022000 0.046291
982 0.054000 0.046299
983 0.000000 0.046252
984 -0.022000 0.046183
985 -0.006000 0.046130
986 -0.018000 0.046065
987 -0.026000 0.045992
988 0.028000 0.045974
989 0.034000 0.045962
990 0.000000 0.045915
991 0.022000 0.045891
992 -0.024000 0.045821
993 -0.028000 0.045746
994 0.024000 0.045725
995 0.014000 0.045693
996 -0.034000 0.045613
997 -0.040000 0.045527
998 -0.050000 0.045431
999 -0.086000 0.045300
