0 1.000000 1.000000
1 0.970000 0.985000
2 0.924000 0.964667
3 0.874000 0.942000
4 0.828000 0.919200
5 0.830000 0.904333
6 0.832000 0.894000
7 0.838000 0.887000
8 0.836000 0.881333
9 0.806000 0.873800
10 0.862000 0.872727
11 0.828000 0.869000
12 0.820000 0.865231
13 0.814000 0.861571
14 0.810000 0.858133
15 0.786000 0.853625
16 0.776000 0.849059
17 0.782000 0.845333
18 0.744000 0.840000
19 0.744000 0.835200
20 0.744000 0.830857
21 0.754000 0.827364
22 0.766000 0.824696
23 0.770000 0.822417
24 0.754000 0.819680
25 0.752000 0.817077
26 0.746000 0.814444
27 0.738000 0.811714
28 0.726000 0.808759
29 0.718000 0.805733
30 0.726000 0.803161
31 0.714000 0.800375
32 0.672000 0.796485
33 0.662000 0.792529
34 0.680000 0.789314
35 0.642000 0.785222
36 0.676000 0.782270
37 0.674000 0.779421
38 0.670000 0.776615
39 0.662000 0.773750
40 0.656000 0.770878
41 0.642000 0.767810
42 0.624000 0.764465
43 0.636000 0.761545
44 0.666000 0.759422
45 0.688000 0.757870
46 0.678000 0.756170
47 0.652000 0.754000
48 0.640000 0.751673
49 0.668000 0.750000
50 0.634000 0.747725
51 0.664000 0.746115
52 0.646000 0.744226
53 0.630000 0.742111
54 0.648000 0.740400
55 0.646000 0.738714
56 0.624000 0.736702
57 0.622000 0.734724
58 0.618000 0.732746
59 0.650000 0.731367
60 0.636000 0.729803
61 0.622000 0.728065
62 0.614000 0.726254
63 0.642000 0.724938
64 0.656000 0.723877
65 0.648000 0.722727
66 0.628000 0.721313
67 0.624000 0.719882
68 0.636000 0.718667
69 0.630000 0.717400
70 0.630000 0.716169
71 0.614000 0.714750
72 0.622000 0.713479
73 0.624000 0.712270
74 0.630000 0.711173
75 0.622000 0.710000
76 0.616000 0.708779
77 0.620000 0.707641
78 0.590000 0.706152
79 0.592000 0.704725
80 0.592000 0.703333
81 0.592000 0.701976
82 0.568000 0.700361
83 0.574000 0.698857
84 0.564000 0.697271
85 0.578000 0.695884
86 0.572000 0.694460
87 0.626000 0.693682
88 0.612000 0.692764
89 0.604000 0.691778
90 0.598000 0.690747
91 0.594000 0.689696
92 0.602000 0.688753
93 0.592000 0.687723
94 0.616000 0.686968
95 0.568000 0.685729
96 0.568000 0.684515
97 0.576000 0.683408
98 0.594000 0.682505
99 0.562000 0.681300
100 0.550000 0.680000
101 0.568000 0.678902
102 0.576000 0.677903
103 0.596000 0.677115
104 0.578000 0.676171
105 0.572000 0.675189
106 0.570000 0.674206
107 0.584000 0.673370
108 0.560000 0.672330
109 0.572000 0.671418
110 0.594000 0.670721
111 0.590000 0.670000
112 0.584000 0.669239
113 0.586000 0.668509
114 0.588000 0.667809
115 0.588000 0.667121
116 0.572000 0.666308
117 0.552000 0.665339
118 0.570000 0.664538
119 0.568000 0.663733
120 0.566000 0.662926
121 0.556000 0.662049
122 0.594000 0.661496
123 0.588000 0.660903
124 0.550000 0.660016
125 0.524000 0.658937
126 0.534000 0.657953
127 0.534000 0.656984
128 0.576000 0.656357
129 0.576000 0.655738
130 0.514000 0.654656
131 0.512000 0.653576
132 0.486000 0.652316
133 0.494000 0.651134
134 0.490000 0.649941
135 0.508000 0.648897
136 0.534000 0.648058
137 0.536000 0.647246
138 0.534000 0.646432
139 0.534000 0.645629
140 0.514000 0.644695
141 0.510000 0.643746
142 0.506000 0.642783
143 0.516000 0.641903
144 0.516000 0.641034
145 0.506000 0.640110
146 0.516000 0.639265
147 0.540000 0.638595
148 0.542000 0.637946
149 0.524000 0.637187
150 0.482000 0.636159
151 0.458000 0.634987
152 0.476000 0.633948
153 0.498000 0.633065
154 0.486000 0.632116
155 0.472000 0.631090
156 0.434000 0.629834
157 0.446000 0.628671
158 0.466000 0.627648
159 0.482000 0.626737
160 0.494000 0.625913
161 0.488000 0.625062
162 0.486000 0.624209
163 0.504000 0.623476
164 0.462000 0.622497
165 0.464000 0.621542
166 0.470000 0.620635
167 0.476000 0.619774
168 0.504000 0.619089
169 0.502000 0.618400
170 0.494000 0.617673
171 0.518000 0.617093
172 0.504000 0.616439
173 0.450000 0.615483
174 0.468000 0.614640
175 0.462000 0.613773
176 0.466000 0.612938
177 0.460000 0.612079
178 0.446000 0.611151
179 0.470000 0.610367
180 0.482000 0.609657
181 0.462000 0.608846
182 0.460000 0.608033
183 0.436000 0.607098
184 0.458000 0.606292
185 0.484000 0.605634
186 0.518000 0.605166
187 0.474000 0.604468
188 0.476000 0.603788
189 0.482000 0.603147
190 0.462000 0.602408
191 0.428000 0.601500
192 0.458000 0.600756
193 0.486000 0.600165
194 0.446000 0.599374
195 0.488000 0.598806
196 0.496000 0.598284
197 0.472000 0.597646
198 0.418000 0.596744
199 0.452000 0.596020
200 0.444000 0.595264
201 0.444000 0.594515
202 0.432000 0.593714
203 0.454000 0.593029
204 0.408000 0.592127
205 0.404000 0.591214
206 0.402000 0.590300
207 0.422000 0.589490
208 0.436000 0.588756
209 0.414000 0.587924
210 0.402000 0.587043
211 0.436000 0.586330
212 0.442000 0.585653
213 0.428000 0.584916
214 0.398000 0.584047
215 0.390000 0.583148
216 0.422000 0.582406
217 0.436000 0.581734
218 0.472000 0.581233
219 0.438000 0.580582
220 0.424000 0.579873
221 0.418000 0.579144
222 0.426000 0.578457
223 0.400000 0.577661
224 0.448000 0.577084
225 0.430000 0.576434
226 0.458000 0.575912
227 0.462000 0.575412
228 0.464000 0.574926
229 0.444000 0.574357
230 0.422000 0.573697
231 0.432000 0.573086
232 0.428000 0.572464
233 0.404000 0.571744
234 0.404000 0.571030
235 0.430000 0.570432
236 0.446000 0.569907
237 0.446000 0.569387
238 0.434000 0.568820
239 0.426000 0.568225
240 0.408000 0.567560
241 0.420000 0.566950
242 0.414000 0.566321
243 0.444000 0.565820
244 0.430000 0.565265
245 0.434000 0.564732
246 0.406000 0.564089
247 0.416000 0.563492
248 0.410000 0.562876
249 0.392000 0.562192
250 0.374000 0.561442
251 0.376000 0.560706
252 0.382000 0.560000
253 0.368000 0.559244
254 0.418000 0.558690
255 0.464000 0.558320
256 0.474000 0.557992
257 0.464000 0.557628
258 0.460000 0.557251
259 0.432000 0.556769
260 0.410000 0.556207
261 0.412000 0.555656
262 0.424000 0.555156
263 0.438000 0.554712
264 0.450000 0.554317
265 0.448000 0.553917
266 0.430000 0.553453
267 0.426000 0.552978
268 0.450000 0.552595
269 0.454000 0.552230
270 0.434000 0.551793
271 0.438000 0.551375
272 0.436000 0.550952
273 0.418000 0.550467
274 0.442000 0.550073
275 0.432000 0.549645
276 0.424000 0.549191
277 0.458000 0.548863
278 0.434000 0.548452
279 0.426000 0.548014
280 0.442000 0.547637
281 0.428000 0.547213
282 0.426000 0.546784
283 0.394000 0.546246
284 0.372000 0.545635
285 0.428000 0.545224
286 0.456000 0.544913
287 0.386000 0.544361
288 0.402000 0.543869
289 0.414000 0.543421
290 0.428000 0.543024
291 0.416000 0.542589
292 0.410000 0.542137
293 0.430000 0.541755
294 0.450000 0.541444
295 0.422000 0.541041
296 0.422000 0.540640
297 0.408000 0.540195
298 0.412000 0.539766
299 0.420000 0.539367
300 0.410000 0.538937
301 0.364000 0.538358
302 0.394000 0.537881
303 0.388000 0.537388
304 0.412000 0.536977
305 0.390000 0.536497
306 0.382000 0.535993
307 0.404000 0.535565
308 0.398000 0.535120
309 0.362000 0.534561
310 0.364000 0.534013
311 0.404000 0.533596
312 0.374000 0.533086
313 0.374000 0.532580
314 0.392000 0.532133
315 0.392000 0.531690
316 0.364000 0.531161
317 0.366000 0.530642
318 0.358000 0.530100
319 0.414000 0.529737
320 0.410000 0.529364
321 0.376000 0.528888
322 0.372000 0.528402
323 0.376000 0.527932
324 0.368000 0.527440
325 0.362000 0.526933
326 0.386000 0.526502
327 0.396000 0.526104
328 0.378000 0.525653
329 0.358000 0.525145
330 0.360000 0.524647
331 0.376000 0.524199
332 0.386000 0.523784
333 0.390000 0.523383
334 0.324000 0.522788
335 0.378000 0.522357
336 0.390000 0.521964
337 0.406000 0.521621
338 0.388000 0.521227
339 0.370000 0.520782
340 0.358000 0.520305
341 0.352000 0.519813
342 0.342000 0.519294
343 0.362000 0.518837
344 0.376000 0.518423
345 0.354000 0.517948
346 0.340000 0.517435
347 0.378000 0.517034
348 0.362000 0.516590
349 0.366000 0.516160
350 0.380000 0.515772
351 0.360000 0.515330
352 0.352000 0.514867
353 0.334000 0.514356
354 0.352000 0.513899
355 0.372000 0.513500
356 0.326000 0.512975
357 0.352000 0.512525
358 0.352000 0.512078
359 0.326000 0.511561
360 0.330000 0.511058
361 0.364000 0.510652
362 0.346000 0.510198
363 0.376000 0.509830
364 0.336000 0.509353
365 0.334000 0.508874
366 0.306000 0.508322
367 0.320000 0.507810
368 0.322000 0.507306
369 0.334000 0.506838
370 0.336000 0.506377
371 0.338000 0.505925
372 0.304000 0.505383
373 0.308000 0.504856
374 0.314000 0.504347
375 0.336000 0.503899
376 0.302000 0.503363
377 0.310000 0.502852
378 0.310000 0.502343
379 0.306000 0.501826
380 0.300000 0.501297
381 0.318000 0.500817
382 0.334000 0.500381
383 0.324000 0.499922
384 0.322000 0.499460
385 0.328000 0.499016
386 0.316000 0.498543
387 0.288000 0.498000
388 0.288000 0.497460
389 0.298000 0.496949
390 0.288000 0.496414
391 0.304000 0.495923
392 0.284000 0.495384
393 0.280000 0.494838
394 0.264000 0.494253
395 0.272000 0.493692
396 0.280000 0.493154
397 0.270000 0.492593
398 0.290000 0.492085
399 0.296000 0.491595
400 0.272000 0.491047
401 0.326000 0.490637
402 0.338000 0.490258
403 0.334000 0.489871
404 0.276000 0.489343
405 0.288000 0.488847
406 0.286000 0.488349
407 0.304000 0.487897
408 0.298000 0.487433
409 0.248000 0.486849
410 0.254000 0.486282
411 0.258000 0.485728
412 0.234000 0.485119
413 0.252000 0.484556
414 0.280000 0.484063
415 0.290000 0.483596
416 0.292000 0.483137
417 0.296000 0.482689
418 0.312000 0.482282
419 0.264000 0.481762
420 0.292000 0.481311
421 0.270000 0.480810
422 0.264000 0.480298
423 0.240000 0.479731
424 0.242000 0.479172
425 0.248000 0.478629
426 0.230000 0.478047
427 0.198000 0.477393
428 0.230000 0.476816
429 0.220000 0.476219
430 0.206000 0.475592
431 0.228000 0.475019
432 0.246000 0.474490
433 0.230000 0.473926
434 0.234000 0.473375
435 0.212000 0.472775
436 0.232000 0.472224
437 0.250000 0.471717
438 0.260000 0.471235
439 0.252000 0.470736
440 0.264000 0.470268
441 0.240000 0.469747
442 0.266000 0.469287
443 0.248000 0.468788
444 0.260000 0.468319
445 0.250000 0.467830
446 0.266000 0.467378
447 0.288000 0.466978
448 0.288000 0.466579
449 0.254000 0.466107
450 0.244000 0.465614
451 0.274000 0.465190
452 0.256000 0.464728
453 0.280000 0.464322
454 0.256000 0.463864
455 0.284000 0.463469
456 0.264000 0.463033
457 0.254000 0.462576
458 0.286000 0.462192
459 0.292000 0.461822
460 0.238000 0.461336
461 0.254000 0.460887
462 0.228000 0.460384
463 0.226000 0.459879
464 0.210000 0.459342
465 0.232000 0.458854
466 0.216000 0.458334
467 0.222000 0.457829
468 0.256000 0.457399
469 0.256000 0.456970
470 0.234000 0.456497
471 0.266000 0.456093
472 0.246000 0.455649
473 0.254000 0.455224
474 0.262000 0.454817
475 0.280000 0.454450
476 0.258000 0.454038
477 0.238000 0.453586
478 0.276000 0.453215
479 0.276000 0.452846
480 0.254000 0.452432
481 0.230000 0.451971
482 0.240000 0.451532
483 0.246000 0.451107
484 0.244000 0.450680
485 0.296000 0.450362
486 0.278000 0.450008
487 0.276000 0.449652
488 0.262000 0.449268
489 0.286000 0.448935
490 0.258000 0.448546
491 0.266000 0.448175
492 0.226000 0.447724
493 0.234000 0.447291
494 0.262000 0.446917
495 0.232000 0.446484
496 0.250000 0.446089
497 0.252000 0.445699
498 0.234000 0.445275
499 0.192000 0.444768
500 0.234000 0.444347
501 0.218000 0.443896
502 0.214000 0.443439
503 0.230000 0.443016
504 0.226000 0.442586
505 0.236000 0.442178
506 0.204000 0.441708
507 0.176000 0.441185
508 0.224000 0.440758
509 0.206000 0.440298
510 0.216000 0.439859
511 0.218000 0.439426
512 0.202000 0.438963
513 0.178000 0.438455
514 0.222000 0.438035
515 0.206000 0.437585
516 0.210000 0.437145
517 0.238000 0.436761
518 0.220000 0.436343
519 0.218000 0.435923
520 0.234000 0.435536
521 0.230000 0.435142
522 0.236000 0.434761
523 0.268000 0.434443
524 0.228000 0.434050
525 0.216000 0.433635
526 0.238000 0.433264
527 0.238000 0.432894
528 0.228000 0.432507
529 0.224000 0.432113
530 0.218000 0.431710
531 0.182000 0.431241
532 0.218000 0.430841
533 0.200000 0.430408
534 0.224000 0.430022
535 0.246000 0.429679
536 0.218000 0.429285
537 0.218000 0.428892
538 0.202000 0.428471
539 0.190000 0.428030
540 0.216000 0.427638
541 0.252000 0.427314
542 0.216000 0.426924
543 0.238000 0.426577
544 0.248000 0.426250
545 0.228000 0.425886
546 0.230000 0.425528
547 0.228000 0.425168
548 0.250000 0.424849
549 0.246000 0.424524
550 0.232000 0.424174
551 0.252000 0.423862
552 0.238000 0.423526
553 0.218000 0.423155
554 0.206000 0.422764
555 0.220000 0.422399
556 0.218000 0.422032
557 0.230000 0.421688
558 0.246000 0.421374
559 0.208000 0.420993
560 0.214000 0.420624
561 0.226000 0.420278
562 0.240000 0.419957
563 0.226000 0.419613
564 0.230000 0.419278
565 0.226000 0.418936
566 0.234000 0.418610
567 0.248000 0.418310
568 0.230000 0.417979
569 0.202000 0.417600
570 0.230000 0.417271
571 0.212000 0.416913
572 0.236000 0.416597
573 0.204000 0.416226
574 0.236000 0.415913
575 0.238000 0.415604
576 0.236000 0.415293
577 0.230000 0.414972
578 0.240000 0.414670
579 0.262000 0.414407
580 0.258000 0.414138
581 0.238000 0.413835
582 0.234000 0.413527
583 0.248000 0.413243
584 0.222000 0.412916
585 0.244000 0.412628
586 0.224000 0.412307
587 0.222000 0.411983
588 0.226000 0.411667
589 0.252000 0.411397
590 0.202000 0.411042
591 0.192000 0.410672
592 0.182000 0.410287
593 0.196000 0.409926
594 0.190000 0.409556
595 0.202000 0.409208
596 0.222000 0.408894
597 0.192000 0.408532
598 0.202000 0.408187
599 0.228000 0.407887
600 0.226000 0.407584
601 0.266000 0.407349
602 0.276000 0.407131
603 0.232000 0.406841
604 0.270000 0.406615
605 0.276000 0.406399
606 0.264000 0.406165
607 0.252000 0.405911
608 0.272000 0.405691
609 0.270000 0.405469
610 0.264000 0.405237
611 0.226000 0.404944
612 0.254000 0.404698
613 0.246000 0.404440
614 0.240000 0.404172
615 0.228000 0.403886
616 0.250000 0.403637
617 0.252000 0.403392
618 0.240000 0.403128
619 0.246000 0.402874
620 0.254000 0.402634
621 0.250000 0.402389
622 0.220000 0.402096
623 0.208000 0.401785
624 0.226000 0.401504
625 0.208000 0.401195
626 0.188000 0.400855
627 0.188000 0.400516
628 0.180000 0.400165
629 0.174000 0.399806
630 0.198000 0.399487
631 0.196000 0.399165
632 0.236000 0.398907
633 0.220000 0.398625
634 0.200000 0.398312
635 0.196000 0.397994
636 0.188000 0.397664
637 0.158000 0.397288
638 0.186000 0.396958
639 0.174000 0.396609
640 0.198000 0.396300
641 0.214000 0.396016
642 0.218000 0.395739
643 0.236000 0.395491
644 0.206000 0.395197
645 0.180000 0.394864
646 0.198000 0.394560
647 0.210000 0.394275
648 0.216000 0.394000
649 0.218000 0.393729
650 0.232000 0.393481
651 0.226000 0.393224
652 0.210000 0.392943
653 0.186000 0.392627
654 0.230000 0.392379
655 0.154000 0.392015
656 0.174000 0.391683
657 0.172000 0.391350
658 0.164000 0.391005
659 0.144000 0.390630
660 0.176000 0.390306
661 0.180000 0.389988
662 0.208000 0.389713
663 0.218000 0.389455
664 0.206000 0.389179
665 0.252000 0.388973
666 0.234000 0.388741
667 0.206000 0.388467
668 0.232000 0.388233
669 0.228000 0.387994
670 0.234000 0.387765
671 0.182000 0.387458
672 0.204000 0.387186
673 0.178000 0.386875
674 0.210000 0.386613
675 0.174000 0.386299
676 0.168000 0.385976
677 0.142000 0.385617
678 0.196000 0.385337
679 0.162000 0.385009
680 0.144000 0.384655
681 0.138000 0.384293
682 0.152000 0.383953
683 0.176000 0.383649
684 0.152000 0.383311
685 0.176000 0.383009
686 0.188000 0.382725
687 0.184000 0.382436
688 0.196000 0.382165
689 0.160000 0.381843
690 0.150000 0.381508
691 0.168000 0.381199
692 0.184000 0.380915
693 0.198000 0.380651
694 0.214000 0.380412
695 0.196000 0.380147
696 0.168000 0.379842
697 0.132000 0.379487
698 0.148000 0.379156
699 0.190000 0.378886
700 0.202000 0.378633
701 0.152000 0.378311
702 0.154000 0.377991
703 0.182000 0.377713
704 0.156000 0.377399
705 0.158000 0.377088
706 0.168000 0.376792
707 0.164000 0.376492
708 0.154000 0.376178
709 0.174000 0.375893
710 0.148000 0.375572
711 0.120000 0.375213
712 0.176000 0.374934
713 0.146000 0.374613
714 0.166000 0.374322
715 0.168000 0.374034
716 0.140000 0.373707
717 0.124000 0.373359
718 0.150000 0.373049
719 0.168000 0.372764
720 0.156000 0.372463
721 0.158000 0.372166
722 0.162000 0.371876
723 0.190000 0.371624
724 0.178000 0.371357
725 0.162000 0.371069
726 0.186000 0.370814
727 0.176000 0.370547
728 0.182000 0.370288
729 0.202000 0.370058
730 0.210000 0.369839
731 0.216000 0.369628
732 0.222000 0.369427
733 0.188000 0.369180
734 0.214000 0.368969
735 0.222000 0.368769
736 0.164000 0.368491
737 0.156000 0.368203
738 0.178000 0.367946
739 0.142000 0.367641
740 0.162000 0.367363
741 0.160000 0.367084
742 0.160000 0.366805
743 0.162000 0.366530
744 0.170000 0.366266
745 0.154000 0.365981
746 0.174000 0.365724
747 0.166000 0.365457
748 0.180000 0.365210
749 0.196000 0.364984
750 0.208000 0.364775
751 0.180000 0.364529
752 0.194000 0.364303
753 0.204000 0.364090
754 0.210000 0.363886
755 0.200000 0.363669
756 0.192000 0.363443
757 0.214000 0.363245
758 0.188000 0.363014
759 0.160000 0.362747
760 0.168000 0.362491
761 0.188000 0.362262
762 0.160000 0.361997
763 0.136000 0.361702
764 0.164000 0.361443
765 0.154000 0.361172
766 0.170000 0.360923
767 0.158000 0.360659
768 0.178000 0.360421
769 0.142000 0.360138
770 0.152000 0.359868
771 0.170000 0.359622
772 0.170000 0.359376
773 0.196000 0.359165
774 0.204000 0.358965
775 0.198000 0.358758
776 0.172000 0.358517
777 0.142000 0.358239
778 0.168000 0.357995
779 0.160000 0.357741
780 0.212000 0.357554
781 0.172000 0.357317
782 0.200000 0.357116
783 0.170000 0.356878
784 0.152000 0.356617
785 0.144000 0.356346
786 0.158000 0.356094
787 0.156000 0.355840
788 0.142000 0.355569
789 0.124000 0.355276
790 0.144000 0.355009
791 0.098000 0.354684
792 0.098000 0.354361
793 0.098000 0.354038
794 0.134000 0.353761
795 0.114000 0.353460
796 0.108000 0.353152
797 0.124000 0.352865
798 0.172000 0.352638
799 0.140000 0.352372
800 0.130000 0.352095
801 0.154000 0.351848
802 0.152000 0.351599
803 0.174000 0.351378
804 0.124000 0.351096
805 0.110000 0.350797
806 0.152000 0.350550
807 0.168000 0.350324
808 0.174000 0.350106
809 0.162000 0.349874
810 0.140000 0.349615
811 0.104000 0.349313
812 0.182000 0.349107
813 0.186000 0.348907
814 0.184000 0.348704
815 0.140000 0.348449
816 0.160000 0.348218
817 0.172000 0.348002
818 0.156000 0.347768
819 0.132000 0.347505
820 0.136000 0.347247
821 0.126000 0.346978
822 0.150000 0.346739
823 0.116000 0.346459
824 0.128000 0.346194
825 0.120000 0.345920
826 0.136000 0.345666
827 0.118000 0.345391
828 0.084000 0.345076
829 0.112000 0.344795
830 0.124000 0.344529
831 0.114000 0.344252
832 0.130000 0.343995
833 0.168000 0.343784
834 0.140000 0.343540
835 0.142000 0.343299
836 0.128000 0.343042
837 0.174000 0.342840
838 0.166000 0.342629
839 0.188000 0.342445
840 0.168000 0.342238
841 0.144000 0.342002
842 0.142000 0.341765
843 0.128000 0.341512
844 0.140000 0.341273
845 0.130000 0.341024
846 0.144000 0.340791
847 0.182000 0.340604
848 0.146000 0.340375
849 0.114000 0.340108
850 0.120000 0.339850
851 0.104000 0.339573
852 0.130000 0.339327
853 0.120000 0.339070
854 0.160000 0.338861
855 0.142000 0.338631
856 0.156000 0.338418
857 0.142000 0.338189
858 0.176000 0.338000
859 0.128000 0.337756
860 0.148000 0.337535
861 0.150000 0.337318
862 0.140000 0.337089
863 0.160000 0.336884
864 0.156000 0.336675
865 0.176000 0.336490
866 0.180000 0.336309
867 0.166000 0.336113
868 0.156000 0.335906
869 0.166000 0.335710
870 0.138000 0.335483
871 0.140000 0.335259
872 0.128000 0.335022
873 0.158000 0.334819
874 0.130000 0.334585
875 0.142000 0.334365
876 0.162000 0.334169
877 0.154000 0.333964
878 0.134000 0.333736
879 0.142000 0.333518
880 0.142000 0.333301
881 0.142000 0.333084
882 0.154000 0.332881
883 0.112000 0.332631
884 0.114000 0.332384
885 0.098000 0.332120
886 0.146000 0.331910
887 0.124000 0.331676
888 0.182000 0.331507
889 0.160000 0.331315
890 0.136000 0.331095
891 0.128000 0.330868
892 0.146000 0.330661
893 0.148000 0.330456
894 0.136000 0.330239
895 0.128000 0.330013
896 0.136000 0.329797
897 0.184000 0.329635
898 0.172000 0.329459
899 0.172000 0.329284
900 0.130000 0.329063
901 0.098000 0.328807
902 0.120000 0.328576
903 0.140000 0.328367
904 0.152000 0.328172
905 0.156000 0.327982
906 0.136000 0.327771
907 0.088000 0.327507
908 0.108000 0.327265
909 0.108000 0.327024
910 0.024000 0.326692
911 0.050000 0.326388
912 0.060000 0.326096
913 0.082000 0.325829
914 0.076000 0.325556
915 0.078000 0.325286
916 0.060000 0.324997
917 0.090000 0.324741
918 0.080000 0.324474
919 0.070000 0.324198
920 0.104000 0.323959
921 0.098000 0.323714
922 0.120000 0.323493
923 0.120000 0.323273
924 0.130000 0.323064
925 0.162000 0.322890
926 0.134000 0.322686
927 0.096000 0.322442
928 0.134000 0.322239
929 0.144000 0.322047
930 0.126000 0.321837
931 0.122000 0.321622
932 0.132000 0.321419
933 0.160000 0.321246
934 0.128000 0.321040
935 0.130000 0.320835
936 0.136000 0.320638
937 0.132000 0.320437
938 0.152000 0.320258
939 0.124000 0.320049
940 0.138000 0.319855
941 0.112000 0.319635
942 0.102000 0.319404
943 0.082000 0.319153
944 0.106000 0.318927
945 0.064000 0.318658
946 0.100000 0.318427
947 0.102000 0.318198
948 0.100000 0.317968
949 0.110000 0.317749
950 0.100000 0.317521
951 0.112000 0.317305
952 0.076000 0.317051
953 0.082000 0.316805
954 0.110000 0.316588
955 0.088000 0.316349
956 0.072000 0.316094
957 0.058000 0.315825
958 0.058000 0.315556
959 0.088000 0.315319
960 0.090000 0.315084
961 0.098000 0.314859
962 0.110000 0.314646
963 0.098000 0.314421
964 0.112000 0.314211
965 0.108000 0.313998
966 0.096000 0.313772
967 0.090000 0.313541
968 0.112000 0.313333
969 0.102000 0.313115
970 0.092000 0.312888
971 0.108000 0.312677
972 0.082000 0.312440
973 0.110000 0.312232
974 0.128000 0.312043
975 0.094000 0.311820
976 0.088000 0.311591
977 0.098000 0.311372
978 0.094000 0.311150
979 0.116000 0.310951
980 0.122000 0.310758
981 0.094000 0.310538
982 0.080000 0.310303
983 0.102000 0.310091
984 0.140000 0.309919
985 0.114000 0.309720
986 0.108000 0.309516
987 0.112000 0.309316
988 0.112000 0.309116
989 0.116000 0.308921
990 0.112000 0.308723
991 0.112000 0.308524
992 0.122000 0.308336
993 0.142000 0.308169
994 0.120000 0.307980
995 0.124000 0.307795
996 0.102000 0.307589
997 0.072000 0.307353
998 0.150000 0.307195
999 0.142000 0.307030
