0 1.000000 1.000000
1 0.984000 0.992000
2 0.956000 0.980000
3 0.938000 0.969500
4 0.910000 0.957600
5 0.916000 0.950667
6 0.930000 0.947714
7 0.924000 0.944750
8 0.920000 0.942000
9 0.894000 0.937200
10 0.916000 0.935273
11 0.912000 0.933333
12 0.918000 0.932154
13 0.912000 0.930714
14 0.902000 0.928800
15 0.886000 0.926125
16 0.880000 0.923412
17 0.886000 0.921333
18 0.880000 0.919158
19 0.880000 0.917200
20 0.896000 0.916190
21 0.888000 0.914909
22 0.890000 0.913826
23 0.890000 0.912833
24 0.900000 0.912320
25 0.886000 0.911308
26 0.886000 0.910370
27 0.882000 0.909357
28 0.890000 0.908690
29 0.878000 0.907667
30 0.872000 0.906516
31 0.864000 0.905188
32 0.852000 0.903576
33 0.866000 0.902471
34 0.876000 0.901714
35 0.858000 0.900500
36 0.870000 0.899676
37 0.866000 0.898789
38 0.864000 0.897897
39 0.860000 0.896950
40 0.842000 0.895610
41 0.860000 0.894762
42 0.878000 0.894372
43 0.876000 0.893955
44 0.894000 0.893956
45 0.882000 0.893696
46 0.884000 0.893489
47 0.878000 0.893167
48 0.878000 0.892857
49 0.886000 0.892720
50 0.864000 0.892157
51 0.894000 0.892192
52 0.890000 0.892151
53 0.876000 0.891852
54 0.886000 0.891745
55 0.886000 0.891643
56 0.888000 0.891579
57 0.902000 0.891759
58 0.872000 0.891424
59 0.876000 0.891167
60 0.876000 0.890918
61 0.870000 0.890581
62 0.860000 0.890095
63 0.866000 0.889719
64 0.888000 0.889692
65 0.868000 0.889364
66 0.854000 0.888836
67 0.868000 0.888529
68 0.878000 0.888377
69 0.856000 0.887914
70 0.872000 0.887690
71 0.878000 0.887556
72 0.862000 0.887205
73 0.864000 0.886892
74 0.874000 0.886720
75 0.884000 0.886684
76 0.854000 0.886260
77 0.862000 0.885949
78 0.846000 0.885443
79 0.846000 0.884950
80 0.872000 0.884790
81 0.856000 0.884439
82 0.852000 0.884048
83 0.858000 0.883738
84 0.856000 0.883412
85 0.842000 0.882930
86 0.834000 0.882368
87 0.850000 0.882000
88 0.862000 0.881775
89 0.868000 0.881622
90 0.868000 0.881473
91 0.860000 0.881239
92 0.858000 0.880989
93 0.870000 0.880872
94 0.874000 0.880800
95 0.856000 0.880542
96 0.852000 0.880247
97 0.844000 0.879878
98 0.850000 0.879576
99 0.850000 0.879280
100 0.854000 0.879030
101 0.862000 0.878863
102 0.850000 0.878583
103 0.860000 0.878404
104 0.872000 0.878343
105 0.858000 0.878151
106 0.858000 0.877963
107 0.876000 0.877944
108 0.886000 0.878018
109 0.868000 0.877927
110 0.870000 0.877856
111 0.854000 0.877643
112 0.864000 0.877522
113 0.876000 0.877509
114 0.872000 0.877461
115 0.876000 0.877448
116 0.858000 0.877282
117 0.866000 0.877186
118 0.874000 0.877160
119 0.868000 0.877083
120 0.860000 0.876942
121 0.852000 0.876738
122 0.862000 0.876618
123 0.860000 0.876484
124 0.858000 0.876336
125 0.876000 0.876333
126 0.872000 0.876299
127 0.884000 0.876359
128 0.882000 0.876403
129 0.894000 0.876538
130 0.844000 0.876290
131 0.866000 0.876212
132 0.864000 0.876120
133 0.864000 0.876030
134 0.868000 0.875970
135 0.872000 0.875941
136 0.882000 0.875985
137 0.850000 0.875797
138 0.882000 0.875842
139 0.882000 0.875886
140 0.862000 0.875787
141 0.862000 0.875690
142 0.862000 0.875594
143 0.844000 0.875375
144 0.856000 0.875241
145 0.850000 0.875068
146 0.852000 0.874912
147 0.868000 0.874865
148 0.864000 0.874792
149 0.878000 0.874813
150 0.848000 0.874636
151 0.856000 0.874513
152 0.852000 0.874366
153 0.872000 0.874351
154 0.854000 0.874219
155 0.854000 0.874090
156 0.838000 0.873860
157 0.850000 0.873709
158 0.848000 0.873547
159 0.848000 0.873388
160 0.862000 0.873317
161 0.866000 0.873272
162 0.858000 0.873178
163 0.872000 0.873171
164 0.868000 0.873139
165 0.858000 0.873048
166 0.888000 0.873138
167 0.850000 0.873000
168 0.862000 0.872935
169 0.852000 0.872812
170 0.844000 0.872643
171 0.878000 0.872674
172 0.860000 0.872601
173 0.868000 0.872575
174 0.884000 0.872640
175 0.868000 0.872614
176 0.858000 0.872531
177 0.872000 0.872528
178 0.846000 0.872380
179 0.872000 0.872378
180 0.864000 0.872331
181 0.874000 0.872341
182 0.864000 0.872295
183 0.848000 0.872163
184 0.862000 0.872108
185 0.870000 0.872097
186 0.876000 0.872118
187 0.856000 0.872032
188 0.856000 0.871947
189 0.870000 0.871937
190 0.854000 0.871843
191 0.860000 0.871781
192 0.862000 0.871731
193 0.884000 0.871794
194 0.844000 0.871651
195 0.868000 0.871633
196 0.880000 0.871675
197 0.862000 0.871626
198 0.842000 0.871477
199 0.850000 0.871370
200 0.868000 0.871353
201 0.864000 0.871317
202 0.864000 0.871281
203 0.882000 0.871333
204 0.870000 0.871327
205 0.872000 0.871330
206 0.880000 0.871372
207 0.884000 0.871433
208 0.884000 0.871493
209 0.874000 0.871505
210 0.850000 0.871403
211 0.850000 0.871302
212 0.876000 0.871324
213 0.860000 0.871271
214 0.860000 0.871219
215 0.880000 0.871259
216 0.870000 0.871253
217 0.874000 0.871266
218 0.866000 0.871242
219 0.870000 0.871236
220 0.864000 0.871204
221 0.848000 0.871099
222 0.856000 0.871031
223 0.862000 0.870991
224 0.876000 0.871013
225 0.856000 0.870947
226 0.878000 0.870978
227 0.880000 0.871018
228 0.884000 0.871074
229 0.884000 0.871130
230 0.878000 0.871160
231 0.886000 0.871224
232 0.884000 0.871279
233 0.868000 0.871265
234 0.864000 0.871234
235 0.890000 0.871314
236 0.900000 0.871435
237 0.870000 0.871429
238 0.880000 0.871464
239 0.892000 0.871550
240 0.870000 0.871544
241 0.858000 0.871488
242 0.848000 0.871391
243 0.872000 0.871393
244 0.836000 0.871249
245 0.870000 0.871244
246 0.866000 0.871223
247 0.868000 0.871210
248 0.856000 0.871149
249 0.852000 0.871072
250 0.866000 0.871052
251 0.848000 0.870960
252 0.874000 0.870972
253 0.862000 0.870937
254 0.866000 0.870918
255 0.882000 0.870961
256 0.878000 0.870988
257 0.850000 0.870907
258 0.866000 0.870888
259 0.846000 0.870792
260 0.874000 0.870805
261 0.864000 0.870779
262 0.858000 0.870730
263 0.854000 0.870667
264 0.842000 0.870558
265 0.868000 0.870549
266 0.862000 0.870517
267 0.872000 0.870522
268 0.866000 0.870506
269 0.862000 0.870474
270 0.868000 0.870465
271 0.852000 0.870397
272 0.872000 0.870403
273 0.880000 0.870438
274 0.880000 0.870473
275 0.864000 0.870449
276 0.894000 0.870534
277 0.876000 0.870554
278 0.886000 0.870609
279 0.868000 0.870600
280 0.866000 0.870584
281 0.872000 0.870589
282 0.868000 0.870580
283 0.868000 0.870570
284 0.850000 0.870498
285 0.850000 0.870427
286 0.866000 0.870411
287 0.854000 0.870354
288 0.874000 0.870367
289 0.866000 0.870352
290 0.854000 0.870296
291 0.852000 0.870233
292 0.864000 0.870212
293 0.884000 0.870259
294 0.898000 0.870353
295 0.890000 0.870419
296 0.876000 0.870438
297 0.890000 0.870503
298 0.888000 0.870562
299 0.878000 0.870587
300 0.872000 0.870591
301 0.846000 0.870510
302 0.858000 0.870469
303 0.878000 0.870493
304 0.890000 0.870557
305 0.868000 0.870549
306 0.864000 0.870528
307 0.860000 0.870494
308 0.896000 0.870576
309 0.892000 0.870645
310 0.856000 0.870598
311 0.864000 0.870577
312 0.860000 0.870543
313 0.850000 0.870478
314 0.844000 0.870394
315 0.854000 0.870342
316 0.874000 0.870353
317 0.872000 0.870358
318 0.866000 0.870345
319 0.874000 0.870356
320 0.876000 0.870374
321 0.864000 0.870354
322 0.864000 0.870334
323 0.882000 0.870370
324 0.874000 0.870382
325 0.882000 0.870417
326 0.878000 0.870440
327 0.854000 0.870390
328 0.832000 0.870274
329 0.846000 0.870200
330 0.858000 0.870163
331 0.886000 0.870211
332 0.868000 0.870204
333 0.880000 0.870234
334 0.846000 0.870161
335 0.854000 0.870113
336 0.848000 0.870047
337 0.878000 0.870071
338 0.872000 0.870077
339 0.888000 0.870129
340 0.882000 0.870164
341 0.872000 0.870170
342 0.864000 0.870152
343 0.884000 0.870192
344 0.874000 0.870203
345 0.856000 0.870162
346 0.866000 0.870150
347 0.874000 0.870161
348 0.868000 0.870155
349 0.874000 0.870166
350 0.868000 0.870160
351 0.874000 0.870170
352 0.894000 0.870238
353 0.878000 0.870260
354 0.896000 0.870332
355 0.872000 0.870337
356 0.856000 0.870297
357 0.868000 0.870291
358 0.888000 0.870340
359 0.892000 0.870400
360 0.878000 0.870421
361 0.896000 0.870492
362 0.888000 0.870540
363 0.888000 0.870588
364 0.876000 0.870603
365 0.862000 0.870579
366 0.850000 0.870523
367 0.878000 0.870543
368 0.904000 0.870634
369 0.896000 0.870703
370 0.888000 0.870749
371 0.874000 0.870758
372 0.882000 0.870788
373 0.870000 0.870786
374 0.900000 0.870864
375 0.902000 0.870947
376 0.878000 0.870966
377 0.858000 0.870931
378 0.854000 0.870887
379 0.874000 0.870895
380 0.864000 0.870877
381 0.890000 0.870927
382 0.884000 0.870961
383 0.888000 0.871005
384 0.880000 0.871029
385 0.870000 0.871026
386 0.874000 0.871034
387 0.872000 0.871036
388 0.860000 0.871008
389 0.846000 0.870944
390 0.880000 0.870967
391 0.888000 0.871010
392 0.894000 0.871069
393 0.896000 0.871132
394 0.882000 0.871159
395 0.866000 0.871146
396 0.872000 0.871149
397 0.862000 0.871126
398 0.866000 0.871113
399 0.876000 0.871125
400 0.884000 0.871157
401 0.892000 0.871209
402 0.896000 0.871270
403 0.886000 0.871307
404 0.876000 0.871319
405 0.846000 0.871256
406 0.862000 0.871233
407 0.870000 0.871230
408 0.870000 0.871227
409 0.844000 0.871161
410 0.866000 0.871148
411 0.830000 0.871049
412 0.820000 0.870925
413 0.856000 0.870889
414 0.860000 0.870863
415 0.870000 0.870861
416 0.874000 0.870868
417 0.884000 0.870900
418 0.890000 0.870945
419 0.866000 0.870933
420 0.878000 0.870950
421 0.884000 0.870981
422 0.868000 0.870974
423 0.864000 0.870958
424 0.876000 0.870969
425 0.860000 0.870944
426 0.868000 0.870937
427 0.868000 0.870930
428 0.868000 0.870923
429 0.844000 0.870860
430 0.870000 0.870858
431 0.874000 0.870866
432 0.880000 0.870887
433 0.862000 0.870866
434 0.850000 0.870818
435 0.878000 0.870835
436 0.858000 0.870805
437 0.872000 0.870808
438 0.870000 0.870806
439 0.860000 0.870782
440 0.858000 0.870753
441 0.874000 0.870760
442 0.884000 0.870790
443 0.856000 0.870757
444 0.866000 0.870746
445 0.874000 0.870753
446 0.878000 0.870770
447 0.888000 0.870808
448 0.878000 0.870824
449 0.872000 0.870827
450 0.856000 0.870794
451 0.880000 0.870814
452 0.856000 0.870781
453 0.876000 0.870793
454 0.882000 0.870818
455 0.890000 0.870860
456 0.906000 0.870937
457 0.900000 0.871000
458 0.894000 0.871050
459 0.894000 0.871100
460 0.880000 0.871119
461 0.870000 0.871117
462 0.866000 0.871106
463 0.888000 0.871142
464 0.882000 0.871166
465 0.868000 0.871159
466 0.872000 0.871161
467 0.892000 0.871205
468 0.888000 0.871241
469 0.862000 0.871221
470 0.866000 0.871210
471 0.878000 0.871225
472 0.870000 0.871222
473 0.870000 0.871219
474 0.880000 0.871238
475 0.878000 0.871252
476 0.868000 0.871245
477 0.858000 0.871218
478 0.842000 0.871157
479 0.836000 0.871083
480 0.844000 0.871027
481 0.854000 0.870992
482 0.868000 0.870986
483 0.872000 0.870988
484 0.860000 0.870965
485 0.854000 0.870930
486 0.864000 0.870916
487 0.868000 0.870910
488 0.876000 0.870920
489 0.890000 0.870959
490 0.894000 0.871006
491 0.886000 0.871037
492 0.896000 0.871087
493 0.892000 0.871130
494 0.896000 0.871180
495 0.862000 0.871161
496 0.872000 0.871163
497 0.870000 0.871161
498 0.872000 0.871162
499 0.854000 0.871128
500 0.856000 0.871098
501 0.880000 0.871116
502 0.882000 0.871137
503 0.884000 0.871163
504 0.892000 0.871204
505 0.856000 0.871174
506 0.868000 0.871168
507 0.876000 0.871177
508 0.858000 0.871151
509 0.860000 0.871129
510 0.868000 0.871123
511 0.852000 0.871086
512 0.842000 0.871029
513 0.832000 0.870953
514 0.840000 0.870893
515 0.848000 0.870849
516 0.854000 0.870816
517 0.850000 0.870776
518 0.836000 0.870709
519 0.856000 0.870681
520 0.862000 0.870664
521 0.850000 0.870625
522 0.848000 0.870581
523 0.844000 0.870531
524 0.848000 0.870488
525 0.828000 0.870407
526 0.874000 0.870414
527 0.894000 0.870458
528 0.894000 0.870503
529 0.844000 0.870453
530 0.848000 0.870411
531 0.848000 0.870368
532 0.880000 0.870386
533 0.864000 0.870375
534 0.860000 0.870355
535 0.864000 0.870343
536 0.866000 0.870335
537 0.880000 0.870353
538 0.884000 0.870378
539 0.886000 0.870407
540 0.880000 0.870425
541 0.870000 0.870424
542 0.862000 0.870409
543 0.858000 0.870386
544 0.856000 0.870360
545 0.858000 0.870337
546 0.882000 0.870358
547 0.882000 0.870380
548 0.868000 0.870375
549 0.856000 0.870349
550 0.848000 0.870309
551 0.852000 0.870275
552 0.860000 0.870257
553 0.836000 0.870195
554 0.842000 0.870144
555 0.856000 0.870119
556 0.830000 0.870047
557 0.854000 0.870018
558 0.856000 0.869993
559 0.858000 0.869971
560 0.860000 0.869954
561 0.870000 0.869954
562 0.878000 0.869968
563 0.848000 0.869929
564 0.850000 0.869894
565 0.842000 0.869845
566 0.856000 0.869820
567 0.844000 0.869775
568 0.836000 0.869715
569 0.856000 0.869691
570 0.864000 0.869681
571 0.854000 0.869654
572 0.860000 0.869637
573 0.832000 0.869571
574 0.866000 0.869565
575 0.856000 0.869542
576 0.842000 0.869494
577 0.832000 0.869429
578 0.842000 0.869382
579 0.866000 0.869376
580 0.854000 0.869349
581 0.854000 0.869323
582 0.860000 0.869307
583 0.850000 0.869274
584 0.872000 0.869279
585 0.870000 0.869280
586 0.860000 0.869264
587 0.854000 0.869238
588 0.872000 0.869243
589 0.888000 0.869275
590 0.866000 0.869269
591 0.876000 0.869280
592 0.874000 0.869288
593 0.874000 0.869296
594 0.874000 0.869304
595 0.872000 0.869309
596 0.858000 0.869290
597 0.862000 0.869278
598 0.850000 0.869245
599 0.870000 0.869247
600 0.844000 0.869205
601 0.864000 0.869196
602 0.868000 0.869194
603 0.870000 0.869195
604 0.870000 0.869197
605 0.868000 0.869195
606 0.864000 0.869186
607 0.858000 0.869168
608 0.858000 0.869149
609 0.874000 0.869157
610 0.868000 0.869155
611 0.860000 0.869141
612 0.878000 0.869155
613 0.884000 0.869179
614 0.894000 0.869220
615 0.880000 0.869237
616 0.878000 0.869251
617 0.864000 0.869243
618 0.854000 0.869218
619 0.870000 0.869219
620 0.864000 0.869211
621 0.852000 0.869183
622 0.834000 0.869127
623 0.866000 0.869122
624 0.878000 0.869136
625 0.858000 0.869118
626 0.874000 0.869126
627 0.848000 0.869092
628 0.858000 0.869075
629 0.862000 0.869063
630 0.866000 0.869059
631 0.862000 0.869047
632 0.846000 0.869011
633 0.840000 0.868965
634 0.868000 0.868964
635 0.876000 0.868975
636 0.860000 0.868961
637 0.864000 0.868953
638 0.852000 0.868926
639 0.846000 0.868891
640 0.856000 0.868871
641 0.874000 0.868879
642 0.840000 0.868834
643 0.862000 0.868823
644 0.868000 0.868822
645 0.876000 0.868833
646 0.902000 0.868884
647 0.886000 0.868910
648 0.882000 0.868931
649 0.876000 0.868942
650 0.876000 0.868952
651 0.894000 0.868991
652 0.862000 0.868980
653 0.878000 0.868994
654 0.868000 0.868992
655 0.862000 0.868982
656 0.852000 0.868956
657 0.854000 0.868933
658 0.854000 0.868910
659 0.848000 0.868879
660 0.850000 0.868850
661 0.852000 0.868825
662 0.856000 0.868805
663 0.860000 0.868792
664 0.872000 0.868797
665 0.866000 0.868793
666 0.846000 0.868759
667 0.864000 0.868751
668 0.876000 0.868762
669 0.850000 0.868734
670 0.862000 0.868724
671 0.850000 0.868696
672 0.866000 0.868692
673 0.864000 0.868685
674 0.880000 0.868702
675 0.880000 0.868719
676 0.872000 0.868724
677 0.870000 0.868726
678 0.866000 0.868722
679 0.880000 0.868738
680 0.878000 0.868752
681 0.894000 0.868789
682 0.880000 0.868805
683 0.886000 0.868830
684 0.874000 0.868838
685 0.880000 0.868854
686 0.886000 0.868879
687 0.862000 0.868869
688 0.892000 0.868903
689 0.874000 0.868910
690 0.874000 0.868918
691 0.860000 0.868905
692 0.854000 0.868883
693 0.880000 0.868899
694 0.870000 0.868901
695 0.878000 0.868914
696 0.868000 0.868912
697 0.874000 0.868920
698 0.868000 0.868918
699 0.890000 0.868949
700 0.896000 0.868987
701 0.856000 0.868969
702 0.846000 0.868936
703 0.838000 0.868892
704 0.872000 0.868896
705 0.882000 0.868915
706 0.884000 0.868936
707 0.876000 0.868946
708 0.874000 0.868953
709 0.864000 0.868946
710 0.898000 0.868987
711 0.878000 0.869000
712 0.868000 0.868999
713 0.864000 0.868992
714 0.860000 0.868979
715 0.858000 0.868964
716 0.866000 0.868960
717 0.864000 0.868953
718 0.898000 0.868993
719 0.894000 0.869028
720 0.876000 0.869037
721 0.882000 0.869055
722 0.886000 0.869079
723 0.888000 0.869105
724 0.878000 0.869117
725 0.868000 0.869116
726 0.874000 0.869122
727 0.892000 0.869154
728 0.894000 0.869188
729 0.886000 0.869211
730 0.894000 0.869245
731 0.874000 0.869251
732 0.878000 0.869263
733 0.872000 0.869267
734 0.870000 0.869268
735 0.860000 0.869255
736 0.864000 0.869248
737 0.860000 0.869236
738 0.842000 0.869199
739 0.858000 0.869184
740 0.844000 0.869150
741 0.866000 0.869146
742 0.884000 0.869166
743 0.884000 0.869185
744 0.892000 0.869216
745 0.880000 0.869231
746 0.866000 0.869226
747 0.884000 0.869246
748 0.874000 0.869252
749 0.858000 0.869237
750 0.842000 0.869201
751 0.850000 0.869176
752 0.860000 0.869163
753 0.846000 0.869133
754 0.870000 0.869134
755 0.858000 0.869119
756 0.872000 0.869123
757 0.880000 0.869137
758 0.876000 0.869146
759 0.880000 0.869161
760 0.908000 0.869212
761 0.904000 0.869257
762 0.872000 0.869261
763 0.866000 0.869257
764 0.872000 0.869260
765 0.878000 0.869272
766 0.888000 0.869296
767 0.870000 0.869297
768 0.876000 0.869306
769 0.876000 0.869314
770 0.876000 0.869323
771 0.870000 0.869324
772 0.870000 0.869325
773 0.890000 0.869351
774 0.886000 0.869373
775 0.884000 0.869392
776 0.862000 0.869382
777 0.858000 0.869368
778 0.866000 0.869363
779 0.860000 0.869351
780 0.870000 0.869352
781 0.888000 0.869376
782 0.882000 0.869392
783 0.864000 0.869385
784 0.862000 0.869376
785 0.888000 0.869399
786 0.896000 0.869433
787 0.878000 0.869444
788 0.900000 0.869483
789 0.886000 0.869504
790 0.890000 0.869530
791 0.878000 0.869540
792 0.880000 0.869554
793 0.882000 0.869569
794 0.866000 0.869565
795 0.868000 0.869563
796 0.852000 0.869541
797 0.868000 0.869539
798 0.880000 0.869552
799 0.858000 0.869538
800 0.888000 0.869561
801 0.860000 0.869549
802 0.870000 0.869549
803 0.838000 0.869510
804 0.862000 0.869501
805 0.838000 0.869462
806 0.882000 0.869477
807 0.874000 0.869483
808 0.872000 0.869486
809 0.860000 0.869474
810 0.870000 0.869475
811 0.850000 0.869451
812 0.878000 0.869461
813 0.900000 0.869499
814 0.870000 0.869499
815 0.880000 0.869512
816 0.868000 0.869510
817 0.874000 0.869516
818 0.864000 0.869509
819 0.868000 0.869507
820 0.852000 0.869486
821 0.848000 0.869460
822 0.892000 0.869487
823 0.868000 0.869485
824 0.872000 0.869488
825 0.884000 0.869506
826 0.860000 0.869495
827 0.858000 0.869481
828 0.870000 0.869481
829 0.874000 0.869487
830 0.862000 0.869478
831 0.854000 0.869459
832 0.874000 0.869465
833 0.848000 0.869439
834 0.838000 0.869401
835 0.864000 0.869395
836 0.864000 0.869388
837 0.860000 0.869377
838 0.866000 0.869373
839 0.870000 0.869374
840 0.830000 0.869327
841 0.850000 0.869304
842 0.836000 0.869265
843 0.846000 0.869237
844 0.854000 0.869219
845 0.836000 0.869180
846 0.844000 0.869150
847 0.852000 0.869130
848 0.860000 0.869119
849 0.856000 0.869104
850 0.878000 0.869114
851 0.888000 0.869136
852 0.896000 0.869168
853 0.886000 0.869187
854 0.878000 0.869198
855 0.900000 0.869234
856 0.878000 0.869244
857 0.874000 0.869249
858 0.868000 0.869248
859 0.870000 0.869249
860 0.874000 0.869254
861 0.864000 0.869248
862 0.866000 0.869244
863 0.870000 0.869245
864 0.862000 0.869237
865 0.870000 0.869238
866 0.866000 0.869234
867 0.884000 0.869251
868 0.914000 0.869303
869 0.888000 0.869324
870 0.882000 0.869339
871 0.882000 0.869353
872 0.862000 0.869345
873 0.882000 0.869359
874 0.884000 0.869376
875 0.886000 0.869395
876 0.896000 0.869425
877 0.884000 0.869442
878 0.880000 0.869454
879 0.876000 0.869461
880 0.882000 0.869476
881 0.874000 0.869481
882 0.862000 0.869472
883 0.864000 0.869466
884 0.848000 0.869442
885 0.848000 0.869418
886 0.874000 0.869423
887 0.868000 0.869421
888 0.842000 0.869390
889 0.862000 0.869382
890 0.856000 0.869367
891 0.864000 0.869361
892 0.856000 0.869346
893 0.870000 0.869347
894 0.882000 0.869361
895 0.864000 0.869355
896 0.870000 0.869356
897 0.852000 0.869336
898 0.846000 0.869310
899 0.838000 0.869276
900 0.846000 0.869250
901 0.846000 0.869224
902 0.852000 0.869205
903 0.890000 0.869228
904 0.890000 0.869251
905 0.884000 0.869267
906 0.880000 0.869279
907 0.872000 0.869282
908 0.870000 0.869283
909 0.874000 0.869288
910 0.872000 0.869291
911 0.896000 0.869320
912 0.882000 0.869334
913 0.886000 0.869352
914 0.872000 0.869355
915 0.876000 0.869362
916 0.882000 0.869376
917 0.878000 0.869386
918 0.878000 0.869395
919 0.892000 0.869420
920 0.916000 0.869470
921 0.894000 0.869497
922 0.880000 0.869508
923 0.874000 0.869513
924 0.856000 0.869498
925 0.856000 0.869484
926 0.874000 0.869489
927 0.878000 0.869498
928 0.854000 0.869481
929 0.866000 0.869477
930 0.874000 0.869482
931 0.902000 0.869517
932 0.890000 0.869539
933 0.868000 0.869537
934 0.878000 0.869547
935 0.868000 0.869545
936 0.870000 0.869545
937 0.876000 0.869552
938 0.886000 0.869570
939 0.872000 0.869572
940 0.874000 0.869577
941 0.854000 0.869561
942 0.844000 0.869533
943 0.852000 0.869515
944 0.872000 0.869517
945 0.860000 0.869507
946 0.856000 0.869493
947 0.852000 0.869475
948 0.848000 0.869452
949 0.856000 0.869438
950 0.876000 0.869445
951 0.850000 0.869424
952 0.860000 0.869414
953 0.866000 0.869411
954 0.892000 0.869435
955 0.870000 0.869435
956 0.866000 0.869432
957 0.850000 0.869411
958 0.852000 0.869393
959 0.856000 0.869379
960 0.846000 0.869355
961 0.866000 0.869351
962 0.868000 0.869350
963 0.860000 0.869340
964 0.840000 0.869310
965 0.844000 0.869284
966 0.868000 0.869282
967 0.860000 0.869273
968 0.846000 0.869249
969 0.856000 0.869235
970 0.872000 0.869238
971 0.832000 0.869200
972 0.866000 0.869196
973 0.876000 0.869203
974 0.856000 0.869190
975 0.868000 0.869189
976 0.860000 0.869179
977 0.862000 0.869172
978 0.854000 0.869156
979 0.860000 0.869147
980 0.836000 0.869113
981 0.860000 0.869104
982 0.860000 0.869095
983 0.866000 0.869091
984 0.852000 0.869074
985 0.864000 0.869069
986 0.850000 0.869050
987 0.832000 0.869012
988 0.848000 0.868991
989 0.856000 0.868978
990 0.860000 0.868969
991 0.858000 0.868958
992 0.874000 0.868963
993 0.854000 0.868948
994 0.874000 0.868953
995 0.886000 0.868970
996 0.862000 0.868963
997 0.872000 0.868966
998 0.884000 0.868981
999 0.864000 0.868976
